77
63
77
19
16
78
76
78
77
78
75
78
78
79
78
79
20
20
78
64
76
78
76
77
77
76
79
75
78
76
79
75
77
76
78
75
77
76
77
77
76
77
76
17
13
77
78
78
77
77
76
77
78
78
18
78
78
77
78
15
77
78
77
77
17
77
77
79
78
77
76
77
75
78
77
67
78
78
70
71
63
78
17
77
77
77
14
17
77
78
76
78
76
77
63
79
70
77
78
78
17
17
18
62
77
77
78
19
63
78
78
59
71
69
77
63
69
78
77
78
78
77
22
71
61
77
77
61
12
70
69
78
17
78
70
76
79
77
71
77
77
79
77
17
71
18
78
78
7
12
14
78
77
70
70
78
78
78
17
78
17
77
19
79
12
18
18
61
71
18
69
15
78
69
69
78
69
77
70
17
70
17
70
17
70
18
64
79
68
77
77
78
71
15
10
78
70
77
79
70
78
77
70
79
5
17
77
79
77
77
14
78
17
78
77
16
17
77
77
64
78
76
76
63
77
7
77
79
17
78
15
19
18
4
77
79
15
64
77
77
78
71
76
76
70
78
7
20
64
11
79
20
77
78
15
5
17
78
77
77
77
78
17
70
79
7
19
79
78
70
19
19
76
13
6
15
12
78
12
77
78
76
79
77
15
78
8
78
17
7
12
78
17
13
13
16
15
11
14
13
76
75
76
77
16
18
76
6
17
17
6
20
77
18
76
6
5
6
11
77
11
77
11
77
79
79
7
79
79
7
79
79
5
13
13
13
19
15
5
18
77
78
79
12
12
7
71
5
14
12
78
78
78
17
5
15
18
