77
77
76
78
77
20
75
79
77
77
77
77
78
76
77
78
76
20
78
69
77
78
77
77
77
75
76
15
20
77
78
77
77
75
77
77
77
77
69
77
63
78
78
76
78
78
77
77
76
79
70
64
76
77
75
77
76
77
78
78
77
69
76
63
76
79
78
78
79
77
78
77
77
76
71
76
76
75
77
76
77
71
78
76
69
77
78
76
76
78
77
78
77
78
77
78
77
71
77
77
75
75
76
76
79
78
77
76
77
75
76
79
78
76
78
77
78
77
76
20
15
66
20
15
66
76
77
77
76
77
77
77
77
76
77
77
76
76
77
76
78
77
71
20
77
79
78
76
79
78
79
77
78
79
77
22
70
79
69
76
78
78
76
76
77
78
79
76
16
71
76
79
77
71
76
78
79
77
76
78
76
64
76
78
76
76
76
76
78
78
59
14
16
77
78
77
70
78
69
79
77
76
77
71
71
78
78
77
77
77
17
78
79
57
18
15
75
79
71
77
77
20
79
67
78
76
16
78
77
78
76
77
76
76
16
79
15
79
15
65
78
77
71
79
76
77
77
78
76
69
76
63
78
77
77
77
14
15
18
12
18
15
76
78
62
70
78
69
77
68
76
76
17
76
76
76
76
78
76
76
78
70
17
78
64
76
63
70
69
78
69
78
77
78
78
19
71
76
78
76
76
76
77
12
16
76
79
77
15
69
14
79
76
70
16
71
70
62
77
76
76
77
76
77
76
76
16
79
77
78
78
57
70
16
78
76
71
16
78
77
70
76
77
63
77
76
76
75
76
69
63
76
78
69
17
78
16
79
76
63
17
71
17
63
76
77
78
77
76
76
76
76
70
78
75
79
78
15
60
18
79
76
77
18
78
69
62
78
77
71
76
78
76
76
77
77
78
75
78
78
76
60
69
79
22
70
18
79
18
79
18
76
77
78
75
76
76
70
70
16
12
16
70
15
70
77
69
75
70
78
62
75
76
77
77
77
76
76
76
77
77
78
78
58
16
78
15
61
16
79
76
76
13
78
76
76
20
77
64
76
75
14
76
13
15
15
70
15
15
70
78
11
69
17
78
11
69
14
76
76
76
76
76
75
76
76
20
14
18
17
13
14
75
75
74
75
75
75
17
69
13
77
16
76
78
77
76
76
77
79
69
17
77
14
71
22
78
77
70
20
71
14
78
15
70
77
77
76
77
75
76
76
18
14
15
15
12
17
22
62
77
69
69
63
12
77
13
76
17
76
77
77
76
76
76
16
15
76
12
18
15
79
63
70
69
69
61
68
67
14
76
13
76
77
76
77
24
76
17
77
76
69
71
77
70
77
64
69
69
70
68
78
71
71
14
77
76
76
76
77
76
71
77
77
77
71
77
71
70
70
70
70
70
76
76
64
78
71
77
76
77
76
61
76
75
76
79
78
70
78
61
69
71
79
76
71
78
61
76
63
76
76
77
77
76
76
77
62
12
76
78
62
78
62
16
12
79
76
13
14
69
70
78
71
77
76
76
76
77
16
71
77
17
78
69
78
63
16
13
78
76
16
17
10
78
77
17
78
77
77
76
76
16
77
77
16
78
70
63
63
14
16
79
76
12
16
14
69
78
17
77
78
76
75
76
76
70
77
76
12
14
70
63
16
78
69
76
14
70
75
75
15
69
70
76
76
76
76
12
76
15
12
15
14
79
63
12
16
79
76
12
14
12
76
14
20
76
78
76
75
76
70
70
17
13
16
78
17
63
70
14
60
76
78
14
75
76
78
76
77
78
77
76
77
77
13
12
12
15
11
16
71
14
15
71
12
12
14
12
76
11
76
78
76
77
76
75
77
67
12
8
14
14
79
71
17
15
78
60
14
16
6
76
16
63
76
76
75
77
77
76
67
16
10
70
68
77
78
70
15
78
68
77
14
6
71
78
61
76
77
77
78
14
76
14
78
10
77
75
77
78
71
19
78
13
78
16
6
16
77
78
70
78
78
76
75
75
76
12
4
77
61
78
78
77
75
19
78
76
77
20
5
70
69
76
75
77
76
14
76
12
16
6
71
75
71
19
70
75
14
18
14
76
18
6
21
76
62
20
76
77
76
75
77
78
77
61
8
76
76
63
6
71
78
77
62
70
77
76
76
77
77
76
78
69
16
70
15
7
14
67
6
6
77
61
11
5
71
14
4
14
68
11
77
71
77
76
67
17
16
67
7
11
67
13
6
16
69
16
6
12
62
5
13
60
16
16
76
76
77
77
62
12
67
14
12
12
76
8
13
11
70
6
14
69
12
13
71
76
18
76
77
76
76
16
17
16
16
17
76
16
7
12
76
16
7
12
76
12
19
76
12
19
76
76
