28 0 1 2 3 4 6 9 11 12 13 14 15
28 0 1 2 3 4 6 9 11 12 13 14 15
28 0 1 2 3 4 6 9 11 12 13 14 15
28 0 1 2 4 6 8 9 10 11 12 13 14
28 0 1 2 4 6 8 9 10 11 12 13 14
28 0 1 2 4 6 8 9 10 11 12 13 14
28 0 1 2 3 4 6 9 11 12 13 14 15
28 0 1 2 3 4 6 9 11 12 13 14 15
28 0 1 2 3 4 6 9 11 12 13 14 15
28 0 1 2 3 4 6 9 11 12 13 14 15
28 0 1 2 3 4 6 9 11 12 13 14 15
28 0 1 2 3 4 6 9 11 12 13 14 15
28 0 1 2 3 4 6 9 11 12 13 14 15
28 0 1 2 4 6 8 9 10 11 12 13 14
28 0 1 2 4 6 8 9 10 11 12 13 14
28 0 1 2 4 6 8 9 10 11 12 13 14
28 0 1 2 4 6 8 9 10 11 12 13 14
28 0 1 2 4 6 8 9 10 11 12 13 14
28 0 1 2 4 6 8 9 10 11 12 13 14
28 0 1 2 4 6 8 9 10 11 12 13 14
28 0 1 2 4 6 8 9 10 11 12 13 14
28 0 1 2 4 6 8 9 10 11 12 13 14
28 0 1 2 3 4 6 9 11 12 13 14 15
28 0 1 2 3 4 6 9 11 12 13 14 15
28 0 1 2 3 4 6 9 11 12 13 14 15
28 0 1 2 4 6 8 9 10 11 12 13 14
28 0 1 2 4 6 8 9 10 11 12 13 14
28 0 1 2 4 6 8 9 10 11 12 13 14
28 0 1 2 4 6 8 9 10 11 12 13 14
28 0 1 2 3 4 6 9 11 12 13 14 15
28 0 1 2 3 4 6 9 11 12 13 14 15
28 0 1 2 3 4 6 9 11 12 13 14 15
