2
6
7
9
11
13
16
8
13
11
5
16
13
16
3
13
16
4
9
15
16
7
15
5
15
15
5
3
5
16
5
3
5
13
16
8
11
5
13
4
9
13
2
4
5
15
16
19
4
10
16
20
5
16
8
3
1
8
12
0
21
6
1
11
6
15
14
16
2
13
2
16
2
12
9
5
6
12
19
4
3
4
5
1
15
1
3
8
15
17
19
6
15
2
17
6
17
19
4
4
13
1
2
10
11
13
14
17
19
1
10
14
7
14
15
18
2
11
13
16
13
15
18
6
10
11
12
11
3
6
16
19
17
1
1
13
17
17
6
4
7
10
17
6
10
11
3
19
3
11
14
17
17
17
20
0
21
4
18
15
18
4
4
11
19
13
4
6
17
18
2
18
13
15
14
7
18
19
20
14
4
15
4
5
17
7
15
0
7
21
1
5
19
5
5
17
5
7
7
6
11
15
21
17
21
3
5
7
7
7
3
2
3
11
15
3
21
2
3
10
3
5
6
10
19
21
2
17
1
10
1
10
4
7
2
20
2
5
10
14
4
5
16
4
4
3
18
19
19
3
19
19
5
20
6
5
19
20
19
20
14
2
10
14
3
14
0
1
8
12
18
21
0
1
3
6
10
14
17
18
20
21
8
11
12
14
17
12
17
16
3
13
20
21
10
14
4
4
1
17
14
15
19
10
4
20
18
17
11
15
20
19
11
15
5
11
17
9
15
17
13
6
9
18
6
20
2
3
7
1
13
0
0
1
6
1
10
10
10
18
20
10
18
0
3
3
11
10
14
20
18
19
3
9
19
20
7
9
9
14
20
10
11
12
13
14
9
12
6
15
8
8
16
13
10
10
4
7
5
8
12
16
13
16
16
16
1
7
1
20
1
12
16
4
15
3
4
12
18
11
14
14
14
9
13
8
14
11
17
7
8
7
19
21
20
5
17
12
17
1
12
17
18
20
17
17
10
14
10
14
9
18
9
18
3
10
18
13
18
10
13
10
12
7
15
20
8
10
18
19
9
2
6
2
17
0
2
9
11
13
14
0
8
6
7
8
2
19
4
6
7
8
2
3
6
10
0
2
6
8
0
2
3
6
0
5
6
20
2
6
9
0
9
20
4
11
0
9
17
2
6
9
21
3
9
6
13
20
2
6
2
0
2
13
16
18
21
0
1
20
0
2
4
21
0
2
19
20
0
1
20
0
6
21
0
1
0
13
17
21
6
12
21
4
12
18
21
2
8
21
0
17
1
2
3
4
16
17
18
19
1
3
6
7
8
9
10
11
13
14
21
11
12
14
16
17
19
20
2
3
6
7
9
10
11
15
19
21
7
8
9
18
21
3
7
9
10
14
19
21
7
9
10
11
15
16
18
21
2
3
7
9
13
14
16
19
21
0
1
8
12
13
20
21
2
11
13
14
21
2
8
12
13
17
19
21
1
2
8
12
13
16
21
1
2
4
8
9
12
13
16
0
7
8
19
20
0
1
5
8
10
12
14
16
19
21
0
1
3
5
7
15
19
0
8
9
20
0
5
8
21
1
3
5
8
11
15
1
20
4
21
1
11
12
0
1
8
11
12
19
21
1
8
11
12
20
21
0
6
6
21
6
8
18
17
21
8
11
15
6
0
4
18
9
6
9
4
9
14
15
20
0
21
5
6
7
8
9
10
0
12
15
18
20
0
2
3
5
8
9
15
14
18
0
11
13
14
15
16
19
11
18
5
13
14
19
11
14
15
1
19
0
1
3
5
10
14
15
16
4
10
11
15
0
15
17
21
16
4
7
8
12
16
5
7
12
16
4
7
12
16
18
12
16
3
10
11
14
19
14
8
12
16
17
21
8
12
18
7
12
18
20
8
9
12
4
11
12
4
7
12
8
9
9
20
20
12
5
2
19
1
18
3
7
13
18
20
1
18
21
0
13
16
20
5
13
7
7
15
5
5
12
14
11
18
20
7
17
10
4
5
9
15
9
9
9
15
18
12
16
