34 0 1 2 3 4 11 12 13 14 15 16 17
34 0 1 2 4 6 9 10 12 14 15 17 18
34 0 1 2 3 4 6 12 14 15 16 17 18
34 0 1 2 3 4 11 12 13 14 15 16 17
34 0 1 2 3 4 11 12 13 14 15 16 17
34 0 1 2 3 4 11 12 13 14 15 16 17
34 0 1 2 3 6 9 10 12 14 16 17 18
34 0 1 2 3 6 9 10 12 14 16 17 18
34 0 1 2 3 6 10 11 12 14 15 16 18
34 0 1 2 3 6 10 11 12 14 15 16 18
34 0 1 2 4 6 9 10 12 14 15 17 18
34 0 1 2 3 4 11 12 13 14 15 16 17
34 0 1 2 3 4 6 12 14 15 16 17 18
34 0 1 2 3 4 11 12 13 14 15 16 17
34 0 1 2 3 6 10 11 12 14 15 16 18
34 0 1 2 3 6 10 11 12 14 15 16 18
34 0 1 2 3 4 6 12 14 15 16 17 18
34 0 1 2 3 4 6 12 14 15 16 17 18
34 0 1 2 4 6 9 10 13 14 16 17 18
34 0 1 2 3 6 9 10 12 14 16 17 18
34 0 1 2 3 6 9 10 12 14 16 17 18
34 0 1 2 3 4 6 12 14 15 16 17 18
34 0 1 2 3 6 9 10 12 14 16 17 18
34 0 1 2 3 6 10 11 12 14 15 16 18
34 0 1 2 3 6 10 11 12 14 15 16 18
34 0 1 2 4 6 9 10 12 14 15 17 18
34 0 1 2 4 6 9 10 12 14 15 17 18
34 0 1 2 4 6 9 10 13 14 16 17 18
34 0 1 2 4 6 9 10 13 14 16 17 18
34 0 1 2 4 6 9 10 13 14 16 17 18
34 0 1 2 3 4 6 12 14 15 16 17 18
34 0 1 2 3 4 11 12 13 14 15 16 17
34 0 1 2 3 6 9 10 12 14 16 17 18
34 0 1 2 3 6 10 11 12 14 15 16 18
34 0 1 2 3 6 10 11 12 14 15 16 18
34 0 1 2 3 6 10 11 12 14 15 16 18
34 0 1 2 3 4 6 12 14 15 16 17 18
34 0 1 2 3 4 6 12 14 15 16 17 18
34 0 1 2 3 4 11 12 13 14 15 16 17
34 0 1 2 3 4 11 12 13 14 15 16 17
34 0 1 2 4 6 9 10 13 14 16 17 18
34 0 1 2 3 4 6 12 14 15 16 17 18
34 0 1 2 3 4 6 12 14 15 16 17 18
34 0 1 2 3 4 6 12 14 15 16 17 18
34 0 1 2 3 4 11 12 13 14 15 16 17
34 0 1 2 3 4 11 12 13 14 15 16 17
34 0 1 2 3 4 11 12 13 14 15 16 17
34 0 1 2 3 6 10 11 12 14 15 16 18
34 0 1 2 4 6 9 10 13 14 16 17 18
34 0 1 2 3 4 11 12 13 14 15 16 17
34 0 1 2 3 4 11 12 13 14 15 16 17
34 0 1 2 3 6 9 10 12 14 16 17 18
34 0 1 2 3 6 9 10 12 14 16 17 18
34 0 1 2 3 6 9 10 12 14 16 17 18
34 0 1 2 3 6 9 10 12 14 16 17 18
34 0 1 2 3 6 9 10 12 14 16 17 18
34 0 1 2 3 6 10 11 12 14 15 16 18
34 0 1 2 3 6 10 11 12 14 15 16 18
34 0 1 2 3 6 10 11 12 14 15 16 18
34 0 1 2 3 6 10 11 12 14 15 16 18
34 0 1 2 3 6 10 11 12 14 15 16 18
34 0 1 2 3 6 10 11 12 14 15 16 18
34 0 1 2 4 6 9 10 12 14 15 17 18
34 0 1 2 4 6 9 10 12 14 15 17 18
34 0 1 2 4 6 9 10 12 14 15 17 18
34 0 1 2 4 6 9 10 12 14 15 17 18
34 0 1 2 4 6 9 10 12 14 15 17 18
34 0 1 2 4 6 9 10 12 14 15 17 18
34 0 1 2 4 6 9 10 12 14 15 17 18
34 0 1 2 4 6 9 10 13 14 16 17 18
34 0 1 2 4 6 9 10 13 14 16 17 18
34 0 1 2 4 6 9 10 13 14 16 17 18
34 0 1 2 4 6 9 10 13 14 16 17 18
34 0 1 2 3 4 6 12 14 15 16 17 18
34 0 1 2 3 4 6 12 14 15 16 17 18
34 0 1 2 3 4 6 12 14 15 16 17 18
34 0 1 2 3 4 6 12 14 15 16 17 18
34 0 1 2 3 4 6 12 14 15 16 17 18
34 0 1 2 3 4 6 12 14 15 16 17 18
34 0 1 2 3 4 6 12 14 15 16 17 18
34 0 1 2 3 4 11 12 13 14 15 16 17
34 0 1 2 3 4 11 12 13 14 15 16 17
34 0 1 2 3 4 11 12 13 14 15 16 17
34 0 1 2 3 4 11 12 13 14 15 16 17
34 0 1 2 3 6 9 10 12 14 16 17 18
34 0 1 2 3 6 9 10 12 14 16 17 18
34 0 1 2 3 6 9 10 12 14 16 17 18
34 0 1 2 3 6 9 10 12 14 16 17 18
34 0 1 2 3 6 9 10 12 14 16 17 18
34 0 1 2 3 6 10 11 12 14 15 16 18
34 0 1 2 3 6 10 11 12 14 15 16 18
34 0 1 2 3 6 10 11 12 14 15 16 18
34 0 1 2 4 6 9 10 12 14 15 17 18
34 0 1 2 4 6 9 10 12 14 15 17 18
34 0 1 2 4 6 9 10 12 14 15 17 18
34 0 1 2 4 6 9 10 12 14 15 17 18
34 0 1 2 4 6 9 10 12 14 15 17 18
34 0 1 2 4 6 9 10 12 14 15 17 18
34 0 1 2 4 6 9 10 13 14 16 17 18
34 0 1 2 4 6 9 10 13 14 16 17 18
34 0 1 2 4 6 9 10 13 14 16 17 18
34 0 1 2 4 6 9 10 13 14 16 17 18
34 0 1 2 4 6 9 10 13 14 16 17 18
34 0 1 2 4 6 9 10 13 14 16 17 18
34 0 1 2 4 6 9 10 13 14 16 17 18
34 0 1 2 3 4 6 12 14 15 16 17 18
34 0 1 2 3 4 11 12 13 14 15 16 17
34 0 1 2 3 6 9 10 12 14 16 17 18
34 0 1 2 3 6 9 10 12 14 16 17 18
34 0 1 2 3 6 9 10 12 14 16 17 18
34 0 1 2 4 6 9 10 12 14 15 17 18
34 0 1 2 4 6 9 10 12 14 15 17 18
34 0 1 2 4 6 9 10 13 14 16 17 18
34 0 1 2 4 6 9 10 13 14 16 17 18
