2
18
15
2
3
2
2
16
1
13
17
18
19
2
1
16
2
18
8
12
17
0
1
3
7
8
9
11
12
13
17
19
17
3
13
19
17
1
0
17
5
0
9
13
19
14
2
3
17
2
17
19
19
0
1
3
16
18
0
10
14
19
2
17
2
2
19
0
19
0
1
16
17
18
16
18
18
3
0
1
19
1
3
12
19
1
17
16
0
17
1
3
12
18
0
0
19
19
12
15
8
14
5
8
10
13
15
4
4
8
13
5
5
4
7
12
12
12
7
3
4
7
3
8
12
9
10
9
10
13
7
6
7
9
9
6
8
10
8
10
11
6
6
6
13
5
8
4
4
5
15
0
6
8
11
19
0
2
11
14
17
0
6
9
11
14
0
13
9
10
13
6
9
8
9
11
14
5
7
6
9
11
15
3
7
8
11
12
14
2
4
6
10
12
7
8
11
17
3
6
7
2
5
7
10
14
15
6
10
16
4
7
13
4
5
7
8
19
1
4
15
1
4
5
14
15
16
5
8
11
14
11
14
3
5
7
10
13
3
14
18
4
7
10
12
14
16
4
5
9
10
15
16
9
11
17
18
1
4
6
12
14
15
16
2
4
5
11
16
18
3
6
11
16
18
12
15
12
15
13
16
1
16
18
15
18
10
11
15
1
6
13
18
14
5
9
10
9
13
15
