2
15
3
1
17
2
11
18
1
13
16
0
2
1
15
15
13
16
11
14
9
13
5
18
3
3
5
7
2
2
17
3
5
17
7
8
13
2
0
20
0
5
18
19
20
2
3
0
4
12
17
3
4
20
5
2
2
11
2
1
19
4
5
1
10
1
1
19
3
16
17
6
17
11
13
11
13
15
16
2
6
18
4
10
15
19
14
15
17
12
18
19
18
19
1
17
1
11
19
3
20
3
2
15
0
14
18
19
0
16
17
16
20
17
17
6
19
1
20
19
1
17
10
3
10
13
19
18
9
6
17
12
20
8
11
4
2
5
6
8
15
12
3
8
6
7
10
12
14
16
7
10
13
13
11
17
16
7
18
12
18
0
3
10
10
10
6
10
14
9
7
6
20
1
4
8
12
16
19
0
8
7
6
8
9
11
12
11
12
20
8
6
8
12
20
0
2
8
2
3
11
15
17
18
20
3
6
7
9
15
18
20
0
2
3
6
8
11
20
0
1
4
9
13
20
0
9
13
16
20
0
11
13
14
16
5
14
9
0
1
8
12
17
19
20
4
7
8
14
16
3
7
8
0
6
7
8
6
10
9
18
4
6
8
4
5
7
9
11
12
14
18
0
7
13
4
5
10
11
13
14
16
19
5
10
13
14
18
5
7
14
15
1
4
5
12
14
15
5
7
20
0
4
8
9
10
12
4
7
2
6
11
1
3
10
19
9
14
1
5
9
16
4
7
12
14
18
5
14
15
16
13
15
5
9
4
11
10
15
16
19
9
14
18
17
4
19
12
15
9
9
10
12
13
15
16
6
