5
16
17
13
16
16
16
16
5
17
11
8
9
9
13
13
5
5
9
13
5
7
9
16
5
5
11
15
7
18
12
19
6
11
6
4
6
7
15
6
4
11
14
6
2
5
10
14
16
4
5
13
14
16
4
4
3
14
3
6
7
16
10
14
16
19
15
3
7
17
17
19
14
11
5
3
13
8
17
10
17
7
3
11
1
17
4
8
7
15
4
17
19
15
10
16
7
14
7
15
18
11
15
10
15
6
7
14
15
1
3
1
12
14
6
15
17
5
14
4
5
8
8
6
8
4
8
9
9
9
9
4
5
7
8
17
5
6
4
8
18
4
6
6
11
11
11
4
7
8
19
4
5
15
4
11
15
11
5
7
7
11
19
3
10
2
10
14
2
5
11
15
10
11
6
8
15
18
4
15
17
4
2
3
10
12
19
20
2
4
5
8
12
3
19
6
9
15
17
13
6
15
5
8
19
3
5
15
19
19
4
8
10
2
3
6
7
5
7
11
15
15
17
19
5
3
7
13
16
20
19
11
12
9
17
20
5
17
5
4
7
5
14
19
3
13
19
16
21
18
17
13
9
9
1
6
9
6
6
10
10
12
13
18
10
14
1
9
16
19
7
6
11
11
18
18
16
10
3
7
9
20
15
15
2
17
17
21
10
21
5
14
18
14
10
18
9
8
9
9
9
9
19
10
5
20
8
21
11
17
9
6
9
16
16
3
3
7
1
4
7
4
16
15
15
7
13
18
19
15
15
15
20
14
19
14
12
14
10
4
8
17
11
12
12
16
16
4
12
13
12
13
6
12
13
10
16
7
17
12
19
19
1
11
15
4
18
12
12
5
11
14
17
10
18
4
14
3
4
8
10
14
6
9
12
18
11
9
14
10
11
12
13
14
7
17
7
3
8
15
20
2
3
10
6
10
20
18
10
16
3
12
5
12
5
4
8
12
19
20
11
12
20
16
14
16
21
8
14
7
17
18
3
7
9
19
11
14
19
3
9
12
9
17
10
6
8
12
14
21
18
11
6
2
10
8
8
8
9
17
9
2
6
6
0
13
17
0
0
9
10
12
13
14
0
3
0
16
17
0
16
1
22
7
1
2
11
21
7
11
2
2
13
16
3
20
2
6
10
16
18
4
6
7
10
14
18
19
10
11
15
18
21
3
10
13
18
21
22
1
9
21
1
2
6
9
13
17
19
21
0
1
2
3
17
18
0
2
3
14
18
20
9
17
18
20
21
22
0
2
3
9
21
0
1
2
6
13
20
21
0
2
3
13
19
0
1
3
6
13
19
0
1
2
3
13
22
1
2
9
20
1
2
18
22
0
1
13
14
17
18
22
2
18
19
20
21
22
1
2
20
0
1
21
1
2
18
20
0
1
2
5
18
20
22
2
5
21
22
0
2
15
16
21
0
2
4
13
17
19
20
0
1
5
13
21
22
0
13
0
1
13
22
1
2
5
13
21
22
0
1
3
13
17
20
22
1
13
17
19
0
17
19
21
0
17
20
21
2
20
2
0
3
14
20
0
2
15
19
22
1
8
9
18
19
22
0
21
22
8
19
21
0
1
7
11
15
18
21
22
0
1
4
8
9
10
11
14
20
22
0
1
6
8
9
11
12
13
14
16
0
1
7
9
11
14
0
2
3
9
11
16
21
0
2
4
6
7
14
16
0
2
11
12
14
15
16
17
19
20
0
3
6
13
16
3
11
16
9
11
16
18
0
1
2
12
13
21
1
11
15
16
0
1
2
15
16
3
8
19
22
1
6
17
20
22
20
22
14
20
3
4
21
11
19
20
21
2
3
20
18
22
2
6
11
19
20
22
11
16
21
22
21
0
4
8
10
20
1
4
5
6
8
20
22
21
22
2
20
1
4
18
21
22
3
4
20
4
20
22
1
2
22
2
0
1
8
14
21
22
6
8
18
6
10
15
22
0
3
5
14
17
20
21
10
20
22
0
1
22
3
12
15
18
21
7
18
19
21
22
12
13
20
21
1
13
17
20
22
1
3
13
20
22
1
2
8
11
14
22
0
4
14
18
22
4
5
10
13
21
22
4
17
20
22
10
17
22
10
13
1
4
7
13
15
17
18
22
7
8
12
16
7
10
21
5
8
16
19
0
5
7
8
22
15
4
5
8
16
10
14
21
10
16
16
18
6
8
15
6
8
18
6
8
12
17
20
6
18
21
11
21
7
14
18
21
20
12
9
12
18
0
4
9
12
14
19
21
22
8
9
13
4
13
0
7
3
19
22
12
19
7
10
12
15
19
5
10
15
15
5
10
15
5
7
13
7
12
5
12
7
12
12
16
18
12
3
9
5
12
12
12
8
12
8
