 38    0   1   2   3   4   6  14  16  17  18  19  20
 38    0   1   2   3   4   8  12  16  17  18  19  20
 38    0   1   2   3   4  11  12  14  16  18  19  20
 38    0   1   2   3   4  12  13  14  16  17  18  20
 38    0   1   2   3   6  10  11  14  16  18  19  20
 38    0   1   2   3   6  10  12  14  16  17  19  20
 38    0   1   2   3   6  10  12  15  16  18  19  20
 38    0   1   2   3  10  11  12  13  15  16  19  20
 38    0   1   2   3  10  11  13  14  15  17  18  20
 38    0   1   2   4   6   9  11  14  16  18  19  20
 38    0   1   2   4   6   9  13  15  16  17  18  19
 38    0   1   2   4   6  10  13  15  16  17  19  20
 38    0   1   2   4   9  10  12  14  15  18  19  20
 38    0   1   2   4   9  11  13  14  15  16  18  19
 38    0   1   2   4  10  11  13  14  15  16  17  19
 38    0   1   2   9  10  11  12  13  14  15  16  17
 38    0   1   3   6   8   9  11  12  14  17  19  20
