 40    0   1   2   3   4   5  16  17  18  19  20  21
 40    0   1   2   3   4   6  15  17  18  19  20  21
 40    0   1   2   3   4   7  16  17  18  19  20  21
 40    0   1   2   3   4  11  12  15  18  19  20  21
 40    0   1   2   3   4  11  13  16  18  19  20  21
 40    0   1   2   3   4  12  13  15  17  18  20  21
 40    0   1   2   3   4  12  13  16  17  19  20  21
 40    0   1   2   3   4  12  14  15  17  18  19  21
 40    0   1   2   3   6  10  11  15  18  19  20  21
 40    0   1   2   3   6  10  12  15  17  19  20  21
 40    0   1   2   3   6  10  13  16  17  19  20  21
 40    0   1   2   3   6  10  14  16  17  18  19  20
 40    0   1   2   3   6  11  14  16  17  18  20  21
 40    0   1   2   3  10  11  12  14  16  19  20  21
 40    0   1   2   3  10  11  13  14  15  17  19  21
 40    0   1   2   3  10  11  13  14  16  17  19  20
 40    0   1   2   3  10  11  13  14  16  18  20  21
 40    0   1   2   3  10  11  14  15  18  19  20  21
 40    0   1   2   3  10  12  13  14  16  17  18  20
 40    0   1   2   4   6   8  15  16  17  18  19  20
 40    0   1   2   4   6   9  12  15  17  19  20  21
 40    0   1   2   4   6   9  13  15  17  18  20  21
 40    0   1   2   4   6   9  13  16  17  19  20  21
 40    0   1   2   4   6   9  14  16  17  18  19  20
 40    0   1   2   4   9  10  13  14  15  18  19  21
 40    0   1   2   4   9  11  13  14  15  17  19  21
 40    0   1   2   4   9  11  13  14  16  18  20  21
 40    0   1   2   4   9  11  14  15  18  19  20  21
 40    0   1   2   4   9  12  13  14  15  17  18  21
 40    0   1   2   4   9  12  13  14  16  17  18  20
 40    0   1   2   4   9  12  14  15  17  18  19  21
 40    0   1   2   4  10  11  13  14  16  17  20  21
 40    0   1   2   4  10  11  14  15  17  19  20  21
 40    0   1   2   4  10  13  14  15  16  18  19  20
 40    0   1   3   6   8   9  11  13  17  19  20  21
 40    0   1   3   6   8  10  11  13  15  18  20  21
 40    0   1   3   6   8  10  11  14  16  18  19  20
 40    0   1   3   6   8  10  12  14  16  18  19  21
 40    0   1   3   6   8  10  12  14  17  18  20  21
 40    0   1   5   8   9  11  12  14  15  17  19  21
