 44    0   1   2   3   4   6  17  19  20  21  22  23
 44    0   1   2   3   4   7  17  18  20  21  22  23
 44    0   1   2   3   4   8  17  18  19  21  22  23
 44    0   1   2   3   4  11  12  19  20  21  22  23
 44    0   1   2   3   4  11  13  18  20  21  22  23
 44    0   1   2   3   4  11  14  18  19  21  22  23
 44    0   1   2   3   4  12  13  17  20  21  22  23
 44    0   1   2   3   4  12  14  17  19  21  22  23
 44    0   1   2   3   4  12  15  18  19  21  22  23
 44    0   1   2   3   4  12  16  18  19  20  21  22
 44    0   1   2   3   4  13  16  18  19  20  22  23
 44    0   1   2   3   6   9  16  17  19  20  22  23
 44    0   1   2   3   6   9  17  18  20  21  22  23
 44    0   1   2   3   6  10  13  17  20  21  22  23
 44    0   1   2   3   6  10  14  17  19  21  22  23
 44    0   1   2   3   6  10  15  17  19  20  22  23
 44    0   1   2   3   6  10  16  17  19  20  21  23
 44    0   1   2   3   6  10  16  18  19  20  21  22
 44    0   1   2   3   6  11  16  17  19  20  21  22
 44    0   1   2   3   6  11  16  18  20  21  22  23
 44    0   1   2   3   6  12  16  17  18  20  21  22
 44    0   1   2   3  10  11  13  15  19  21  22  23
 44    0   1   2   3  10  11  13  16  19  20  21  22
 44    0   1   2   3  10  11  14  15  19  20  22  23
 44    0   1   2   3  10  11  14  16  19  20  21  23
 44    0   1   2   3  10  11  14  17  19  20  21  22
 44    0   1   2   3  10  12  13  14  17  21  22  23
 44    0   1   2   3  10  12  13  15  17  20  22  23
 44    0   1   2   3  10  12  13  15  18  21  22  23
 44    0   1   2   3  10  12  13  16  18  20  21  22
 44    0   1   2   3  10  12  13  16  19  21  22  23
 44    0   1   2   3  10  12  14  16  18  20  21  23
 44    0   1   2   3  10  12  15  18  19  21  22  23
 44    0   1   2   3  10  13  14  17  18  19  21  22
 44    0   1   2   3  10  13  14  17  18  20  21  23
 44    0   1   2   3  11  13  15  17  18  19  21  22
 44    0   1   2   4   6   8  15  17  19  21  22  23
 44    0   1   2   4   6   8  16  18  20  21  22  23
 44    0   1   2   4   6   9  14  17  19  21  22  23
 44    0   1   2   4   6   9  15  17  19  20  22  23
 44    0   1   2   4   6   9  15  18  19  21  22  23
 44    0   1   2   4   6   9  16  18  19  20  21  22
 44    0   1   2   4   6  10  15  16  19  20  22  23
 44    0   1   2   4   6  10  15  18  20  21  22  23
 44    0   1   2   4   6  11  15  17  20  21  22  23
 44    0   1   2   4   9  10  13  14  19  21  22  23
 44    0   1   2   4   9  11  13  15  19  21  22  23
 44    0   1   2   4   9  11  13  16  19  20  21  22
 44    0   1   2   4   9  11  14  16  19  20  21  23
 44    0   1   2   4   9  12  13  14  17  21  22  23
 44    0   1   2   4   9  12  13  15  17  20  22  23
 44    0   1   2   4   9  12  13  15  18  21  22  23
 44    0   1   2   4   9  12  13  16  17  20  21  23
 44    0   1   2   4   9  12  13  16  18  20  21  22
 44    0   1   2   4   9  12  14  15  18  20  22  23
 44    0   1   2   4   9  12  14  17  18  20  21  22
 44    0   1   2   4   9  12  14  17  19  21  22  23
 44    0   1   2   4   9  13  14  16  17  19  20  23
 44    0   1   2   4   9  13  14  16  18  19  20  22
 44    0   1   2   4   9  13  14  16  18  19  21  23
 44    0   1   2   4   9  13  14  17  18  19  21  22
 44    0   1   2   4   9  13  15  16  18  19  20  21
 44    0   1   2   4  10  13  14  16  17  19  20  22
 44    0   1   2   4  10  13  14  16  17  19  21  23
 44    0   1   2   4  10  13  14  16  18  20  22  23
 44    0   1   2   4  10  13  14  17  18  21  22  23
 44    0   1   2   9  10  11  13  14  16  19  21  22
 44    0   1   2   9  10  11  13  14  16  20  22  23
 44    0   1   2   9  10  11  13  15  16  20  21  23
 44    0   1   2   9  10  11  13  15  17  20  21  22
 44    0   1   2   9  10  11  14  15  16  19  20  21
 44    0   1   2   9  10  12  13  15  16  19  21  23
 44    0   1   2   9  11  12  14  15  17  18  20  22
 44    0   1   3   6   8   9  11  18  19  20  21  22
 44    0   1   3   6   8  11  12  15  17  20  22  23
 44    0   1   3   6   8  11  12  15  18  21  22  23
 44    0   1   3   6   8  11  12  16  18  20  21  22
 44    0   1   3   6   8  11  13  15  17  19  22  23
 44    0   1   3   6   8  11  13  16  18  20  22  23
 44    0   1   3   6   8  12  16  17  18  20  21  22
 44    0   1   3   6   8  13  16  17  18  19  20  21
 44    0   1   3   6   9  11  13  15  16  19  22  23
 44    0   1   3   6   9  11  13  15  18  21  22  23
 44    0   1   3   6   9  11  14  15  18  20  22  23
 44    0   1   3   6   9  13  16  17  19  20  21  23
 44    0   1   3   6   9  13  17  18  19  21  22  23
 44    0   1   3   7   8  11  13  14  17  19  22  23
 44    0   1   3   7   8  11  13  17  18  20  21  22
 44    0   1   3   8  11  12  13  15  16  18  21  23
