 54    0   1   2   3   4   6  22  24  25  26  27  28
 54    0   1   2   3   4  12  16  24  25  26  27  28
 54    0   1   2   3   4  12  18  22  25  26  27  28
 54    0   1   2   3   4  12  19  22  24  26  27  28
 54    0   1   2   3   4  12  20  22  24  25  27  28
 54    0   1   2   3   4  12  20  23  24  26  27  28
 54    0   1   2   3   4  12  21  22  24  25  26  28
 54    0   1   2   3   4  12  21  23  24  25  26  27
 54    0   1   2   3   4  13  18  23  25  26  27  28
 54    0   1   2   3   4  13  19  22  24  25  27  28
 54    0   1   2   3   4  13  19  23  24  26  27  28
 54    0   1   2   3   4  14  18  24  25  26  27  28
 54    0   1   2   3   4  14  19  22  24  25  26  28
 54    0   1   2   3   4  14  19  23  24  25  26  27
 54    0   1   2   3   4  18  19  20  22  24  27  28
 54    0   1   2   3   4  18  19  21  22  24  26  28
 54    0   1   2   3   4  18  19  21  23  24  26  27
 54    0   1   2   3   4  18  19  21  23  25  27  28
 54    0   1   2   3   4  19  20  21  23  24  25  26
 54    0   1   2   3   6   9  22  23  24  25  26  27
 54    0   1   2   3   6  10  18  22  25  26  27  28
 54    0   1   2   3   6  10  19  22  24  26  27  28
 54    0   1   2   3   6  10  20  22  24  25  27  28
 54    0   1   2   3   6  10  20  23  24  26  27  28
 54    0   1   2   3   6  10  21  22  24  25  26  28
 54    0   1   2   3   6  10  21  23  24  25  26  27
 54    0   1   2   3   6  11  17  22  25  26  27  28
 54    0   1   2   3   6  11  21  23  24  25  27  28
 54    0   1   2   3   6  11  22  23  25  26  27  28
 54    0   1   2   3   6  12  17  22  24  26  27  28
 54    0   1   2   3   6  12  22  23  24  25  26  28
 54    0   1   2   3   6  16  17  20  24  26  27  28
 54    0   1   2   3   6  16  17  21  24  25  26  27
 54    0   1   2   3   6  16  18  21  24  25  27  28
 54    0   1   2   3   6  16  18  22  25  26  27  28
 54    0   1   2   3   6  17  18  20  22  24  27  28
 54    0   1   2   3   6  17  18  21  22  24  26  28
 54    0   1   2   3   6  17  18  21  23  24  26  27
 54    0   1   2   3   6  17  18  21  23  25  27  28
 54    0   1   2   3   6  17  19  20  23  24  27  28
 54    0   1   2   3   6  17  19  21  22  24  25  28
 54    0   1   2   3   6  17  19  21  23  24  25  27
 54    0   1   2   3  10  11  19  21  23  26  27  28
 54    0   1   2   3  10  11  20  21  22  24  26  28
 54    0   1   2   3  10  11  20  21  23  24  26  27
 54    0   1   2   3  10  11  20  21  23  25  27  28
 54    0   1   2   3  10  11  21  22  25  26  27  28
 54    0   1   2   3  10  12  13  22  24  26  27  28
 54    0   1   2   3  10  12  14  23  25  26  27  28
 54    0   1   2   3  10  12  15  20  24  26  27  28
 54    0   1   2   3  10  12  18  21  23  26  27  28
 54    0   1   2   3  10  12  20  21  22  24  25  28
 54    0   1   2   3  10  12  20  21  23  24  26  28
 54    0   1   2   3  10  12  20  22  23  24  26  27
 54    0   1   2   3  10  12  20  22  23  25  26  28
 54    0   1   2   3  10  13  14  22  24  25  26  28
 54    0   1   2   3  10  13  14  23  24  25  26  27
 54    0   1   2   3  10  13  15  18  25  26  27  28
 54    0   1   2   3  10  13  15  19  24  26  27  28
 54    0   1   2   3  10  13  15  20  24  25  27  28
 54    0   1   2   3  10  13  16  20  24  26  27  28
 54    0   1   2   3  10  13  17  19  22  26  27  28
 54    0   1   2   3  10  13  17  20  22  25  27  28
 54    0   1   2   3  10  13  17  20  23  26  27  28
 54    0   1   2   3  10  13  17  21  22  25  26  28
 54    0   1   2   3  10  13  17  21  23  25  26  27
 54    0   1   2   3  10  13  17  21  24  26  27  28
 54    0   1   2   3  10  13  18  20  22  24  27  28
 54    0   1   2   3  10  13  18  21  22  24  26  28
 54    0   1   2   3  10  13  18  21  23  24  26  27
 54    0   1   2   3  10  13  18  21  23  25  27  28
 54    0   1   2   3  10  13  19  20  23  24  27  28
 54    0   1   2   3  10  13  19  21  22  24  25  28
 54    0   1   2   3  10  13  19  21  23  24  25  27
 54    0   1   2   3  10  13  19  21  23  24  26  28
 54    0   1   2   3  10  13  19  22  23  24  26  27
 54    0   1   2   3  10  13  19  22  23  25  26  28
 54    0   1   2   3  10  13  20  21  23  24  25  26
 54    0   1   2   3  10  14  18  20  21  24  27  28
 54    0   1   2   3  10  14  18  20  23  26  27  28
 54    0   1   2   3  10  14  19  20  23  25  27  28
 54    0   1   2   3  10  14  19  21  23  25  26  28
 54    0   1   2   3  10  15  18  20  22  26  27  28
 54    0   1   2   3  10  15  19  20  21  24  27  28
 54    0   1   2   3  10  15  19  20  22  25  27  28
 54    0   1   2   3  10  15  19  21  22  24  26  27
 54    0   1   2   3  10  15  19  21  22  25  26  28
 54    0   1   2   3  10  15  19  21  23  26  27  28
 54    0   1   2   3  10  15  20  21  23  25  26  27
 54    0   1   2   3  10  16  18  20  21  22  27  28
 54    0   1   2   3  10  16  19  20  21  23  27  28
 54    0   1   2   3  10  17  19  20  22  23  27  28
 54    0   1   2   3  10  17  19  21  22  23  26  28
 54    0   1   2   3  10  17  20  21  22  23  25  27
 54    0   1   2   3  10  18  19  21  22  23  24  27
 54    0   1   2   3  10  18  19  21  22  23  25  28
 54    0   1   2   3  10  18  20  21  22  23  24  26
 54    0   1   2   3  11  13  15  18  24  26  27  28
 54    0   1   2   3  11  13  17  18  22  26  27  28
 54    0   1   2   3  11  13  17  21  23  25  26  28
 54    0   1   2   3  11  13  17  21  24  25  27  28
 54    0   1   2   3  11  13  17  22  23  25  26  27
 54    0   1   2   3  11  13  18  20  23  24  27  28
 54    0   1   2   3  11  13  18  21  22  24  25  28
 54    0   1   2   3  11  13  18  21  23  24  25  27
 54    0   1   2   3  11  13  18  21  23  24  26  28
 54    0   1   2   3  11  13  18  22  23  24  26  27
 54    0   1   2   3  11  13  18  22  23  25  26  28
 54    0   1   2   3  11  13  19  22  24  25  27  28
 54    0   1   2   3  11  13  19  23  24  26  27  28
 54    0   1   2   3  11  15  18  20  21  24  27  28
 54    0   1   2   3  11  15  18  21  22  25  26  28
 54    0   1   2   3  11  15  18  21  23  26  27  28
 54    0   1   2   3  11  18  19  21  23  24  27  28
 54    0   1   2   3  11  18  19  22  23  25  27  28
 54    0   1   2   3  13  17  18  19  21  22  24  28
 54    0   1   2   3  13  17  18  19  21  23  24  27
 54    0   1   2   3  13  17  18  19  22  23  26  28
 54    0   1   2   3  13  17  18  21  22  25  26  28
 54    0   1   2   4   6   8  21  22  24  25  27  28
 54    0   1   2   4   6   9  19  22  24  26  27  28
 54    0   1   2   4   6   9  20  22  24  25  27  28
 54    0   1   2   4   6   9  20  23  24  26  27  28
 54    0   1   2   4   6   9  21  23  24  25  26  27
 54    0   1   2   4   6  10  21  22  23  25  26  28
 54    0   1   2   4   6  10  21  23  24  26  27  28
 54    0   1   2   4   6  11  21  22  23  24  26  28
 54    0   1   2   4   6  15  16  19  24  26  27  28
 54    0   1   2   4   6  15  16  20  24  25  27  28
 54    0   1   2   4   6  15  17  20  23  25  27  28
 54    0   1   2   4   6  15  17  21  23  25  26  28
 54    0   1   2   4   6  16  17  19  22  26  27  28
 54    0   1   2   4   6  16  17  20  22  25  27  28
 54    0   1   2   4   6  16  17  20  23  26  27  28
 54    0   1   2   4   6  16  17  21  22  25  26  28
 54    0   1   2   4   6  16  17  21  23  25  26  27
 54    0   1   2   4   6  16  17  21  24  26  27  28
 54    0   1   2   4   6  16  18  20  22  24  27  28
 54    0   1   2   4   6  16  18  21  23  24  26  27
 54    0   1   2   4   6  16  18  21  23  25  27  28
 54    0   1   2   4   6  16  19  21  23  24  25  27
 54    0   1   2   4   6  16  19  22  23  24  26  27
 54    0   1   2   4   6  16  20  21  23  24  25  26
 54    0   1   2   4   6  17  18  21  23  24  27  28
 54    0   1   2   4   9  10  20  21  22  25  26  28
 54    0   1   2   4   9  11  20  21  22  24  26  28
 54    0   1   2   4   9  11  20  21  23  25  27  28
 54    0   1   2   4   9  11  21  22  25  26  27  28
 54    0   1   2   4   9  12  20  21  22  24  25  28
 54    0   1   2   4   9  12  20  21  23  24  25  27
 54    0   1   2   4   9  12  20  22  23  25  26  28
 54    0   1   2   4   9  12  21  22  23  25  26  27
 54    0   1   2   4   9  13  14  23  24  25  26  27
 54    0   1   2   4   9  13  15  19  24  26  27  28
 54    0   1   2   4   9  13  15  20  24  25  27  28
 54    0   1   2   4   9  13  16  20  24  26  27  28
 54    0   1   2   4   9  13  16  21  24  25  26  27
 54    0   1   2   4   9  13  17  20  22  25  27  28
 54    0   1   2   4   9  13  17  20  23  26  27  28
 54    0   1   2   4   9  13  17  21  22  25  26  28
 54    0   1   2   4   9  13  17  21  23  25  26  27
 54    0   1   2   4   9  13  17  21  24  26  27  28
 54    0   1   2   4   9  13  18  20  22  24  27  28
 54    0   1   2   4   9  13  18  21  22  24  26  28
 54    0   1   2   4   9  13  18  21  23  24  26  27
 54    0   1   2   4   9  13  18  21  23  25  27  28
 54    0   1   2   4   9  13  19  20  23  24  27  28
 54    0   1   2   4   9  13  19  21  22  24  25  28
 54    0   1   2   4   9  13  19  21  23  24  25  27
 54    0   1   2   4   9  13  19  21  23  24  26  28
 54    0   1   2   4   9  13  19  22  23  24  26  27
 54    0   1   2   4   9  13  19  22  23  25  26  28
 54    0   1   2   4   9  13  20  21  23  24  25  26
 54    0   1   2   4   9  14  17  20  21  25  27  28
 54    0   1   2   4   9  14  18  20  21  24  27  28
 54    0   1   2   4   9  14  18  20  23  26  27  28
 54    0   1   2   4   9  14  19  20  23  25  27  28
 54    0   1   2   4   9  14  19  21  23  24  26  27
 54    0   1   2   4   9  14  19  21  23  25  26  28
 54    0   1   2   4   9  14  19  22  24  26  27  28
 54    0   1   2   4   9  14  20  22  24  25  26  27
 54    0   1   2   4   9  15  18  20  22  26  27  28
 54    0   1   2   4   9  15  19  20  21  24  27  28
 54    0   1   2   4   9  15  19  20  22  25  27  28
 54    0   1   2   4   9  15  19  21  22  24  26  27
 54    0   1   2   4   9  15  19  21  22  25  26  28
 54    0   1   2   4   9  15  19  21  23  26  27  28
 54    0   1   2   4   9  15  20  21  23  25  26  27
 54    0   1   2   4   9  16  19  20  21  23  27  28
 54    0   1   2   4   9  16  19  21  22  23  26  27
 54    0   1   2   4   9  17  19  20  22  23  27  28
 54    0   1   2   4   9  17  20  21  22  23  25  27
 54    0   1   2   4   9  18  19  21  22  23  24  27
 54    0   1   2   4   9  18  20  21  22  23  24  26
 54    0   1   2   4  10  13  15  23  25  26  27  28
 54    0   1   2   4  10  13  16  21  24  25  27  28
 54    0   1   2   4  10  13  16  22  25  26  27  28
 54    0   1   2   4  10  13  17  20  22  24  27  28
 54    0   1   2   4  10  13  17  21  22  24  26  28
 54    0   1   2   4  10  13  17  21  23  24  26  27
 54    0   1   2   4  10  13  17  21  23  25  27  28
 54    0   1   2   4  10  13  19  22  23  24  25  27
 54    0   1   2   4  10  13  20  22  23  24  25  26
 54    0   1   2   4  10  14  16  20  24  26  27  28
 54    0   1   2   4  10  14  16  21  25  26  27  28
 54    0   1   2   4  10  14  17  20  21  24  27  28
 54    0   1   2   4  10  14  17  20  23  26  27  28
 54    0   1   2   4  10  14  19  21  23  24  25  27
 54    0   1   2   4  10  14  20  21  23  24  25  26
 54    0   1   2   4  10  15  17  20  22  26  27  28
 54    0   1   2   4  10  15  19  21  22  24  25  27
 54    0   1   2   4  10  15  20  21  22  24  25  26
 54    0   1   2   4  10  15  20  21  23  25  26  28
 54    0   1   2   4  10  16  19  21  22  23  25  27
 54    0   1   2   4  10  16  20  21  22  23  25  26
 54    0   1   2   4  10  17  19  21  22  23  24  27
 54    0   1   2   4  10  17  20  21  22  23  24  26
 54    0   1   2   4  10  18  20  21  23  24  27  28
 54    0   1   2   4  10  18  21  22  23  24  26  27
 54    0   1   2   4  11  13  17  22  23  25  26  28
 54    0   1   2   4  11  14  17  21  23  25  26  28
 54    0   1   2   4  11  15  17  21  22  25  26  28
 54    0   1   2   4  11  17  18  21  22  23  24  27
 54    0   1   2   4  12  17  18  21  22  23  24  26
 54    0   1   2   4  13  14  16  18  25  26  27  28
 54    0   1   2   4  13  14  16  19  24  25  26  28
 54    0   1   2   4  13  14  17  18  20  24  27  28
 54    0   1   2   4  13  14  17  18  21  24  26  28
 54    0   1   2   4  13  14  17  19  23  24  26  27
 54    0   1   2   4  13  14  17  19  23  25  26  28
 54    0   1   2   4  13  14  18  19  23  24  25  27
 54    0   1   2   4  13  14  18  20  23  24  25  26
 54    0   1   2   4  13  15  17  18  21  24  26  27
 54    0   1   2   4  13  15  17  18  21  25  27  28
 54    0   1   2   4  13  15  17  19  20  24  27  28
 54    0   1   2   4  13  15  17  19  21  24  25  27
 54    0   1   2   4  13  15  17  19  21  24  26  28
 54    0   1   2   4  13  15  17  19  22  24  26  27
 54    0   1   2   4  13  15  17  19  22  25  26  28
 54    0   1   2   4  13  15  17  19  23  26  27  28
 54    0   1   2   4  13  15  17  20  21  24  25  26
 54    0   1   2   4  13  15  17  20  23  25  26  27
 54    0   1   2   4  13  15  18  19  21  24  25  28
 54    0   1   2   4  13  15  18  19  22  24  25  27
 54    0   1   2   4  13  15  18  19  23  25  27  28
 54    0   1   2   4  13  15  18  20  22  24  25  26
 54    0   1   2   4  13  15  18  20  23  25  26  28
 54    0   1   2   4  13  15  18  21  23  25  26  27
 54    0   1   2   4  13  15  19  23  24  26  27  28
 54    0   1   2   4  13  16  17  18  20  22  27  28
 54    0   1   2   4  13  16  17  18  21  22  26  28
 54    0   1   2   4  13  16  17  18  21  23  26  27
 54    0   1   2   4  13  16  17  19  20  23  27  28
 54    0   1   2   4  13  16  17  19  21  22  25  28
 54    0   1   2   4  13  16  17  19  21  23  25  27
 54    0   1   2   4  13  16  17  19  21  23  26  28
 54    0   1   2   4  13  16  17  19  22  23  26  27
 54    0   1   2   4  13  16  17  20  22  24  26  27
 54    0   1   2   4  13  16  18  19  22  23  25  27
 54    0   1   2   4  13  16  18  19  22  24  27  28
 54    0   1   2   4  13  16  18  20  22  23  25  26
 54    0   1   2   4  13  16  18  20  22  24  25  27
 54    0   1   2   4  13  17  18  19  21  23  24  28
 54    0   1   2   4  13  17  18  19  22  23  24  27
 54    0   1   2   4  13  17  18  19  22  23  25  28
 54    0   1   2   4  13  17  18  20  21  23  24  25
 54    0   1   2   4  13  17  18  20  22  23  24  26
 54    0   1   2   4  14  15  17  18  21  26  27  28
 54    0   1   2   4  14  15  17  19  21  25  27  28
 54    0   1   2   4  14  15  17  19  22  26  27  28
 54    0   1   2   4  14  15  17  20  22  25  26  27
 54    0   1   2   4  14  15  17  20  24  26  27  28
 54    0   1   2   4  14  15  18  19  22  25  27  28
 54    0   1   2   4  14  15  18  20  22  25  26  28
 54    0   1   2   4  14  15  19  22  24  26  27  28
 54    0   1   2   4  14  17  18  19  21  22  24  28
 54    0   1   2   4  14  17  18  19  22  23  27  28
 54    0   1   2   4  14  17  18  20  21  22  24  25
 54    0   1   2   4  14  17  18  20  21  23  25  28
 54    0   1   2   4  14  17  18  20  22  23  25  27
 54    0   1   2   4  14  17  18  20  22  23  26  28
 54    0   1   2   4  14  17  18  20  23  24  27  28
 54    0   1   2   4  14  17  19  20  22  23  25  26
 54    0   1   2   4  14  17  19  20  23  24  26  28
 54    0   1   2   4  14  17  19  21  23  24  26  27
 54    0   1   2   4  14  18  20  23  24  25  27  28
 54    0   1   2   4  15  19  20  22  24  25  26  28
 54    0   1   2   4  16  19  20  22  23  24  25  28
 54    0   1   2   5   9  18  19  21  22  23  24  26
 54    0   1   2   5  10  17  19  21  22  23  24  26
 54    0   1   2   6  13  17  18  19  20  23  25  28
 54    0   1   2   7  11  17  18  21  22  24  26  28
 54    0   1   2   9  10  11  14  20  22  24  27  28
 54    0   1   2   9  10  11  14  21  22  24  26  28
 54    0   1   2   9  10  11  14  21  23  24  26  27
 54    0   1   2   9  10  11  14  21  23  25  27  28
 54    0   1   2   9  10  11  20  21  22  23  24  25
 54    0   1   2   9  10  12  14  19  22  24  27  28
 54    0   1   2   9  10  12  14  21  23  25  26  28
 54    0   1   2   9  10  12  14  22  23  25  26  27
 54    0   1   2   9  10  12  14  22  24  25  27  28
 54    0   1   2   9  10  12  15  21  22  25  26  28
 54    0   1   2   9  10  12  19  21  22  23  24  25
 54    0   1   2   9  10  12  20  22  23  24  25  27
 54    0   1   2   9  10  13  14  19  22  24  26  28
 54    0   1   2   9  10  13  14  19  23  24  26  27
 54    0   1   2   9  10  13  14  19  23  25  27  28
 54    0   1   2   9  10  13  14  20  23  25  26  28
 54    0   1   2   9  10  13  15  19  22  24  26  27
 54    0   1   2   9  10  13  15  19  22  25  27  28
 54    0   1   2   9  10  13  18  22  23  24  26  27
 54    0   1   2   9  10  13  19  20  22  23  24  25
 54    0   1   2   9  10  13  19  21  22  24  25  28
 54    0   1   2   9  10  13  19  21  23  24  25  27
 54    0   1   2   9  10  13  19  21  23  24  26  28
 54    0   1   2   9  10  13  21  22  23  25  26  27
 54    0   1   2   9  10  13  21  22  24  25  26  28
 54    0   1   2   9  10  14  18  21  22  24  26  28
 54    0   1   2   9  10  14  19  20  21  23  24  25
 54    0   1   2   9  11  12  14  16  24  26  27  28
 54    0   1   2   9  11  12  14  17  22  25  27  28
 54    0   1   2   9  11  12  14  17  23  26  27  28
 54    0   1   2   9  11  12  14  18  22  24  27  28
 54    0   1   2   9  11  12  14  21  23  24  25  26
 54    0   1   2   9  11  12  15  21  22  24  25  26
 54    0   1   2   9  11  12  15  21  23  25  26  28
 54    0   1   2   9  11  12  15  22  23  25  26  27
 54    0   1   2   9  11  12  15  23  24  26  27  28
 54    0   1   2   9  11  12  16  21  22  23  25  26
 54    0   1   2   9  11  12  16  21  22  24  26  28
 54    0   1   2   9  11  12  17  21  22  23  24  26
 54    0   1   2   9  11  12  18  21  22  23  24  25
 54    0   1   2   9  11  12  20  22  23  24  25  26
 54    0   1   2   9  11  13  14  17  23  25  26  27
 54    0   1   2   9  11  13  14  18  22  24  26  28
 54    0   1   2   9  11  13  14  18  23  24  26  27
 54    0   1   2   9  11  13  14  18  23  25  27  28
 54    0   1   2   9  11  13  14  19  22  24  25  28
 54    0   1   2   9  11  13  14  19  23  24  25  27
 54    0   1   2   9  11  13  14  19  23  24  26  28
 54    0   1   2   9  11  13  14  20  23  24  25  26
 54    0   1   2   9  11  13  15  18  22  24  26  27
 54    0   1   2   9  11  13  15  18  22  25  27  28
 54    0   1   2   9  11  13  15  18  23  26  27  28
 54    0   1   2   9  11  13  15  19  22  24  25  27
 54    0   1   2   9  11  13  15  19  22  24  26  28
 54    0   1   2   9  11  13  15  19  23  25  27  28
 54    0   1   2   9  11  13  15  20  22  24  25  26
 54    0   1   2   9  11  13  15  21  24  25  26  27
 54    0   1   2   9  11  13  16  19  22  23  26  28
 54    0   1   2   9  11  13  18  20  22  23  24  25
 54    0   1   2   9  11  13  18  21  22  24  25  28
 54    0   1   2   9  11  13  18  21  23  24  25  27
 54    0   1   2   9  11  14  15  18  21  24  26  27
 54    0   1   2   9  11  14  15  18  21  25  27  28
 54    0   1   2   9  11  14  15  19  20  24  27  28
 54    0   1   2   9  11  14  15  19  21  24  25  27
 54    0   1   2   9  11  14  15  19  21  24  26  28
 54    0   1   2   9  11  14  15  19  22  24  26  27
 54    0   1   2   9  11  14  15  19  22  25  26  28
 54    0   1   2   9  11  14  15  19  23  26  27  28
 54    0   1   2   9  11  14  15  20  21  24  25  26
 54    0   1   2   9  11  14  15  20  23  25  26  27
 54    0   1   2   9  11  14  16  18  20  22  27  28
 54    0   1   2   9  11  14  16  18  21  22  26  28
 54    0   1   2   9  11  14  16  18  21  23  26  27
 54    0   1   2   9  11  14  16  19  20  23  27  28
 54    0   1   2   9  11  14  16  19  21  22  25  28
 54    0   1   2   9  11  14  16  19  21  23  25  27
 54    0   1   2   9  11  14  16  19  21  23  26  28
 54    0   1   2   9  11  14  17  19  21  22  24  28
 54    0   1   2   9  11  14  17  19  21  23  24  27
 54    0   1   2   9  11  14  17  20  21  23  24  26
 54    0   1   2   9  11  14  17  20  21  23  25  28
 54    0   1   2   9  11  14  17  20  22  23  25  27
 54    0   1   2   9  11  14  18  20  21  23  24  25
 54    0   1   2   9  11  15  18  20  21  23  24  28
 54    0   1   2   9  11  15  18  20  22  23  24  27
 54    0   1   2   9  11  15  19  21  22  24  25  27
 54    0   1   2   9  11  16  20  21  22  23  25  26
 54    0   1   2   9  11  16  20  21  22  24  25  27
 54    0   1   2   9  12  13  15  19  24  26  27  28
 54    0   1   2   9  12  13  16  19  23  26  27  28
 54    0   1   2   9  12  14  15  19  20  24  26  28
 54    0   1   2   9  12  15  18  19  22  24  27  28
 54    0   1   2   9  12  15  18  20  21  23  25  28
 54    0   1   2   9  12  16  18  21  22  24  27  28
 54    0   1   2   9  12  16  19  20  22  24  25  28
 54    0   1   2   9  12  16  19  21  22  24  26  28
 54    0   1   2   9  12  16  20  21  23  25  26  28
 54    0   1   2   9  12  16  20  21  24  25  27  28
 54    0   1   2   9  12  17  21  22  23  24  26  27
 54    0   1   2   9  12  17  21  22  23  25  26  28
 54    0   1   2   9  13  14  16  19  21  25  26  28
 54    0   1   2   9  13  14  17  18  21  26  27  28
 54    0   1   2   9  13  14  17  19  20  21  24  28
 54    0   1   2   9  13  14  17  19  21  23  26  27
 54    0   1   2   9  13  14  17  19  21  24  26  28
 54    0   1   2   9  13  14  18  19  20  23  24  27
 54    0   1   2   9  13  14  18  19  20  23  25  28
 54    0   1   2   9  13  14  18  19  21  23  25  27
 54    0   1   2   9  13  14  18  19  21  24  25  28
 54    0   1   2   9  13  14  18  19  22  25  27  28
 54    0   1   2   9  13  14  18  20  21  23  25  26
 54    0   1   2   9  13  15  16  19  21  26  27  28
 54    0   1   2   9  13  18  19  21  22  24  25  26
 54    0   1   3   6   8   9  18  20  24  26  27  28
 54    0   1   3   6   8  10  18  20  22  25  27  28
 54    0   1   3   6   8  10  18  20  23  26  27  28
 54    0   1   3   6   8  10  18  21  23  25  26  27
 54    0   1   3   6   8  10  19  22  24  26  27  28
 54    0   1   3   6   8  11  14  23  24  25  26  27
 54    0   1   3   6   8  11  16  20  24  26  27  28
 54    0   1   3   6   8  11  16  21  24  25  26  27
 54    0   1   3   6   8  11  17  20  22  25  27  28
 54    0   1   3   6   8  11  17  20  23  26  27  28
 54    0   1   3   6   8  11  17  21  23  25  26  27
 54    0   1   3   6   8  11  18  20  22  24  27  28
 54    0   1   3   6   8  11  18  21  22  24  26  28
 54    0   1   3   6   8  11  18  21  23  24  26  27
 54    0   1   3   6   8  11  18  21  23  25  27  28
 54    0   1   3   6   8  11  19  21  23  24  25  27
 54    0   1   3   6   8  11  19  22  23  24  26  27
 54    0   1   3   6   8  11  20  21  23  24  25  26
 54    0   1   3   6   8  12  16  19  24  26  27  28
 54    0   1   3   6   8  12  17  19  22  25  27  28
 54    0   1   3   6   8  12  17  19  23  26  27  28
 54    0   1   3   6   8  12  18  19  22  24  27  28
 54    0   1   3   6   8  12  18  22  24  25  27  28
 54    0   1   3   6   8  13  18  19  22  24  26  28
 54    0   1   3   6   8  13  18  19  23  24  26  27
 54    0   1   3   6   8  13  18  20  23  25  26  28
 54    0   1   3   6   8  13  19  20  23  24  25  26
 54    0   1   3   6   8  14  17  19  20  25  27  28
 54    0   1   3   6   8  14  18  19  20  24  27  28
 54    0   1   3   6   8  15  18  20  21  25  26  28
 54    0   1   3   6   8  15  18  20  22  25  26  27
 54    0   1   3   6   8  15  19  20  21  24  25  26
 54    0   1   3   6   8  16  18  19  20  22  27  28
 54    0   1   3   6   8  16  18  19  21  22  26  28
 54    0   1   3   6   8  16  18  19  21  23  26  27
 54    0   1   3   6   8  16  18  20  22  25  27  28
 54    0   1   3   6   8  16  19  20  21  23  25  26
 54    0   1   3   6   8  16  19  20  21  24  26  28
 54    0   1   3   6   8  17  18  19  21  23  27  28
 54    0   1   3   6   8  17  18  20  21  23  26  28
 54    0   1   3   6   8  17  18  20  22  23  26  27
 54    0   1   3   6   8  17  18  20  22  24  27  28
 54    0   1   3   6   8  17  19  20  21  23  24  26
 54    0   1   3   6   8  17  19  20  21  23  25  28
 54    0   1   3   6   8  17  20  21  22  25  26  27
 54    0   1   3   6   8  18  19  20  21  23  24  25
 54    0   1   3   6   8  18  20  21  22  24  25  26
 54    0   1   3   6   9  11  16  20  23  26  27  28
 54    0   1   3   6   9  11  21  22  23  25  26  27
 54    0   1   3   6   9  14  16  19  20  25  27  28
 54    0   1   3   6   9  14  18  19  23  26  27  28
 54    0   1   3   6   9  15  18  19  22  26  27  28
 54    0   1   3   6   9  15  19  20  21  24  25  28
 54    0   1   3   6   9  16  18  19  21  23  27  28
 54    0   1   3   6   9  16  18  20  21  23  26  28
 54    0   1   3   6   9  16  18  20  22  23  26  27
 54    0   1   3   6   9  16  18  20  22  24  27  28
 54    0   1   3   6   9  16  19  20  21  23  24  26
 54    0   1   3   6   9  16  19  20  21  23  25  28
 54    0   1   3   6   9  16  20  21  22  25  26  27
 54    0   1   3   6   9  17  19  20  22  24  27  28
 54    0   1   3   6   9  17  19  21  22  24  26  28
 54    0   1   3   6   9  17  19  21  23  24  26  27
 54    0   1   3   6   9  17  20  22  23  25  26  27
 54    0   1   3   6   9  18  19  20  22  23  24  25
 54    0   1   3   6  10  14  16  19  20  24  27  28
 54    0   1   3   6  10  14  16  20  24  25  27  28
 54    0   1   3   6  10  14  18  23  25  26  27  28
 54    0   1   3   6  10  15  16  19  21  24  26  27
 54    0   1   3   6  10  15  16  19  21  25  27  28
 54    0   1   3   6  10  15  16  20  21  25  26  28
 54    0   1   3   6  10  15  16  20  22  25  26  27
 54    0   1   3   6  10  15  17  19  22  26  27  28
 54    0   1   3   6  10  15  19  20  23  24  26  28
 54    0   1   3   6  10  15  19  21  22  24  25  26
 54    0   1   3   6  10  15  19  21  23  25  26  28
 54    0   1   3   6  10  16  19  20  22  23  24  26
 54    0   1   3   6  11  15  16  18  21  24  26  27
 54    0   1   3   6  11  15  16  18  21  25  27  28
 54    0   1   3   6  11  15  16  19  21  24  25  27
 54    0   1   3   6  11  15  16  19  21  24  26  28
 54    0   1   3   6  11  15  16  19  22  24  26  27
 54    0   1   3   6  11  15  16  19  22  25  26  28
 54    0   1   3   6  11  15  17  18  21  24  27  28
 54    0   1   3   6  11  15  17  18  22  26  27  28
 54    0   1   3   6  11  15  17  19  22  24  26  28
 54    0   1   3   6  11  15  17  19  22  25  27  28
 54    0   1   3   6  11  16  17  18  21  23  27  28
 54    0   1   3   6  11  16  17  19  21  22  24  28
 54    0   1   3   6  11  16  17  19  21  23  24  27
 54    0   1   3   6  11  16  18  21  22  23  25  26
 54    0   1   3   6  11  17  18  20  22  23  24  25
 54    0   1   3   6  13  16  18  19  20  23  25  28
 54    0   1   3   6  16  17  18  20  21  22  23  25
 54    0   1   3   7   8  11  20  21  22  24  25  26
 54    0   1   3   7   8  12  20  22  24  25  26  27
 54    0   1   3   7   8  18  20  21  22  23  25  26
 54    0   1   3   7  10  14  19  20  23  24  26  28
 54    0   1   3   7  11  12  16  22  23  25  26  27
 54    0   1   3   7  11  13  16  17  22  25  26  27
 54    0   1   3   7  11  13  16  18  22  24  26  27
 54    0   1   3   7  11  13  16  19  22  24  25  27
 54    0   1   3   7  11  13  16  19  22  24  26  28
 54    0   1   3   7  11  13  16  19  23  25  27  28
 54    0   1   3   7  11  13  17  19  23  24  27  28
 54    0   1   3   7  11  13  18  22  23  25  26  28
 54    0   1   3   7  11  14  16  18  21  24  26  27
 54    0   1   3   7  11  14  16  19  21  24  25  27
 54    0   1   3   7  11  14  16  19  21  24  26  28
 54    0   1   3   7  11  14  16  19  22  24  26  27
 54    0   1   3   7  11  14  17  19  22  24  26  28
 54    0   1   3   7  11  14  17  20  22  24  25  27
 54    0   1   3   7  11  16  17  19  21  22  23  28
 54    0   1   3   7  12  16  17  19  20  22  23  28
 54    0   1   3   7  12  16  17  20  21  23  26  28
 54    0   1   3   7  12  16  18  19  22  24  27  28
 54    0   1   3   7  12  16  18  20  22  24  26  28
 54    0   1   3   7  12  16  19  21  23  24  26  27
 54    0   1   3   7  12  17  18  20  22  23  24  27
 54    0   1   3   7  12  17  18  20  22  24  25  28
 54    0   1   3   7  12  17  18  21  23  24  27  28
 54    0   1   3   7  12  17  19  20  22  23  24  26
 54    0   1   3   7  12  17  19  21  23  24  26  28
 54    0   1   3   7  12  17  20  21  23  24  26  27
 54    0   1   3   7  12  17  20  21  24  25  26  28
 54    0   1   3   8  11  12  15  21  22  24  25  26
 54    0   1   3   8  11  12  15  22  23  25  26  27
 54    0   1   3   8  11  12  16  21  22  23  25  26
 54    0   1   3   8  11  13  14  17  23  25  26  27
 54    0   1   3   8  11  13  14  18  22  24  26  28
 54    0   1   3   8  11  13  14  18  23  24  26  27
 54    0   1   3   8  11  13  14  18  23  25  27  28
 54    0   1   3   8  11  13  14  19  23  24  25  27
 54    0   1   3   8  11  13  15  18  22  24  26  27
 54    0   1   3   8  11  13  15  20  22  24  25  26
 54    0   1   3   8  11  13  16  20  22  23  25  26
 54    0   1   3   8  11  13  16  20  22  24  26  28
 54    0   1   3   8  11  13  16  21  23  25  26  27
 54    0   1   3   8  11  13  17  21  22  24  26  28
 54    0   1   3   8  11  14  15  19  21  24  25  27
 54    0   1   3   8  11  14  15  19  21  24  26  28
 54    0   1   3   8  11  14  15  20  21  24  25  26
 54    0   1   3   8  11  14  16  18  21  22  26  28
 54    0   1   3   8  11  14  16  19  21  22  25  28
 54    0   1   3   8  11  14  16  19  21  23  25  27
 54    0   1   3   8  11  14  16  19  21  23  26  28
 54    0   1   3   8  11  14  16  20  21  23  25  26
 54    0   1   3   8  11  14  16  20  21  24  26  28
 54    0   1   3   8  11  14  17  19  21  22  24  28
 54    0   1   3   8  11  14  17  19  21  23  24  27
 54    0   1   3   8  11  14  17  20  21  23  24  26
 54    0   1   3   8  11  14  17  20  21  23  25  28
 54    0   1   3   8  11  15  16  20  21  23  26  28
 54    0   1   3   8  12  13  17  20  22  24  26  28
 54    0   1   3   8  12  14  15  19  20  24  25  27
 54    0   1   3   8  12  14  16  18  20  22  26  28
 54    0   1   3   8  12  14  16  19  20  22  25  28
 54    0   1   3   8  12  14  16  19  22  25  26  28
 54    0   1   3   8  12  14  18  21  23  24  26  27
 54    0   1   3  11  12  14  16  17  18  22  26  28
 54    0   1   3  11  12  14  16  17  18  23  26  27
 54    0   1   3  11  12  14  16  17  19  23  26  28
 54    0   1   3  11  12  14  16  18  22  24  26  27
 54    0   1   3  11  12  15  16  18  22  23  26  27
 54    0   1   3  11  13  14  16  17  18  20  27  28
 54    0   1   3  11  13  14  16  18  19  23  25  27
 54    0   1   3  11  13  14  16  18  19  24  27  28
 54    0   1   3  11  13  14  16  18  20  24  26  28
 54    0   1   3  11  13  15  16  18  19  23  27  28
 54    0   1   3  11  13  15  16  18  21  23  26  27
 54    0   1   3  11  14  15  16  18  20  22  26  28
 54    0   1   3  11  14  15  16  18  21  22  26  27
 54    0   1   8   9  11  12  14  15  24  25  27  28
 54    0   1   8  10  11  13  15  17  22  24  26  27
