 32
350 260  3  4 7 1
388 287  3  0 9 2
373 332  3  1 11 3
326 332  3  2 13 4
311 287  3  3 5 0
283 255  3  4 15 6
317 226  3  5 17 7
361 220  3  6 8 0
401 238  3  7 19 9
426 275  3  8 10 1
427 319  3  9 21 11
405 357  3  10 12 2
366 378  3  11 23 13
322 375  3  12 14 3
286 349  3  13 25 15
270 308  3  14 16 5
250 232  3  15 26 17
301 190  3  16 18 6
366 181  3  17 28 19
427 208  3  18 20 8
464 262  3  19 29 21
466 329  3  20 22 10
433 386  3  21 30 23
374 417  3  22 24 12
308 412  3  23 31 25
255 373  3  24 26 14
230 312  3  25 27 16
153 265  3  26 31 28
322 101  3  27 29 18
529 212  3  28 30 20
488 443  3  29 31 22
256 476  3  30 27 24

 32
311 287  3  4 7 1
273 275  3  0 9 2
296 240  3  1 11 3
333 221  3  2 13 4
350 260  3  3 5 0
388 287  3  4 15 6
373 332  3  5 17 7
326 332  3  6 8 0
290 353  3  7 19 9
271 316  3  8 10 1
235 262  3  9 21 11
269 210  3  10 12 2
325 182  3  11 23 13
374 223  3  12 14 3
409 246  3  13 25 15
428 283  3  14 16 5
426 324  3  15 26 17
403 359  3  16 18 6
366 378  3  17 28 19
325 376  3  18 20 8
260 380  3  19 29 21
232 324  3  20 22 10
242 181  3  21 30 23
387 185  3  22 24 12
439 219  3  23 31 25
467 275  3  24 26 14
464 337  3  25 27 16
430 389  3  26 31 28
374 417  3  27 29 18
312 414  3  28 30 20
275 528  3  29 31 22
509 308  3  30 27 24

 32
350 260  3  4 7 1
311 287  3  0 9 2
276 267  3  1 11 3
302 235  3  2 13 4
341 220  3  3 5 0
382 226  3  4 15 6
414 252  3  5 17 7
388 287  3  6 8 0
373 332  3  7 19 9
326 332  3  8 10 1
285 347  3  9 21 11
270 308  3  10 12 2
240 251  3  11 23 13
279 202  3  12 14 3
337 180  3  13 25 15
398 190  3  14 16 5
447 229  3  15 26 17
429 291  3  16 18 6
423 332  3  17 28 19
397 364  3  18 20 8
358 379  3  19 29 21
317 373  3  20 22 10
252 370  3  21 30 23
230 312  3  22 24 12
462 511  3  23 31 25
450 175  3  24 26 14
469 287  3  25 27 16
459 348  3  26 31 28
420 397  3  27 29 18
362 419  3  28 30 20
301 409  3  29 31 22
407 449  3  30 27 24

 32
341 220  3  4 7 1
350 260  3  0 9 2
311 287  3  1 11 3
276 267  3  2 13 4
302 235  3  3 5 0
279 202  3  4 15 6
337 180  3  5 17 7
382 226  3  6 8 0
414 252  3  7 19 9
388 287  3  8 10 1
373 332  3  9 21 11
326 332  3  10 12 2
285 347  3  11 23 13
270 308  3  12 14 3
230 312  3  13 25 15
240 251  3  14 16 5
292 150  3  15 26 17
398 190  3  16 18 6
447 229  3  17 28 19
429 291  3  18 20 8
423 332  3  19 29 21
397 364  3  20 22 10
358 379  3  21 30 23
317 373  3  22 24 12
301 409  3  23 31 25
252 370  3  24 26 14
155 441  3  25 27 16
474 400  3  26 31 28
469 287  3  27 29 18
459 348  3  28 30 20
420 397  3  29 31 22
362 419  3  30 27 24

 32
313 228  3  4 7 1
350 220  3  0 9 2
350 260  3  1 11 3
311 287  3  2 13 4
285 252  3  3 5 0
270 300  3  4 15 6
249 234  3  5 17 7
295 193  3  6 8 0
356 180  3  7 19 9
386 228  3  8 10 1
414 252  3  9 21 11
388 287  3  10 12 2
373 332  3  11 23 13
326 332  3  12 14 3
302 364  3  13 25 15
278 336  3  14 16 5
243 354  3  15 26 17
230 293  3  16 18 6
259 121  3  17 28 19
415 199  3  18 20 8
456 245  3  19 29 21
429 287  3  20 22 10
426 324  3  21 30 23
406 356  3  22 24 12
374 376  3  23 31 25
337 379  3  24 26 14
284 400  3  25 27 16
343 419  3  26 31 28
483 448  3  27 29 18
469 306  3  28 30 20
450 365  3  29 31 22
404 406  3  30 27 24

 32
350 220  3  4 7 1
386 228  3  0 9 2
414 252  3  1 11 3
384 280  3  2 13 4
350 260  3  3 5 0
315 280  3  4 15 6
285 252  3  5 17 7
313 228  3  6 8 0
333 181  3  7 19 9
398 190  3  8 10 1
449 232  3  9 21 11
429 287  3  10 12 2
426 324  3  11 23 13
384 320  3  12 14 3
350 340  3  13 25 15
315 320  3  14 16 5
278 336  3  15 26 17
270 300  3  16 18 6
235 262  3  17 28 19
272 208  3  18 20 8
431 117  3  19 29 21
469 295  3  20 22 10
453 360  3  21 30 23
406 356  3  22 24 12
374 376  3  23 31 25
337 379  3  24 26 14
302 364  3  25 27 16
279 397  3  26 31 28
238 344  3  27 29 18
281 487  3  28 30 20
406 405  3  29 31 22
341 419  3  30 27 24

 32
308 231  3  4 7 1
301 190  3  0 9 2
366 181  3  1 11 3
381 226  3  2 13 4
344 220  3  3 5 0
350 260  3  4 15 6
311 287  3  5 17 7
282 257  3  6 8 0
270 305  3  7 19 9
250 232  3  8 10 1
155 251  3  9 21 11
431 117  3  10 12 2
427 208  3  11 23 13
411 248  3  12 14 3
427 282  3  13 25 15
388 287  3  14 16 5
373 332  3  15 26 17
326 332  3  16 18 6
307 367  3  17 28 19
281 341  3  18 20 8
255 373  3  19 29 21
230 312  3  20 22 10
391 495  3  21 30 23
464 262  3  22 24 12
466 329  3  23 31 25
427 319  3  24 26 14
410 352  3  25 27 16
379 374  3  26 31 28
343 379  3  27 29 18
308 412  3  28 30 20
374 417  3  29 31 22
433 386  3  30 27 24

 32
356 220  3  4 7 1
322 224  3  0 9 2
322 142  3  1 11 3
404 149  3  2 13 4
390 230  3  3 5 0
415 254  3  4 15 6
384 280  3  5 17 7
350 260  3  6 8 0
315 280  3  7 19 9
293 243  3  8 10 1
271 286  3  9 21 11
247 177  3  10 12 2
199 245  3  11 23 13
472 197  3  12 14 3
507 272  3  13 25 15
428 286  3  14 16 5
427 320  3  15 26 17
384 320  3  16 18 6
350 340  3  17 28 19
315 320  3  18 20 8
288 351  3  19 29 21
272 320  3  20 22 10
227 402  3  21 30 23
192 327  3  22 24 12
452 422  3  23 31 25
500 354  3  24 26 14
411 351  3  25 27 16
383 372  3  26 31 28
350 380  3  27 29 18
316 372  3  28 30 20
295 450  3  29 31 22
377 457  3  30 27 24

 32
386 228  3  4 7 1
352 220  3  0 9 2
318 226  3  1 11 3
300 147  3  2 13 4
383 143  3  3 5 0
457 181  3  4 15 6
427 282  3  5 17 7
413 250  3  6 8 0
384 280  3  7 19 9
350 260  3  8 10 1
315 280  3  9 21 11
290 246  3  10 12 2
270 290  3  11 23 13
231 192  3  12 14 3
193 266  3  13 25 15
502 250  3  14 16 5
506 333  3  15 26 17
428 316  3  16 18 6
413 348  3  17 28 19
384 320  3  18 20 8
350 340  3  19 29 21
315 320  3  20 22 10
291 354  3  21 30 23
273 324  3  22 24 12
242 418  3  23 31 25
197 349  3  24 26 14
468 407  3  25 27 16
399 452  3  26 31 28
387 370  3  27 29 18
354 379  3  28 30 20
320 374  3  29 31 22
316 456  3  30 27 24

 32
388 144  3  4 7 1
386 228  3  0 9 2
352 220  3  1 11 3
318 226  3  2 13 4
305 146  3  3 5 0
234 188  3  4 15 6
503 255  3  5 17 7
461 184  3  6 8 0
427 282  3  7 19 9
413 250  3  8 10 1
384 280  3  9 21 11
350 260  3  10 12 2
315 280  3  11 23 13
290 246  3  12 14 3
270 290  3  13 25 15
194 261  3  14 16 5
196 344  3  15 26 17
505 338  3  16 18 6
465 411  3  17 28 19
428 316  3  18 20 8
413 348  3  19 29 21
384 320  3  20 22 10
350 340  3  21 30 23
315 320  3  22 24 12
291 354  3  23 31 25
273 324  3  24 26 14
238 415  3  25 27 16
311 455  3  26 31 28
394 453  3  27 29 18
387 370  3  28 30 20
354 379  3  29 31 22
320 374  3  30 27 24

 32
314 144  3  4 7 1
396 146  3  0 9 2
390 230  3  1 11 3
356 220  3  2 13 4
322 224  3  3 5 0
293 243  3  4 15 6
196 253  3  5 17 7
240 182  3  6 8 0
505 264  3  7 19 9
467 190  3  8 10 1
428 286  3  9 21 11
415 254  3  10 12 2
384 280  3  11 23 13
350 260  3  12 14 3
315 280  3  13 25 15
274 272  3  14 16 5
272 320  3  15 26 17
194 335  3  16 18 6
232 409  3  17 28 19
503 346  3  18 20 8
459 417  3  19 29 21
427 320  3  20 22 10
411 351  3  21 30 23
384 320  3  22 24 12
350 340  3  23 31 25
315 320  3  24 26 14
288 351  3  25 27 16
316 372  3  26 31 28
303 453  3  27 29 18
385 455  3  28 30 20
383 372  3  29 31 22
350 380  3  30 27 24

 32
341 180  3  4 7 1
406 194  3  0 9 2
453 239  3  1 11 3
406 243  3  2 13 4
374 223  3  3 5 0
337 220  3  4 15 6
302 235  3  5 17 7
279 202  3  6 8 0
238 255  3  7 19 9
443 123  3  8 10 1
449 367  3  9 21 11
469 304  3  10 12 2
429 312  3  11 23 13
426 275  3  12 14 3
388 287  3  13 25 15
350 260  3  14 16 5
311 287  3  15 26 17
278 263  3  16 18 6
270 312  3  17 28 19
231 320  3  18 20 8
176 400  3  19 29 21
478 453  3  20 22 10
398 409  3  21 30 23
414 347  3  22 24 12
386 371  3  23 31 25
373 332  3  24 26 14
326 332  3  25 27 16
313 371  3  26 31 28
285 347  3  27 29 18
272 391  3  28 30 20
333 418  3  29 31 22
350 380  3  30 27 24

 32
358 180  3  4 7 1
293 194  3  0 9 2
418 112  3  1 11 3
461 255  3  2 13 4
420 202  3  3 5 0
400 237  3  4 15 6
366 221  3  5 17 7
329 222  3  6 8 0
296 240  3  7 19 9
246 240  3  8 10 1
230 304  3  9 21 11
281 487  3  10 12 2
439 380  3  11 23 13
468 320  3  12 14 3
429 304  3  13 25 15
423 267  3  14 16 5
384 280  3  15 26 17
350 260  3  16 18 6
315 280  3  17 28 19
275 271  3  18 20 8
272 320  3  19 29 21
250 367  3  20 22 10
316 415  3  21 30 23
383 415  3  22 24 12
393 367  3  23 31 25
419 340  3  24 26 14
384 320  3  25 27 16
350 340  3  26 31 28
315 320  3  27 29 18
290 353  3  28 30 20
321 374  3  29 31 22
358 379  3  30 27 24

 32
362 180  3  4 7 1
301 190  3  0 9 2
252 229  3  1 11 3
318 102  3  2 13 4
420 202  3  3 5 0
459 251  3  4 15 6
411 248  3  5 17 7
381 226  3  6 8 0
344 220  3  7 19 9
308 231  3  8 10 1
282 257  3  9 21 11
230 287  3  10 12 2
240 348  3  11 23 13
329 498  3  12 14 3
447 370  3  13 25 15
469 312  3  14 16 5
427 319  3  15 26 17
427 282  3  16 18 6
388 287  3  17 28 19
350 260  3  18 20 8
311 287  3  19 29 21
270 293  3  20 22 10
281 341  3  21 30 23
279 397  3  22 24 12
337 419  3  23 31 25
398 409  3  24 26 14
410 352  3  25 27 16
379 374  3  26 31 28
373 332  3  27 29 18
326 332  3  28 30 20
307 367  3  29 31 22
343 379  3  30 27 24

 32
410 196  3  4 7 1
350 180  3  0 9 2
289 196  3  1 11 3
246 240  3  2 13 4
308 145  3  3 5 0
590 300  3  4 15 6
470 300  3  5 17 7
453 239  3  6 8 0
419 259  3  7 19 9
390 230  3  8 10 1
350 220  3  9 21 11
309 230  3  10 12 2
280 260  3  11 23 13
230 300  3  12 14 3
246 360  3  13 25 15
308 454  3  14 16 5
410 403  3  15 26 17
453 360  3  16 18 6
419 340  3  17 28 19
430 300  3  18 20 8
388 287  3  19 29 21
350 260  3  20 22 10
311 287  3  21 30 23
270 300  3  22 24 12
280 340  3  23 31 25
290 403  3  24 26 14
350 420  3  25 27 16
350 380  3  26 31 28
390 369  3  27 29 18
373 332  3  28 30 20
326 332  3  29 31 22
310 369  3  30 27 24

 32
391 145  3  4 7 1
453 239  3  0 9 2
410 196  3  1 11 3
350 180  3  2 13 4
289 196  3  3 5 0
246 240  3  4 15 6
195 341  3  5 17 7
383 62  3  6 8 0
453 360  3  7 19 9
470 300  3  8 10 1
419 259  3  9 21 11
390 230  3  10 12 2
350 220  3  11 23 13
309 230  3  12 14 3
280 260  3  13 25 15
230 300  3  14 16 5
246 360  3  15 26 17
290 403  3  16 18 6
350 420  3  17 28 19
410 403  3  18 20 8
419 340  3  19 29 21
430 300  3  20 22 10
388 287  3  21 30 23
350 260  3  22 24 12
311 287  3  23 31 25
270 300  3  24 26 14
280 340  3  25 27 16
310 369  3  26 31 28
350 380  3  27 29 18
390 369  3  28 30 20
373 332  3  29 31 22
326 332  3  30 27 24

 32
407 150  3  4 7 1
544 441  3  0 9 2
447 370  3  1 11 3
469 312  3  2 13 4
459 251  3  3 5 0
420 202  3  4 15 6
362 180  3  5 17 7
301 190  3  6 8 0
252 229  3  7 19 9
203 365  3  8 10 1
337 419  3  9 21 11
398 409  3  10 12 2
414 347  3  11 23 13
429 308  3  12 14 3
423 267  3  13 25 15
397 235  3  14 16 5
358 220  3  15 26 17
317 226  3  16 18 6
285 252  3  17 28 19
230 287  3  18 20 8
240 348  3  19 29 21
279 397  3  20 22 10
341 379  3  21 30 23
382 373  3  22 24 12
373 332  3  23 31 25
388 287  3  24 26 14
350 260  3  25 27 16
311 287  3  26 31 28
270 291  3  27 29 18
276 332  3  28 30 20
302 364  3  29 31 22
326 332  3  30 27 24

 32
151 279  3  4 7 1
268 482  3  0 9 2
498 433  3  1 11 3
523 199  3  2 13 4
308 104  3  3 5 0
308 187  3  4 15 6
255 226  3  5 17 7
230 287  3  6 8 0
242 352  3  7 19 9
301 409  3  8 10 1
366 418  3  9 21 11
427 391  3  10 12 2
464 337  3  11 23 13
466 270  3  12 14 3
433 213  3  13 25 15
374 182  3  14 16 5
322 224  3  15 26 17
286 250  3  16 18 6
270 291  3  17 28 19
283 344  3  18 20 8
317 373  3  19 29 21
361 379  3  20 22 10
401 361  3  21 30 23
426 324  3  22 24 12
427 280  3  23 31 25
405 242  3  24 26 14
366 221  3  25 27 16
350 260  3  26 31 28
311 287  3  27 29 18
326 332  3  28 30 20
373 332  3  29 31 22
388 287  3  30 27 24

 32
350 260  3  4 7 1
388 287  3  0 9 2
373 332  3  1 11 3
326 332  3  2 13 4
311 287  3  3 5 0
283 255  3  4 15 6
317 226  3  5 18 7
361 220  3  6 8 0
401 238  3  7 19 9
426 275  3  8 10 1
427 319  3  9 21 11
405 357  3  10 12 2
366 378  3  11 23 13
322 375  3  12 14 3
286 349  3  13 25 15
270 308  3  14 16 5
250 232  3  15 26 17
301 190  3  16 28 18
366 181  3  17 19 6
427 208  3  18 20 8
464 262  3  19 29 21
466 329  3  20 22 10
433 386  3  21 30 23
374 417  3  22 24 12
308 412  3  23 31 25
255 373  3  24 26 14
230 312  3  25 27 16
150 293  3  26 31 28
294 107  3  27 29 17
515 188  3  28 30 20
507 423  3  29 31 22
281 487  3  30 27 24

 32
311 287  3  4 7 1
271 283  3  0 9 2
290 246  3  1 11 3
325 223  3  2 13 4
350 260  3  3 5 0
388 287  3  4 15 6
373 332  3  5 18 7
326 332  3  6 8 0
296 359  3  7 19 9
273 324  3  8 10 1
235 337  3  9 21 11
232 275  3  10 12 2
260 219  3  11 23 13
366 221  3  12 14 3
403 240  3  13 25 15
426 275  3  14 16 5
428 316  3  15 26 17
409 353  3  16 28 18
374 376  3  17 19 6
333 378  3  18 20 8
325 417  3  19 29 21
269 389  3  20 22 10
193 266  3  21 30 23
312 185  3  22 24 12
374 182  3  23 31 25
430 210  3  24 26 14
464 262  3  25 27 16
467 324  3  26 31 28
439 380  3  27 29 17
387 414  3  28 30 20
424 528  3  29 31 22
484 212  3  30 27 24

 32
350 260  3  4 7 1
311 287  3  0 9 2
278 264  3  1 11 3
307 232  3  2 13 4
350 220  3  3 5 0
392 232  3  4 15 6
421 264  3  5 18 7
388 287  3  6 8 0
373 332  3  7 19 9
326 332  3  8 10 1
294 357  3  9 21 11
272 319  3  10 12 2
242 247  3  11 23 13
286 198  3  12 14 3
350 180  3  13 25 15
413 198  3  14 16 5
457 247  3  15 26 17
469 312  3  16 28 18
429 308  3  17 19 6
413 349  3  18 20 8
377 375  3  19 29 21
333 378  3  20 22 10
266 386  3  21 30 23
233 329  3  22 24 12
150 293  3  23 31 25
294 107  3  24 26 14
515 188  3  25 27 16
507 423  3  26 31 28
444 373  3  27 29 17
391 412  3  28 30 20
325 417  3  29 31 22
281 487  3  30 27 24

 32
341 220  3  4 7 1
350 260  3  0 9 2
311 287  3  1 11 3
276 267  3  2 13 4
302 235  3  3 5 0
279 202  3  4 15 6
337 180  3  5 18 7
382 226  3  6 8 0
414 252  3  7 19 9
388 287  3  8 10 1
373 332  3  9 21 11
326 332  3  10 12 2
285 347  3  11 23 13
270 308  3  12 14 3
230 312  3  13 25 15
240 251  3  14 16 5
333 140  3  15 26 17
447 229  3  16 28 18
398 190  3  17 19 6
429 291  3  18 20 8
423 332  3  19 29 21
397 364  3  20 22 10
358 379  3  21 30 23
317 373  3  22 24 12
301 409  3  23 31 25
252 370  3  24 26 14
155 441  3  25 27 16
474 400  3  26 31 28
469 287  3  27 29 17
459 348  3  28 30 20
420 397  3  29 31 22
362 419  3  30 27 24

 32
313 228  3  4 7 1
350 220  3  0 9 2
350 260  3  1 11 3
311 287  3  2 13 4
285 252  3  3 5 0
270 300  3  4 15 6
255 226  3  5 18 7
308 187  3  6 8 0
374 182  3  7 19 9
386 228  3  8 10 1
414 252  3  9 21 11
388 287  3  10 12 2
373 332  3  11 23 13
326 332  3  12 14 3
302 364  3  13 25 15
278 336  3  14 16 5
250 367  3  15 26 17
230 304  3  16 28 18
159 238  3  17 19 6
443 123  3  18 20 8
433 213  3  19 29 21
429 287  3  20 22 10
426 324  3  21 30 23
406 356  3  22 24 12
374 376  3  23 31 25
337 379  3  24 26 14
301 409  3  25 27 16
366 418  3  26 31 28
377 498  3  27 29 17
466 270  3  28 30 20
464 337  3  29 31 22
427 391  3  30 27 24

 32
356 220  3  4 7 1
390 230  3  0 9 2
415 254  3  1 11 3
384 280  3  2 13 4
350 260  3  3 5 0
315 280  3  4 15 6
293 243  3  5 18 7
322 224  3  6 8 0
336 140  3  7 19 9
417 154  3  8 10 1
481 208  3  9 21 11
428 286  3  10 12 2
427 320  3  11 23 13
384 320  3  12 14 3
350 340  3  13 25 15
315 320  3  14 16 5
288 351  3  15 26 17
272 320  3  16 28 18
271 286  3  17 19 6
258 168  3  18 20 8
204 232  3  19 29 21
509 286  3  20 22 10
495 367  3  21 30 23
411 351  3  22 24 12
383 372  3  23 31 25
350 380  3  24 26 14
316 372  3  25 27 16
282 445  3  26 31 28
218 391  3  27 29 17
190 313  3  28 30 20
441 431  3  29 31 22
363 459  3  30 27 24

 32
309 230  3  4 7 1
258 168  3  0 9 2
336 140  3  1 11 3
377 224  3  2 13 4
343 220  3  3 5 0
350 260  3  4 15 6
315 280  3  5 18 7
284 254  3  6 8 0
270 300  3  7 19 9
204 232  3  8 10 1
190 313  3  9 21 11
417 154  3  10 12 2
481 208  3  11 23 13
406 243  3  12 14 3
425 272  3  13 25 15
384 280  3  14 16 5
384 320  3  15 26 17
350 340  3  16 28 18
315 320  3  17 19 6
277 333  3  18 20 8
298 361  3  19 29 21
218 391  3  20 22 10
282 445  3  21 30 23
509 286  3  22 24 12
495 367  3  23 31 25
429 306  3  24 26 14
419 340  3  25 27 16
395 365  3  26 31 28
363 378  3  27 29 17
329 377  3  28 30 20
363 459  3  29 31 22
441 431  3  30 27 24

 32
350 220  3  4 7 1
313 228  3  0 9 2
308 187  3  1 11 3
374 182  3  2 13 4
386 228  3  3 5 0
414 252  3  4 15 6
388 287  3  5 18 7
350 260  3  6 8 0
311 287  3  7 19 9
285 252  3  8 10 1
270 300  3  9 21 11
255 226  3  10 12 2
159 238  3  11 23 13
443 123  3  12 14 3
433 213  3  13 25 15
429 287  3  14 16 5
426 324  3  15 26 17
406 356  3  16 28 18
373 332  3  17 19 6
326 332  3  18 20 8
302 364  3  19 29 21
278 336  3  20 22 10
250 367  3  21 30 23
230 304  3  22 24 12
377 498  3  23 31 25
466 270  3  24 26 14
464 337  3  25 27 16
427 391  3  26 31 28
374 376  3  27 29 17
337 379  3  28 30 20
301 409  3  29 31 22
366 418  3  30 27 24

 32
390 230  3  4 7 1
356 220  3  0 9 2
322 224  3  1 11 3
336 140  3  2 13 4
417 154  3  3 5 0
481 208  3  4 15 6
428 286  3  5 18 7
415 254  3  6 8 0
384 280  3  7 19 9
350 260  3  8 10 1
315 280  3  9 21 11
293 243  3  10 12 2
271 286  3  11 23 13
258 168  3  12 14 3
204 232  3  13 25 15
509 286  3  14 16 5
495 367  3  15 26 17
411 351  3  16 28 18
427 320  3  17 19 6
384 320  3  18 20 8
350 340  3  19 29 21
315 320  3  20 22 10
288 351  3  21 30 23
272 320  3  22 24 12
218 391  3  23 31 25
190 313  3  24 26 14
441 431  3  25 27 16
363 459  3  26 31 28
383 372  3  27 29 17
350 380  3  28 30 20
316 372  3  29 31 22
282 445  3  30 27 24

 32
409 151  3  4 7 1
386 228  3  0 9 2
352 220  3  1 11 3
318 226  3  2 13 4
327 141  3  3 5 0
251 173  3  4 15 6
508 277  3  5 18 7
476 201  3  6 8 0
427 282  3  7 19 9
413 250  3  8 10 1
384 280  3  9 21 11
350 260  3  10 12 2
315 280  3  11 23 13
290 246  3  12 14 3
270 290  3  13 25 15
201 240  3  14 16 5
191 322  3  15 26 17
448 426  3  16 28 18
498 359  3  17 19 6
428 316  3  18 20 8
413 348  3  19 29 21
384 320  3  20 22 10
350 340  3  21 30 23
315 320  3  22 24 12
291 354  3  23 31 25
273 324  3  24 26 14
223 398  3  25 27 16
290 448  3  26 31 28
372 458  3  27 29 17
387 370  3  28 30 20
354 379  3  29 31 22
320 374  3  30 27 24

 32
336 140  3  4 7 1
417 154  3  0 9 2
390 230  3  1 11 3
356 220  3  2 13 4
322 224  3  3 5 0
293 243  3  4 15 6
204 232  3  5 18 7
258 168  3  6 8 0
509 286  3  7 19 9
481 208  3  8 10 1
428 286  3  9 21 11
415 254  3  10 12 2
384 280  3  11 23 13
350 260  3  12 14 3
315 280  3  13 25 15
274 272  3  14 16 5
272 320  3  15 26 17
218 391  3  16 28 18
190 313  3  17 19 6
495 367  3  18 20 8
441 431  3  19 29 21
427 320  3  20 22 10
411 351  3  21 30 23
384 320  3  22 24 12
350 340  3  23 31 25
315 320  3  24 26 14
288 351  3  25 27 16
316 372  3  26 31 28
282 445  3  27 29 17
363 459  3  28 30 20
383 372  3  29 31 22
350 380  3  30 27 24

 32
358 180  3  4 7 1
420 202  3  0 9 2
461 255  3  1 11 3
411 248  3  2 13 4
381 226  3  3 5 0
344 220  3  4 15 6
308 231  3  5 18 7
293 194  3  6 8 0
246 240  3  7 19 9
467 138  3  8 10 1
439 380  3  9 21 11
468 320  3  10 12 2
427 319  3  11 23 13
427 282  3  12 14 3
388 287  3  13 25 15
350 260  3  14 16 5
311 287  3  15 26 17
270 293  3  16 28 18
282 257  3  17 19 6
230 304  3  18 20 8
159 361  3  19 29 21
455 469  3  20 22 10
383 415  3  21 30 23
410 352  3  22 24 12
379 374  3  23 31 25
373 332  3  24 26 14
326 332  3  25 27 16
307 367  3  26 31 28
281 341  3  27 29 17
250 367  3  28 30 20
316 415  3  29 31 22
343 379  3  30 27 24

 32
269 210  3  4 7 1
190 291  3  0 9 2
424 71  3  1 11 3
387 185  3  2 13 4
325 182  3  3 5 0
333 221  3  4 15 6
296 240  3  5 18 7
235 262  3  6 8 0
232 324  3  7 19 9
260 380  3  8 10 1
312 414  3  9 21 11
457 418  3  10 12 2
467 275  3  11 23 13
439 219  3  12 14 3
409 246  3  13 25 15
374 223  3  14 16 5
350 260  3  15 26 17
311 287  3  16 28 18
273 275  3  17 19 6
271 316  3  18 20 8
290 353  3  19 29 21
374 417  3  20 22 10
430 389  3  21 30 23
464 337  3  22 24 12
426 324  3  23 31 25
428 283  3  24 26 14
388 287  3  25 27 16
373 332  3  26 31 28
326 332  3  27 29 17
325 376  3  28 30 20
366 378  3  29 31 22
403 359  3  30 27 24

 32
417 154  3  4 7 1
336 140  3  0 9 2
258 168  3  1 11 3
509 286  3  2 13 4
481 208  3  3 5 0
428 286  3  4 15 6
415 254  3  5 18 7
390 230  3  6 8 0
356 220  3  7 19 9
322 224  3  8 10 1
293 243  3  9 21 11
204 232  3  10 12 2
190 313  3  11 23 13
495 367  3  12 14 3
441 431  3  13 25 15
427 320  3  14 16 5
411 351  3  15 26 17
384 320  3  16 28 18
384 280  3  17 19 6
350 260  3  18 20 8
315 280  3  19 29 21
274 272  3  20 22 10
272 320  3  21 30 23
218 391  3  22 24 12
282 445  3  23 31 25
363 459  3  24 26 14
383 372  3  25 27 16
350 380  3  26 31 28
350 340  3  27 29 17
315 320  3  28 30 20
288 351  3  29 31 22
316 372  3  30 27 24

 32
420 202  3  4 7 1
358 180  3  0 9 2
293 194  3  1 11 3
246 240  3  2 13 4
467 138  3  3 5 0
439 380  3  4 15 6
468 320  3  5 18 7
461 255  3  6 8 0
411 248  3  7 19 9
381 226  3  8 10 1
344 220  3  9 21 11
308 231  3  10 12 2
282 257  3  11 23 13
230 304  3  12 14 3
159 361  3  13 25 15
455 469  3  14 16 5
383 415  3  15 26 17
410 352  3  16 28 18
427 319  3  17 19 6
427 282  3  18 20 8
388 287  3  19 29 21
350 260  3  20 22 10
311 287  3  21 30 23
270 293  3  22 24 12
281 341  3  23 31 25
250 367  3  24 26 14
316 415  3  25 27 16
343 379  3  26 31 28
379 374  3  27 29 17
373 332  3  28 30 20
326 332  3  29 31 22
307 367  3  30 27 24

 32
308 145  3  4 7 1
410 196  3  0 9 2
350 180  3  1 11 3
289 196  3  2 13 4
246 240  3  3 5 0
230 300  3  4 15 6
270 438  3  5 18 7
590 300  3  6 8 0
470 300  3  7 19 9
453 239  3  8 10 1
419 259  3  9 21 11
390 230  3  10 12 2
350 220  3  11 23 13
309 230  3  12 14 3
280 260  3  13 25 15
246 360  3  14 16 5
290 403  3  15 26 17
350 420  3  16 28 18
410 403  3  17 19 6
453 360  3  18 20 8
419 340  3  19 29 21
430 300  3  20 22 10
388 287  3  21 30 23
350 260  3  22 24 12
311 287  3  23 31 25
270 300  3  24 26 14
280 340  3  25 27 16
310 369  3  26 31 28
350 380  3  27 29 17
390 369  3  28 30 20
373 332  3  29 31 22
326 332  3  30 27 24

 32
498 166  3  4 7 1
523 400  3  0 9 2
461 344  3  1 11 3
468 279  3  2 13 4
439 219  3  3 5 0
383 184  3  4 15 6
316 184  3  5 18 7
268 117  3  6 8 0
151 320  3  7 19 9
308 495  3  8 10 1
358 419  3  9 21 11
420 397  3  10 12 2
419 340  3  11 23 13
429 297  3  12 14 3
416 255  3  13 25 15
382 226  3  14 16 5
338 220  3  15 26 17
298 238  3  16 28 18
260 219  3  17 19 6
231 279  3  18 20 8
238 344  3  19 29 21
293 405  3  20 22 10
344 379  3  21 30 23
387 370  3  22 24 12
373 332  3  23 31 25
388 287  3  24 26 14
350 260  3  25 27 16
311 287  3  26 31 28
273 275  3  27 29 17
275 329  3  28 30 20
302 364  3  29 31 22
326 332  3  30 27 24

 32
150 293  3  4 7 1
281 487  3  0 9 2
507 423  3  1 11 3
515 188  3  2 13 4
294 107  3  3 5 0
301 190  3  4 15 6
250 232  3  5 18 7
230 312  3  6 8 0
255 373  3  7 19 9
308 412  3  8 10 1
374 417  3  9 21 11
433 386  3  10 12 2
466 329  3  11 23 13
464 262  3  12 14 3
427 208  3  13 25 15
366 181  3  14 16 5
317 226  3  15 26 17
283 255  3  16 28 18
270 308  3  17 19 6
286 349  3  18 20 8
322 375  3  19 29 21
366 378  3  20 22 10
405 357  3  21 30 23
427 319  3  22 24 12
426 275  3  23 31 25
401 238  3  24 26 14
361 220  3  25 27 16
350 260  3  26 31 28
311 287  3  27 29 17
326 332  3  28 30 20
373 332  3  29 31 22
388 287  3  30 27 24

 32
350 260  3  4 7 1
388 287  3  0 9 2
373 332  3  1 11 3
326 332  3  2 13 4
311 287  3  3 5 0
283 255  3  4 15 6
317 226  3  5 18 7
361 220  3  6 8 0
401 238  3  7 20 9
426 275  3  8 10 1
427 319  3  9 21 11
405 357  3  10 12 2
366 378  3  11 23 13
322 375  3  12 14 3
286 349  3  13 25 15
270 308  3  14 16 5
233 270  3  15 26 17
266 213  3  16 28 18
325 182  3  17 19 6
391 187  3  18 29 20
444 226  3  19 21 8
469 287  3  20 22 10
457 352  3  21 30 23
413 401  3  22 24 12
350 420  3  23 31 25
286 401  3  24 26 14
242 352  3  25 27 16
170 387  3  26 31 28
211 156  3  27 29 17
443 123  3  28 30 19
546 334  3  29 31 22
377 498  3  30 27 24

 32
311 287  3  4 7 1
273 275  3  0 9 2
293 243  3  1 11 3
325 223  3  2 13 4
350 260  3  3 5 0
388 287  3  4 15 6
373 332  3  5 18 7
326 332  3  6 8 0
293 356  3  7 20 9
273 324  3  8 10 1
230 297  3  9 21 11
249 234  3  10 12 2
299 191  3  11 23 13
362 220  3  12 14 3
397 235  3  13 25 15
421 263  3  14 16 5
430 300  3  15 26 17
421 336  3  16 28 18
397 364  3  17 19 6
362 379  3  18 29 20
325 376  3  19 21 8
256 375  3  20 22 10
235 463  3  21 30 23
318 102  3  22 24 12
364 180  3  23 31 25
425 206  3  24 26 14
463 260  3  25 27 16
466 326  3  26 31 28
434 384  3  27 29 17
376 416  3  28 30 19
310 413  3  29 31 22
544 344  3  30 27 24

 32
350 260  3  4 7 1
311 287  3  0 9 2
273 275  3  1 11 3
298 238  3  2 13 4
338 220  3  3 5 0
382 226  3  4 15 6
416 255  3  5 18 7
388 287  3  6 8 0
373 332  3  7 20 9
326 332  3  8 10 1
302 364  3  9 21 11
275 329  3  10 12 2
230 304  3  11 23 13
246 240  3  12 14 3
293 194  3  13 25 15
358 180  3  14 16 5
420 202  3  15 26 17
461 255  3  16 28 18
429 297  3  17 19 6
419 340  3  18 29 20
387 370  3  19 21 8
344 379  3  20 22 10
316 415  3  21 30 23
260 380  3  22 24 12
170 387  3  23 31 25
211 156  3  24 26 14
443 123  3  25 27 16
546 334  3  26 31 28
468 320  3  27 29 17
439 380  3  28 30 19
383 415  3  29 31 22
377 498  3  30 27 24

 32
350 220  3  4 7 1
350 260  3  0 9 2
311 287  3  1 11 3
278 264  3  2 13 4
307 232  3  3 5 0
308 187  3  4 15 6
374 182  3  5 18 7
392 232  3  6 8 0
421 264  3  7 20 9
388 287  3  8 10 1
373 332  3  9 21 11
326 332  3  10 12 2
294 357  3  11 23 13
272 319  3  12 14 3
230 287  3  13 25 15
255 226  3  14 16 5
211 156  3  15 26 17
443 123  3  16 28 18
433 213  3  17 19 6
466 270  3  18 29 20
429 308  3  19 21 8
413 349  3  20 22 10
377 375  3  21 30 23
333 378  3  22 24 12
301 409  3  23 31 25
250 367  3  24 26 14
170 387  3  25 27 16
377 498  3  26 31 28
546 334  3  27 29 17
464 337  3  28 30 19
427 391  3  29 31 22
366 418  3  30 27 24

 32
313 228  3  4 7 1
350 220  3  0 9 2
350 260  3  1 11 3
311 287  3  2 13 4
285 252  3  3 5 0
270 300  3  4 15 6
255 226  3  5 18 7
308 187  3  6 8 0
374 182  3  7 20 9
386 228  3  8 10 1
414 252  3  9 21 11
388 287  3  10 12 2
373 332  3  11 23 13
326 332  3  12 14 3
302 364  3  13 25 15
278 336  3  14 16 5
250 367  3  15 26 17
230 304  3  16 28 18
159 238  3  17 19 6
523 199  3  18 29 20
433 213  3  19 21 8
429 287  3  20 22 10
426 324  3  21 30 23
406 356  3  22 24 12
374 376  3  23 31 25
337 379  3  24 26 14
301 409  3  25 27 16
366 418  3  26 31 28
377 498  3  27 29 17
466 270  3  28 30 19
464 337  3  29 31 22
427 391  3  30 27 24

 32
356 220  3  4 7 1
390 230  3  0 9 2
415 254  3  1 11 3
384 280  3  2 13 4
350 260  3  3 5 0
315 280  3  4 15 6
293 243  3  5 18 7
322 224  3  6 8 0
341 140  3  7 20 9
422 157  3  8 10 1
484 212  3  9 21 11
428 286  3  10 12 2
427 320  3  11 23 13
384 320  3  12 14 3
350 340  3  13 25 15
315 320  3  14 16 5
288 351  3  15 26 17
272 320  3  16 28 18
271 286  3  17 19 6
207 227  3  18 29 20
262 165  3  19 21 8
509 291  3  20 22 10
492 372  3  21 30 23
411 351  3  22 24 12
383 372  3  23 31 25
350 380  3  24 26 14
316 372  3  25 27 16
277 442  3  26 31 28
215 387  3  27 29 17
190 308  3  28 30 19
437 434  3  29 31 22
358 459  3  30 27 24

 32
316 227  3  4 7 1
269 161  3  0 9 2
349 140  3  1 11 3
383 227  3  2 13 4
350 220  3  3 5 0
350 260  3  4 15 6
315 280  3  5 18 7
288 248  3  6 8 0
270 293  3  7 20 9
211 220  3  8 10 1
190 300  3  9 21 11
430 161  3  10 12 2
488 219  3  11 23 13
411 248  3  12 14 3
427 279  3  13 25 15
384 280  3  14 16 5
384 320  3  15 26 17
350 340  3  16 28 18
315 320  3  17 19 6
293 356  3  18 29 20
274 327  3  19 21 8
211 380  3  20 22 10
270 438  3  21 30 23
510 300  3  22 24 12
488 380  3  23 31 25
428 313  3  24 26 14
415 345  3  25 27 16
390 369  3  26 31 28
356 379  3  27 29 17
322 375  3  28 30 19
350 460  3  29 31 22
430 438  3  30 27 24

 32
350 220  3  4 7 1
316 227  3  0 9 2
269 161  3  1 11 3
349 140  3  2 13 4
383 227  3  3 5 0
411 248  3  4 15 6
384 280  3  5 18 7
350 260  3  6 8 0
315 280  3  7 20 9
288 248  3  8 10 1
270 293  3  9 21 11
211 220  3  10 12 2
190 300  3  11 23 13
430 161  3  12 14 3
488 219  3  13 25 15
427 279  3  14 16 5
428 313  3  15 26 17
415 345  3  16 28 18
384 320  3  17 19 6
350 340  3  18 29 20
315 320  3  19 21 8
274 327  3  20 22 10
293 356  3  21 30 23
211 380  3  22 24 12
270 438  3  23 31 25
510 300  3  24 26 14
488 380  3  25 27 16
430 438  3  26 31 28
390 369  3  27 29 17
356 379  3  28 30 19
322 375  3  29 31 22
350 460  3  30 27 24

 32
386 228  3  4 7 1
350 220  3  0 9 2
313 228  3  1 11 3
308 187  3  2 13 4
374 182  3  3 5 0
433 213  3  4 15 6
429 287  3  5 18 7
414 252  3  6 8 0
388 287  3  7 20 9
350 260  3  8 10 1
311 287  3  9 21 11
285 252  3  10 12 2
270 300  3  11 23 13
255 226  3  12 14 3
159 238  3  13 25 15
523 199  3  14 16 5
466 270  3  15 26 17
464 337  3  16 28 18
426 324  3  17 19 6
406 356  3  18 29 20
373 332  3  19 21 8
326 332  3  20 22 10
302 364  3  21 30 23
278 336  3  22 24 12
250 367  3  23 31 25
230 304  3  24 26 14
377 498  3  25 27 16
366 418  3  26 31 28
427 391  3  27 29 17
374 376  3  28 30 19
337 379  3  29 31 22
301 409  3  30 27 24

 32
422 157  3  4 7 1
390 230  3  0 9 2
356 220  3  1 11 3
322 224  3  2 13 4
341 140  3  3 5 0
262 165  3  4 15 6
509 291  3  5 18 7
484 212  3  6 8 0
428 286  3  7 20 9
415 254  3  8 10 1
384 280  3  9 21 11
350 260  3  10 12 2
315 280  3  11 23 13
293 243  3  12 14 3
271 286  3  13 25 15
207 227  3  14 16 5
190 308  3  15 26 17
437 434  3  16 28 18
492 372  3  17 19 6
411 351  3  18 29 20
427 320  3  19 21 8
384 320  3  20 22 10
350 340  3  21 30 23
315 320  3  22 24 12
288 351  3  23 31 25
272 320  3  24 26 14
215 387  3  25 27 16
277 442  3  26 31 28
358 459  3  27 29 17
383 372  3  28 30 19
350 380  3  29 31 22
316 372  3  30 27 24

 32
341 140  3  4 7 1
422 157  3  0 9 2
390 230  3  1 11 3
356 220  3  2 13 4
322 224  3  3 5 0
293 243  3  4 15 6
207 227  3  5 18 7
262 165  3  6 8 0
509 291  3  7 20 9
484 212  3  8 10 1
428 286  3  9 21 11
415 254  3  10 12 2
384 280  3  11 23 13
350 260  3  12 14 3
315 280  3  13 25 15
274 272  3  14 16 5
272 320  3  15 26 17
215 387  3  16 28 18
190 308  3  17 19 6
437 434  3  18 29 20
492 372  3  19 21 8
427 320  3  20 22 10
411 351  3  21 30 23
384 320  3  22 24 12
350 340  3  23 31 25
315 320  3  24 26 14
288 351  3  25 27 16
316 372  3  26 31 28
277 442  3  27 29 17
358 459  3  28 30 19
383 372  3  29 31 22
350 380  3  30 27 24

 32
358 180  3  4 7 1
420 202  3  0 9 2
461 255  3  1 11 3
411 248  3  2 13 4
381 226  3  3 5 0
344 220  3  4 15 6
308 231  3  5 18 7
293 194  3  6 8 0
246 240  3  7 20 9
467 138  3  8 10 1
439 380  3  9 21 11
468 320  3  10 12 2
427 319  3  11 23 13
427 282  3  12 14 3
388 287  3  13 25 15
350 260  3  14 16 5
311 287  3  15 26 17
270 293  3  16 28 18
282 257  3  17 19 6
230 304  3  18 29 20
155 251  3  19 21 8
455 469  3  20 22 10
383 415  3  21 30 23
410 352  3  22 24 12
379 374  3  23 31 25
373 332  3  24 26 14
326 332  3  25 27 16
307 367  3  26 31 28
281 341  3  27 29 17
250 367  3  28 30 19
316 415  3  29 31 22
343 379  3  30 27 24

 32
279 202  3  4 7 1
221 146  3  0 9 2
455 130  3  1 11 3
406 194  3  2 13 4
341 180  3  3 5 0
322 224  3  4 15 6
286 250  3  5 18 7
238 255  3  6 8 0
231 320  3  7 20 9
164 374  3  8 10 1
363 499  3  9 21 11
544 348  3  10 12 2
469 304  3  11 23 13
453 239  3  12 14 3
405 242  3  13 25 15
366 221  3  14 16 5
350 260  3  15 26 17
311 287  3  16 28 18
270 291  3  17 19 6
283 344  3  18 29 20
260 380  3  19 21 8
333 418  3  20 22 10
398 409  3  21 30 23
449 367  3  22 24 12
426 324  3  23 31 25
427 280  3  24 26 14
388 287  3  25 27 16
373 332  3  26 31 28
326 332  3  27 29 17
317 373  3  28 30 19
361 379  3  29 31 22
401 361  3  30 27 24

 32
350 180  3  4 7 1
286 198  3  0 9 2
529 212  3  1 11 3
457 247  3  2 13 4
413 198  3  3 5 0
397 235  3  4 15 6
362 220  3  5 18 7
325 223  3  6 8 0
293 243  3  7 20 9
242 247  3  8 10 1
230 312  3  9 21 11
266 386  3  10 12 2
256 476  3  11 23 13
546 265  3  12 14 3
469 312  3  13 25 15
421 263  3  14 16 5
430 300  3  15 26 17
388 287  3  16 28 18
350 260  3  17 19 6
311 287  3  18 29 20
273 275  3  19 21 8
273 324  3  20 22 10
293 356  3  21 30 23
325 417  3  22 24 12
391 412  3  23 31 25
444 373  3  24 26 14
421 336  3  25 27 16
397 364  3  26 31 28
373 332  3  27 29 17
326 332  3  28 30 19
325 376  3  29 31 22
362 379  3  30 27 24

 32
484 212  3  4 7 1
422 157  3  0 9 2
341 140  3  1 11 3
262 165  3  2 13 4
509 291  3  3 5 0
492 372  3  4 15 6
427 320  3  5 18 7
428 286  3  6 8 0
415 254  3  7 20 9
390 230  3  8 10 1
356 220  3  9 21 11
322 224  3  10 12 2
293 243  3  11 23 13
207 227  3  12 14 3
190 308  3  13 25 15
437 434  3  14 16 5
358 459  3  15 26 17
383 372  3  16 28 18
411 351  3  17 19 6
384 320  3  18 29 20
384 280  3  19 21 8
350 260  3  20 22 10
315 280  3  21 30 23
274 272  3  22 24 12
272 320  3  23 31 25
215 387  3  24 26 14
277 442  3  25 27 16
316 372  3  26 31 28
350 380  3  27 29 17
350 340  3  28 30 19
315 320  3  29 31 22
288 351  3  30 27 24

 32
467 138  3  4 7 1
420 202  3  0 9 2
358 180  3  1 11 3
293 194  3  2 13 4
246 240  3  3 5 0
155 251  3  4 15 6
455 469  3  5 18 7
439 380  3  6 8 0
468 320  3  7 20 9
461 255  3  8 10 1
411 248  3  9 21 11
381 226  3  10 12 2
344 220  3  11 23 13
308 231  3  12 14 3
282 257  3  13 25 15
230 304  3  14 16 5
250 367  3  15 26 17
316 415  3  16 28 18
383 415  3  17 19 6
410 352  3  18 29 20
427 319  3  19 21 8
427 282  3  20 22 10
388 287  3  21 30 23
350 260  3  22 24 12
311 287  3  23 31 25
270 293  3  24 26 14
281 341  3  25 27 16
307 367  3  26 31 28
343 379  3  27 29 17
379 374  3  28 30 19
373 332  3  29 31 22
326 332  3  30 27 24

 32
443 123  3  4 7 1
546 334  3  0 9 2
468 320  3  1 11 3
461 255  3  2 13 4
420 202  3  3 5 0
358 180  3  4 15 6
293 194  3  5 18 7
211 156  3  6 8 0
170 387  3  7 20 9
377 498  3  8 10 1
383 415  3  9 21 11
439 380  3  10 12 2
419 340  3  11 23 13
429 297  3  12 14 3
416 255  3  13 25 15
382 226  3  14 16 5
338 220  3  15 26 17
298 238  3  16 28 18
246 240  3  17 19 6
230 304  3  18 29 20
260 380  3  19 21 8
316 415  3  20 22 10
344 379  3  21 30 23
387 370  3  22 24 12
373 332  3  23 31 25
388 287  3  24 26 14
350 260  3  25 27 16
311 287  3  26 31 28
273 275  3  27 29 17
275 329  3  28 30 19
302 364  3  29 31 22
326 332  3  30 27 24

 32
170 387  3  4 7 1
377 498  3  0 9 2
546 334  3  1 11 3
443 123  3  2 13 4
211 156  3  3 5 0
255 226  3  4 15 6
230 287  3  5 18 7
250 367  3  6 8 0
301 409  3  7 20 9
366 418  3  8 10 1
427 391  3  9 21 11
464 337  3  10 12 2
466 270  3  11 23 13
433 213  3  12 14 3
374 182  3  13 25 15
308 187  3  14 16 5
307 232  3  15 26 17
278 264  3  16 28 18
272 319  3  17 19 6
294 357  3  18 29 20
333 378  3  19 21 8
377 375  3  20 22 10
413 349  3  21 30 23
429 308  3  22 24 12
421 264  3  23 31 25
392 232  3  24 26 14
350 220  3  25 27 16
350 260  3  26 31 28
311 287  3  27 29 17
326 332  3  28 30 19
373 332  3  29 31 22
388 287  3  30 27 24

 32
350 260  3  4 7 1
388 287  3  0 9 2
373 332  3  1 11 3
326 332  3  2 14 4
311 287  3  3 5 0
285 252  3  4 16 6
317 226  3  5 18 7
358 220  3  6 8 0
397 235  3  7 20 9
423 267  3  8 10 1
429 308  3  9 22 11
414 347  3  10 12 2
382 373  3  11 23 13
341 379  3  12 25 14
302 364  3  13 15 3
276 332  3  14 26 16
270 291  3  15 17 5
252 229  3  16 28 18
301 190  3  17 19 6
362 180  3  18 29 20
420 202  3  19 21 8
459 251  3  20 30 22
469 312  3  21 23 10
447 370  3  22 24 12
398 409  3  23 31 25
337 419  3  24 26 13
279 397  3  25 27 15
240 348  3  26 31 28
230 287  3  27 29 17
249 175  3  28 30 19
177 133  3  29 31 21
292 449  3  30 27 24

 32
311 287  3  4 7 1
273 275  3  0 9 2
296 240  3  1 11 3
333 221  3  2 14 4
350 260  3  3 5 0
388 287  3  4 16 6
373 332  3  5 18 7
326 332  3  6 8 0
290 353  3  7 20 9
271 316  3  8 10 1
232 324  3  9 22 11
235 262  3  10 12 2
269 210  3  11 23 13
325 182  3  12 25 14
374 223  3  13 15 3
409 246  3  14 26 16
428 283  3  15 17 5
426 324  3  16 28 18
403 359  3  17 19 6
366 378  3  18 29 20
325 376  3  19 21 8
312 414  3  20 30 22
260 380  3  21 23 10
190 291  3  22 24 12
424 71  3  23 31 25
387 185  3  24 26 13
439 219  3  25 27 15
467 275  3  26 31 28
464 337  3  27 29 17
430 389  3  28 30 19
374 417  3  29 31 21
484 387  3  30 27 24

 32
350 260  3  4 7 1
311 287  3  0 9 2
276 267  3  1 11 3
302 235  3  2 14 4
341 220  3  3 5 0
382 226  3  4 16 6
414 252  3  5 18 7
388 287  3  6 8 0
373 332  3  7 20 9
326 332  3  8 10 1
285 347  3  9 22 11
270 308  3  10 12 2
230 312  3  11 23 13
240 251  3  12 25 14
279 202  3  13 15 3
337 180  3  14 26 16
398 190  3  15 17 5
447 229  3  16 28 18
429 291  3  17 19 6
423 332  3  18 29 20
397 364  3  19 21 8
358 379  3  20 30 22
317 373  3  21 23 10
252 370  3  22 24 12
301 409  3  23 31 25
200 357  3  24 26 13
138 412  3  25 27 15
474 400  3  26 31 28
469 287  3  27 29 17
459 348  3  28 30 19
420 397  3  29 31 21
362 419  3  30 27 24

 32
350 220  3  4 7 1
350 260  3  0 9 2
311 287  3  1 11 3
280 260  3  2 14 4
309 230  3  3 5 0
289 196  3  4 16 6
350 180  3  5 18 7
390 230  3  6 8 0
419 259  3  7 20 9
388 287  3  8 10 1
373 332  3  9 22 11
326 332  3  10 12 2
310 369  3  11 23 13
280 340  3  12 25 14
270 300  3  13 15 3
230 300  3  14 26 16
246 240  3  15 17 5
308 145  3  16 28 18
410 196  3  17 19 6
453 239  3  18 29 20
430 300  3  19 21 8
419 340  3  20 30 22
390 369  3  21 23 10
350 380  3  22 24 12
350 420  3  23 31 25
290 403  3  24 26 13
246 360  3  25 27 15
308 454  3  26 31 28
590 300  3  27 29 17
470 300  3  28 30 19
453 360  3  29 31 21
410 403  3  30 27 24

 32
325 223  3  4 7 1
362 220  3  0 9 2
350 260  3  1 11 3
315 280  3  2 14 4
293 243  3  3 5 0
270 287  3  4 16 6
260 219  3  5 18 7
316 184  3  6 8 0
383 184  3  7 20 9
397 235  3  8 10 1
421 263  3  9 22 11
384 280  3  10 12 2
384 320  3  11 23 13
350 340  3  12 25 14
315 320  3  13 15 3
293 356  3  14 26 16
273 324  3  15 17 5
246 360  3  16 28 18
230 295  3  17 19 6
281 112  3  18 29 20
439 219  3  19 21 8
468 279  3  20 30 22
430 300  3  21 23 10
421 336  3  22 24 12
397 364  3  23 31 25
362 379  3  24 26 13
325 376  3  25 27 15
358 419  3  26 31 28
293 405  3  27 29 17
418 487  3  28 30 19
461 344  3  29 31 21
420 397  3  30 27 24

 32
350 220  3  4 7 1
383 227  3  0 9 2
411 248  3  1 11 3
384 280  3  2 14 4
350 260  3  3 5 0
315 280  3  4 16 6
288 248  3  5 18 7
316 227  3  6 8 0
329 181  3  7 20 9
394 188  3  8 10 1
447 229  3  9 22 11
427 279  3  10 12 2
428 313  3  11 23 13
415 345  3  12 25 14
384 320  3  13 15 3
350 340  3  14 26 16
315 320  3  15 17 5
274 327  3  16 28 18
270 293  3  17 19 6
234 266  3  18 29 20
269 210  3  19 21 8
549 286  3  20 30 22
469 291  3  21 23 10
455 356  3  22 24 12
410 403  3  23 31 25
390 369  3  24 26 13
356 379  3  25 27 15
322 375  3  26 31 28
293 356  3  27 29 17
240 348  3  28 30 19
282 399  3  29 31 21
345 419  3  30 27 24

 32
302 235  3  4 7 1
271 209  3  0 9 2
331 181  3  1 11 3
374 223  3  2 14 4
337 220  3  3 5 0
350 260  3  4 16 6
311 287  3  5 18 7
278 263  3  6 8 0
270 312  3  7 20 9
235 264  3  8 10 1
150 310  3  9 22 11
374 101  3  10 12 2
396 189  3  11 23 13
448 231  3  12 25 14
406 243  3  13 15 3
426 275  3  14 26 16
388 287  3  15 17 5
373 332  3  16 28 18
326 332  3  17 19 6
313 371  3  18 29 20
285 347  3  19 21 8
281 398  3  20 30 22
239 346  3  21 23 10
524 396  3  22 24 12
454 358  3  23 31 25
469 293  3  24 26 13
429 312  3  25 27 15
414 347  3  26 31 28
386 371  3  27 29 17
350 380  3  28 30 19
343 419  3  29 31 21
408 404  3  30 27 24

 32
362 220  3  4 7 1
325 223  3  0 9 2
316 184  3  1 11 3
383 184  3  2 14 4
397 235  3  3 5 0
421 263  3  4 16 6
384 280  3  5 18 7
350 260  3  6 8 0
315 280  3  7 20 9
293 243  3  8 10 1
270 287  3  9 22 11
260 219  3  10 12 2
230 295  3  11 23 13
281 112  3  12 25 14
439 219  3  13 15 3
468 279  3  14 26 16
430 300  3  15 17 5
421 336  3  16 28 18
384 320  3  17 19 6
350 340  3  18 29 20
315 320  3  19 21 8
293 356  3  20 30 22
273 324  3  21 23 10
246 360  3  22 24 12
293 405  3  23 31 25
418 487  3  24 26 13
461 344  3  25 27 15
420 397  3  26 31 28
397 364  3  27 29 17
362 379  3  28 30 19
325 376  3  29 31 21
358 419  3  30 27 24

 32
383 227  3  4 7 1
350 220  3  0 9 2
316 227  3  1 11 3
329 181  3  2 14 4
394 188  3  3 5 0
447 229  3  4 16 6
427 279  3  5 18 7
411 248  3  6 8 0
384 280  3  7 20 9
350 260  3  8 10 1
315 280  3  9 22 11
288 248  3  10 12 2
270 293  3  11 23 13
234 266  3  12 25 14
269 210  3  13 15 3
549 286  3  14 26 16
469 291  3  15 17 5
455 356  3  16 28 18
428 313  3  17 19 6
415 345  3  18 29 20
384 320  3  19 21 8
350 340  3  20 30 22
315 320  3  21 23 10
274 327  3  22 24 12
293 356  3  23 31 25
240 348  3  24 26 13
282 399  3  25 27 15
345 419  3  26 31 28
410 403  3  27 29 17
390 369  3  28 30 19
356 379  3  29 31 21
322 375  3  30 27 24

 32
413 198  3  4 7 1
397 235  3  0 9 2
362 220  3  1 11 3
325 223  3  2 14 4
350 180  3  3 5 0
294 107  3  4 16 6
546 265  3  5 18 7
457 247  3  6 8 0
430 300  3  7 20 9
421 263  3  8 10 1
388 287  3  9 22 11
350 260  3  10 12 2
311 287  3  11 23 13
273 275  3  12 25 14
293 243  3  13 15 3
242 247  3  14 26 16
286 198  3  15 17 5
548 320  3  16 28 18
469 312  3  17 19 6
444 373  3  18 29 20
421 336  3  19 21 8
397 364  3  20 30 22
373 332  3  21 23 10
326 332  3  22 24 12
293 356  3  23 31 25
273 324  3  24 26 13
230 312  3  25 27 15
266 386  3  26 31 28
325 417  3  27 29 17
391 412  3  28 30 19
362 379  3  29 31 21
325 376  3  30 27 24

 32
301 190  3  4 7 1
362 180  3  0 9 2
317 226  3  1 11 3
285 252  3  2 14 4
252 229  3  3 5 0
230 287  3  4 16 6
111 274  3  5 18 7
407 150  3  6 8 0
459 251  3  7 20 9
420 202  3  8 10 1
397 235  3  9 22 11
358 220  3  10 12 2
350 260  3  11 23 13
311 287  3  12 25 14
270 291  3  13 15 3
276 332  3  14 26 16
240 348  3  15 17 5
279 397  3  16 28 18
375 458  3  17 19 6
447 370  3  18 29 20
469 312  3  19 21 8
429 308  3  20 30 22
423 267  3  21 23 10
388 287  3  22 24 12
373 332  3  23 31 25
326 332  3  24 26 13
302 364  3  25 27 15
341 379  3  26 31 28
337 419  3  27 29 17
398 409  3  28 30 19
414 347  3  29 31 21
382 373  3  30 27 24

 32
337 180  3  4 7 1
398 190  3  0 9 2
397 235  3  1 11 3
362 220  3  2 14 4
325 223  3  3 5 0
293 243  3  4 16 6
240 251  3  5 18 7
279 202  3  6 8 0
381 102  3  7 20 9
447 229  3  8 10 1
469 287  3  9 22 11
421 263  3  10 12 2
430 300  3  11 23 13
388 287  3  12 25 14
350 260  3  13 15 3
311 287  3  14 26 16
273 275  3  15 17 5
273 324  3  16 28 18
230 312  3  17 19 6
252 370  3  18 29 20
318 497  3  19 21 8
420 397  3  20 30 22
459 348  3  21 23 10
421 336  3  22 24 12
397 364  3  23 31 25
373 332  3  24 26 13
326 332  3  25 27 15
325 376  3  26 31 28
293 356  3  27 29 17
301 409  3  28 30 19
362 419  3  29 31 21
362 379  3  30 27 24

 32
335 180  3  4 7 1
400 191  3  0 9 2
450 234  3  1 11 3
406 243  3  2 14 4
374 223  3  3 5 0
337 220  3  4 16 6
302 235  3  5 18 7
274 206  3  6 8 0
236 260  3  7 20 9
271 115  3  8 10 1
486 446  3  9 22 11
469 297  3  10 12 2
452 361  3  11 23 13
429 312  3  12 25 14
426 275  3  13 15 3
384 280  3  14 26 16
350 260  3  15 17 5
315 280  3  16 28 18
278 263  3  17 19 6
270 312  3  18 29 20
233 326  3  19 21 8
277 395  3  20 30 22
339 419  3  21 23 10
404 406  3  22 24 12
386 371  3  23 31 25
414 347  3  24 26 13
384 320  3  25 27 15
350 340  3  26 31 28
315 320  3  27 29 17
285 347  3  28 30 19
313 371  3  29 31 21
350 380  3  30 27 24

 32
362 180  3  4 7 1
301 190  3  0 9 2
407 150  3  1 11 3
459 251  3  2 14 4
420 202  3  3 5 0
397 235  3  4 16 6
358 220  3  5 18 7
317 226  3  6 8 0
285 252  3  7 20 9
252 229  3  8 10 1
230 287  3  9 22 11
111 274  3  10 12 2
375 458  3  11 23 13
447 370  3  12 25 14
469 312  3  13 15 3
429 308  3  14 26 16
423 267  3  15 17 5
388 287  3  16 28 18
350 260  3  17 19 6
311 287  3  18 29 20
270 291  3  19 21 8
276 332  3  20 30 22
240 348  3  21 23 10
279 397  3  22 24 12
337 419  3  23 31 25
398 409  3  24 26 13
414 347  3  25 27 15
382 373  3  26 31 28
373 332  3  27 29 17
326 332  3  28 30 19
302 364  3  29 31 21
341 379  3  30 27 24

 32
398 190  3  4 7 1
337 180  3  0 9 2
279 202  3  1 11 3
381 102  3  2 14 4
447 229  3  3 5 0
469 287  3  4 16 6
421 263  3  5 18 7
397 235  3  6 8 0
362 220  3  7 20 9
325 223  3  8 10 1
293 243  3  9 22 11
240 251  3  10 12 2
230 312  3  11 23 13
252 370  3  12 25 14
318 497  3  13 15 3
420 397  3  14 26 16
459 348  3  15 17 5
421 336  3  16 28 18
430 300  3  17 19 6
388 287  3  18 29 20
350 260  3  19 21 8
311 287  3  20 30 22
273 275  3  21 23 10
273 324  3  22 24 12
293 356  3  23 31 25
301 409  3  24 26 13
362 419  3  25 27 15
362 379  3  26 31 28
397 364  3  27 29 17
373 332  3  28 30 19
326 332  3  29 31 21
325 376  3  30 27 24

 32
469 285  3  4 7 1
443 224  3  0 9 2
389 186  3  1 11 3
323 183  3  2 14 4
464 136  3  3 5 0
298 493  3  4 16 6
415 400  3  5 18 7
458 350  3  6 8 0
427 317  3  7 20 9
427 280  3  8 10 1
410 247  3  9 22 11
379 225  3  10 12 2
343 220  3  11 23 13
307 232  3  12 25 14
265 215  3  13 15 3
233 273  3  14 26 16
243 354  3  15 17 5
288 402  3  16 28 18
352 419  3  17 19 6
381 373  3  18 29 20
411 351  3  19 21 8
384 320  3  20 30 22
384 280  3  21 23 10
350 260  3  22 24 12
315 280  3  23 31 25
281 258  3  24 26 13
270 306  3  25 27 15
282 342  3  26 31 28
308 368  3  27 29 17
344 379  3  28 30 19
350 340  3  29 31 21
315 320  3  30 27 24

 32
370 60  3  4 7 1
492 372  3  0 9 2
464 262  3  1 11 3
430 210  3  2 14 4
374 182  3  3 5 0
312 185  3  4 16 6
260 219  3  5 18 7
197 349  3  6 8 0
325 417  3  7 20 9
387 414  3  8 10 1
439 380  3  9 22 11
467 324  3  10 12 2
428 316  3  11 23 13
426 275  3  12 25 14
403 240  3  13 15 3
366 221  3  14 26 16
325 223  3  15 17 5
290 246  3  16 28 18
232 275  3  17 19 6
235 337  3  18 29 20
269 389  3  19 21 8
333 378  3  20 30 22
374 376  3  21 23 10
409 353  3  22 24 12
373 332  3  23 31 25
388 287  3  24 26 13
350 260  3  25 27 15
311 287  3  26 31 28
271 283  3  27 29 17
273 324  3  28 30 19
296 359  3  29 31 21
326 332  3  30 27 24

 32
191 325  3  4 7 1
473 505  3  0 9 2
444 170  3  1 11 3
301 190  3  2 14 4
252 229  3  3 5 0
230 287  3  4 16 6
240 348  3  5 18 7
279 397  3  6 8 0
337 419  3  7 20 9
398 409  3  8 10 1
447 370  3  9 22 11
469 312  3  10 12 2
459 251  3  11 23 13
420 202  3  12 25 14
362 180  3  13 15 3
317 226  3  14 26 16
285 252  3  15 17 5
270 291  3  16 28 18
276 332  3  17 19 6
302 364  3  18 29 20
341 379  3  19 21 8
382 373  3  20 30 22
414 347  3  21 23 10
429 308  3  22 24 12
423 267  3  23 31 25
397 235  3  24 26 13
358 220  3  25 27 15
350 260  3  26 31 28
311 287  3  27 29 17
326 332  3  28 30 19
373 332  3  29 31 21
388 287  3  30 27 24

 32
350 260  3  4 7 1
388 287  3  0 9 2
373 332  3  1 11 3
326 332  3  2 14 4
311 287  3  3 5 0
285 252  3  4 16 6
317 226  3  5 18 7
358 220  3  6 8 0
397 235  3  7 20 9
423 267  3  8 10 1
429 308  3  9 22 11
414 347  3  10 12 2
382 373  3  11 23 13
341 379  3  12 25 14
302 364  3  13 15 3
276 332  3  14 27 16
270 291  3  15 17 5
252 229  3  16 28 18
301 190  3  17 19 6
362 180  3  18 29 20
420 202  3  19 21 8
459 251  3  20 31 22
469 312  3  21 23 10
447 370  3  22 24 12
398 409  3  23 31 25
337 419  3  24 26 13
279 397  3  25 30 27
240 348  3  26 28 15
230 287  3  27 29 17
249 175  3  28 30 19
208 494  3  29 26 31
499 357  3  30 24 21

 32
311 287  3  4 7 1
273 275  3  0 9 2
296 240  3  1 11 3
333 221  3  2 14 4
350 260  3  3 5 0
388 287  3  4 16 6
373 332  3  5 18 7
326 332  3  6 8 0
290 353  3  7 20 9
271 316  3  8 10 1
230 287  3  9 22 11
255 226  3  10 12 2
308 187  3  11 23 13
374 182  3  12 25 14
374 223  3  13 15 3
409 246  3  14 27 16
428 283  3  15 17 5
426 324  3  16 28 18
403 359  3  17 19 6
366 378  3  18 29 20
325 376  3  19 21 8
301 409  3  20 31 22
250 367  3  21 23 10
159 238  3  22 24 12
540 361  3  23 31 25
433 213  3  24 26 13
523 199  3  25 30 27
466 270  3  26 28 15
464 337  3  27 29 17
427 391  3  28 30 19
431 482  3  29 26 31
366 418  3  30 24 21

 32
350 260  3  4 7 1
311 287  3  0 9 2
276 267  3  1 11 3
302 235  3  2 14 4
341 220  3  3 5 0
382 226  3  4 16 6
414 252  3  5 18 7
388 287  3  6 8 0
373 332  3  7 20 9
326 332  3  8 10 1
285 347  3  9 22 11
270 308  3  10 12 2
230 312  3  11 23 13
240 251  3  12 25 14
279 202  3  13 15 3
337 180  3  14 27 16
398 190  3  15 17 5
447 229  3  16 28 18
429 291  3  17 19 6
423 332  3  18 29 20
397 364  3  19 21 8
358 379  3  20 31 22
317 373  3  21 23 10
252 370  3  22 24 12
301 409  3  23 31 25
200 357  3  24 26 13
491 494  3  25 30 27
450 175  3  26 28 15
469 287  3  27 29 17
459 348  3  28 30 19
420 397  3  29 26 31
362 419  3  30 24 21

 32
350 220  3  4 7 1
350 260  3  0 9 2
311 287  3  1 11 3
280 260  3  2 14 4
309 230  3  3 5 0
325 182  3  4 16 6
391 187  3  5 18 7
390 230  3  6 8 0
419 259  3  7 20 9
388 287  3  8 10 1
373 332  3  9 22 11
326 332  3  10 12 2
310 369  3  11 23 13
280 340  3  12 25 14
270 300  3  13 15 3
233 270  3  14 27 16
266 213  3  15 17 5
363 100  3  16 28 18
444 226  3  17 19 6
469 287  3  18 29 20
430 300  3  19 21 8
419 340  3  20 31 22
390 369  3  21 23 10
350 380  3  22 24 12
350 420  3  23 31 25
286 401  3  24 26 13
201 433  3  25 30 27
242 352  3  26 28 15
350 500  3  27 29 17
457 352  3  28 30 19
498 433  3  29 26 31
413 401  3  30 24 21

 32
329 222  3  4 7 1
363 221  3  0 9 2
350 260  3  1 11 3
315 280  3  2 14 4
298 238  3  3 5 0
272 279  3  4 16 6
271 209  3  5 18 7
331 181  3  6 8 0
396 189  3  7 20 9
395 234  3  8 10 1
419 259  3  9 22 11
384 280  3  10 12 2
384 320  3  11 23 13
350 340  3  12 25 14
315 320  3  13 15 3
284 345  3  14 27 16
271 313  3  15 17 5
239 346  3  16 28 18
231 281  3  17 19 6
339 499  3  18 29 20
448 231  3  19 21 8
469 293  3  20 31 22
429 293  3  21 23 10
425 327  3  22 24 12
406 356  3  23 31 25
377 375  3  24 26 13
343 379  3  25 30 27
310 369  3  26 28 15
281 398  3  27 29 17
343 419  3  28 30 19
408 404  3  29 26 31
454 358  3  30 24 21

 32
343 220  3  4 7 1
377 224  3  0 9 2
406 243  3  1 11 3
384 280  3  2 14 4
350 260  3  3 5 0
315 280  3  4 16 6
284 254  3  5 18 7
309 230  3  6 8 0
297 192  3  7 20 9
362 180  3  8 10 1
423 205  3  9 22 11
425 272  3  10 12 2
429 306  3  11 23 13
419 340  3  12 25 14
384 320  3  13 15 3
350 340  3  14 27 16
315 320  3  15 17 5
277 333  3  16 28 18
270 300  3  17 19 6
230 300  3  18 29 20
248 236  3  19 21 8
537 231  3  20 31 22
462 258  3  21 23 10
467 324  3  22 24 12
436 383  3  23 31 25
395 365  3  24 26 13
363 378  3  25 30 27
329 377  3  26 28 15
298 361  3  27 29 17
258 377  3  28 30 19
312 414  3  29 26 31
379 416  3  30 24 21

 32
302 235  3  4 7 1
279 202  3  0 9 2
341 180  3  1 11 3
382 226  3  2 14 4
341 220  3  3 5 0
350 260  3  4 16 6
311 287  3  5 18 7
276 267  3  6 8 0
270 308  3  7 20 9
238 255  3  8 10 1
150 293  3  9 22 11
391 104  3  10 12 2
406 194  3  11 23 13
453 239  3  12 25 14
414 252  3  13 15 3
429 291  3  14 27 16
388 287  3  15 17 5
373 332  3  16 28 18
326 332  3  17 19 6
317 373  3  18 29 20
285 347  3  19 21 8
272 391  3  20 31 22
235 337  3  21 23 10
221 146  3  22 24 12
478 453  3  23 31 25
469 304  3  24 26 13
449 367  3  25 30 27
423 332  3  26 28 15
397 364  3  27 29 17
358 379  3  28 30 19
398 409  3  29 26 31
333 418  3  30 24 21

 32
363 221  3  4 7 1
329 222  3  0 9 2
331 181  3  1 11 3
396 189  3  2 14 4
395 234  3  3 5 0
419 259  3  4 16 6
384 280  3  5 18 7
350 260  3  6 8 0
315 280  3  7 20 9
298 238  3  8 10 1
272 279  3  9 22 11
271 209  3  10 12 2
231 281  3  11 23 13
339 499  3  12 25 14
448 231  3  13 15 3
469 293  3  14 27 16
429 293  3  15 17 5
425 327  3  16 28 18
384 320  3  17 19 6
350 340  3  18 29 20
315 320  3  19 21 8
284 345  3  20 31 22
271 313  3  21 23 10
239 346  3  22 24 12
281 398  3  23 31 25
343 419  3  24 26 13
408 404  3  25 30 27
454 358  3  26 28 15
406 356  3  27 29 17
377 375  3  28 30 19
343 379  3  29 26 31
310 369  3  30 24 21

 32
377 224  3  4 7 1
343 220  3  0 9 2
309 230  3  1 11 3
297 192  3  2 14 4
362 180  3  3 5 0
423 205  3  4 16 6
425 272  3  5 18 7
406 243  3  6 8 0
384 280  3  7 20 9
350 260  3  8 10 1
315 280  3  9 22 11
284 254  3  10 12 2
270 300  3  11 23 13
230 300  3  12 25 14
248 236  3  13 15 3
537 231  3  14 27 16
462 258  3  15 17 5
467 324  3  16 28 18
429 306  3  17 19 6
419 340  3  18 29 20
384 320  3  19 21 8
350 340  3  20 31 22
315 320  3  21 23 10
277 333  3  22 24 12
298 361  3  23 31 25
258 377  3  24 26 13
312 414  3  25 30 27
379 416  3  26 28 15
436 383  3  27 29 17
395 365  3  28 30 19
363 378  3  29 26 31
329 377  3  30 24 21

 32
420 202  3  4 7 1
397 235  3  0 9 2
358 220  3  1 11 3
317 226  3  2 14 4
358 180  3  3 5 0
308 104  3  4 16 6
548 279  3  5 18 7
461 255  3  6 8 0
429 308  3  7 20 9
423 267  3  8 10 1
388 287  3  9 22 11
350 260  3  10 12 2
311 287  3  11 23 13
270 291  3  12 25 14
285 252  3  13 15 3
246 240  3  14 27 16
293 194  3  15 17 5
467 138  3  16 28 18
468 320  3  17 19 6
439 380  3  18 29 20
414 347  3  19 21 8
382 373  3  20 31 22
373 332  3  21 23 10
326 332  3  22 24 12
302 364  3  23 31 25
276 332  3  24 26 13
250 367  3  25 30 27
230 304  3  26 28 15
232 461  3  27 29 17
383 415  3  28 30 19
316 415  3  29 26 31
341 379  3  30 24 21

 32
325 182  3  4 7 1
387 185  3  0 9 2
333 221  3  1 11 3
296 240  3  2 14 4
269 210  3  3 5 0
235 262  3  4 16 6
121 225  3  5 18 7
437 165  3  6 8 0
467 275  3  7 20 9
439 219  3  8 10 1
409 246  3  9 22 11
374 223  3  10 12 2
350 260  3  11 23 13
311 287  3  12 25 14
273 275  3  13 15 3
271 316  3  14 27 16
232 324  3  15 17 5
260 380  3  16 28 18
341 459  3  17 19 6
430 389  3  18 29 20
464 337  3  19 21 8
426 324  3  20 31 22
428 283  3  21 23 10
388 287  3  22 24 12
373 332  3  23 31 25
326 332  3  24 26 13
325 376  3  25 30 27
290 353  3  26 28 15
312 414  3  27 29 17
374 417  3  28 30 19
366 378  3  29 26 31
403 359  3  30 24 21

 32
316 184  3  4 7 1
383 184  3  0 9 2
383 227  3  1 11 3
350 220  3  2 14 4
316 227  3  3 5 0
288 248  3  4 16 6
231 279  3  5 18 7
260 219  3  6 8 0
498 166  3  7 20 9
439 219  3  8 10 1
468 279  3  9 22 11
411 248  3  10 12 2
427 279  3  11 23 13
384 280  3  12 25 14
350 260  3  13 15 3
315 280  3  14 27 16
272 279  3  15 17 5
274 327  3  16 28 18
238 344  3  17 19 6
293 405  3  18 29 20
358 419  3  19 21 8
420 397  3  20 31 22
461 344  3  21 23 10
428 313  3  22 24 12
415 345  3  23 31 25
384 320  3  24 26 13
350 340  3  25 30 27
315 320  3  26 28 15
293 356  3  27 29 17
322 375  3  28 30 19
356 379  3  29 26 31
390 369  3  30 24 21

 32
312 185  3  4 7 1
374 182  3  0 9 2
430 210  3  1 11 3
403 240  3  2 14 4
366 221  3  3 5 0
325 223  3  4 16 6
290 246  3  5 18 7
260 219  3  6 8 0
232 275  3  7 20 9
262 165  3  8 10 1
578 225  3  9 22 11
464 262  3  10 12 2
467 324  3  11 23 13
428 316  3  12 25 14
426 275  3  13 15 3
388 287  3  14 27 16
350 260  3  15 17 5
311 287  3  16 28 18
271 283  3  17 19 6
273 324  3  18 29 20
235 337  3  19 21 8
269 389  3  20 31 22
358 459  3  21 23 10
439 380  3  22 24 12
387 414  3  23 31 25
409 353  3  24 26 13
374 376  3  25 30 27
373 332  3  26 28 15
326 332  3  27 29 17
296 359  3  28 30 19
333 378  3  29 26 31
325 417  3  30 24 21

 32
387 185  3  4 7 1
325 182  3  0 9 2
437 165  3  1 11 3
467 275  3  2 14 4
439 219  3  3 5 0
409 246  3  4 16 6
374 223  3  5 18 7
333 221  3  6 8 0
296 240  3  7 20 9
269 210  3  8 10 1
235 262  3  9 22 11
121 225  3  10 12 2
341 459  3  11 23 13
430 389  3  12 25 14
464 337  3  13 15 3
426 324  3  14 27 16
428 283  3  15 17 5
388 287  3  16 28 18
350 260  3  17 19 6
311 287  3  18 29 20
273 275  3  19 21 8
271 316  3  20 31 22
232 324  3  21 23 10
260 380  3  22 24 12
312 414  3  23 31 25
374 417  3  24 26 13
366 378  3  25 30 27
403 359  3  26 28 15
373 332  3  27 29 17
326 332  3  28 30 19
325 376  3  29 26 31
290 353  3  30 24 21

 32
383 184  3  4 7 1
316 184  3  0 9 2
260 219  3  1 11 3
498 166  3  2 14 4
439 219  3  3 5 0
468 279  3  4 16 6
411 248  3  5 18 7
383 227  3  6 8 0
350 220  3  7 20 9
316 227  3  8 10 1
288 248  3  9 22 11
231 279  3  10 12 2
238 344  3  11 23 13
293 405  3  12 25 14
358 419  3  13 15 3
420 397  3  14 27 16
461 344  3  15 17 5
428 313  3  16 28 18
427 279  3  17 19 6
384 280  3  18 29 20
350 260  3  19 21 8
315 280  3  20 31 22
272 279  3  21 23 10
274 327  3  22 24 12
293 356  3  23 31 25
322 375  3  24 26 13
356 379  3  25 30 27
390 369  3  26 28 15
415 345  3  27 29 17
384 320  3  28 30 19
350 340  3  29 26 31
315 320  3  30 24 21

 32
469 287  3  4 7 1
447 229  3  0 9 2
398 190  3  1 11 3
337 180  3  2 14 4
450 175  3  3 5 0
491 494  3  4 16 6
420 397  3  5 18 7
459 348  3  6 8 0
423 332  3  7 20 9
429 291  3  8 10 1
414 252  3  9 22 11
382 226  3  10 12 2
341 220  3  11 23 13
302 235  3  12 25 14
279 202  3  13 15 3
240 251  3  14 27 16
200 357  3  15 17 5
301 409  3  16 28 18
362 419  3  17 19 6
358 379  3  18 29 20
397 364  3  19 21 8
373 332  3  20 31 22
388 287  3  21 23 10
350 260  3  22 24 12
311 287  3  23 31 25
276 267  3  24 26 13
270 308  3  25 30 27
230 312  3  26 28 15
252 370  3  27 29 17
317 373  3  28 30 19
285 347  3  29 26 31
326 332  3  30 24 21

 32
164 374  3  4 7 1
535 225  3  0 9 2
391 187  3  1 11 3
325 182  3  2 14 4
266 213  3  3 5 0
176 199  3  4 16 6
294 492  3  5 18 7
350 420  3  6 8 0
413 401  3  7 20 9
457 352  3  8 10 1
469 287  3  9 22 11
444 226  3  10 12 2
403 240  3  11 23 13
366 221  3  12 25 14
325 223  3  13 15 3
290 246  3  14 27 16
233 270  3  15 17 5
235 337  3  16 28 18
286 401  3  17 19 6
333 378  3  18 29 20
374 376  3  19 21 8
409 353  3  20 31 22
428 316  3  21 23 10
426 275  3  22 24 12
388 287  3  23 31 25
350 260  3  24 26 13
311 287  3  25 30 27
271 283  3  26 28 15
273 324  3  27 29 17
296 359  3  28 30 19
326 332  3  29 26 31
373 332  3  30 24 21

 32
232 461  3  4 7 1
467 138  3  0 9 2
293 194  3  1 11 3
246 240  3  2 14 4
230 304  3  3 5 0
250 367  3  4 16 6
316 415  3  5 18 7
383 415  3  6 8 0
439 380  3  7 20 9
468 320  3  8 10 1
548 279  3  9 22 11
308 104  3  10 12 2
358 180  3  11 23 13
317 226  3  12 25 14
285 252  3  13 15 3
270 291  3  14 27 16
276 332  3  15 17 5
302 364  3  16 28 18
341 379  3  17 19 6
382 373  3  18 29 20
414 347  3  19 21 8
429 308  3  20 31 22
461 255  3  21 23 10
420 202  3  22 24 12
397 235  3  23 31 25
358 220  3  24 26 13
350 260  3  25 30 27
311 287  3  26 28 15
326 332  3  27 29 17
373 332  3  28 30 19
388 287  3  29 26 31
423 267  3  30 24 21

 32
350 260  3  4 7 1
388 287  3  0 9 2
373 332  3  1 12 3
326 332  3  2 14 4
311 287  3  3 5 0
280 260  3  4 16 6
309 230  3  5 18 7
350 220  3  6 8 0
390 230  3  7 20 9
419 259  3  8 10 1
430 300  3  9 21 11
419 340  3  10 23 12
390 369  3  11 13 2
350 380  3  12 25 14
310 369  3  13 15 3
280 340  3  14 26 16
270 300  3  15 17 5
246 240  3  16 28 18
289 196  3  17 19 6
350 180  3  18 29 20
410 196  3  19 21 8
453 239  3  20 22 10
470 300  3  21 30 23
453 360  3  22 24 11
410 403  3  23 31 25
350 420  3  24 26 13
290 403  3  25 27 15
246 360  3  26 31 28
230 300  3  27 29 17
236 186  3  28 30 19
287 531  3  29 31 22
308 454  3  30 27 24

 32
311 287  3  4 7 1
273 275  3  0 9 2
296 240  3  1 12 3
333 221  3  2 14 4
350 260  3  3 5 0
388 287  3  4 16 6
373 332  3  5 18 7
326 332  3  6 8 0
290 353  3  7 20 9
271 316  3  8 10 1
232 324  3  9 21 11
235 262  3  10 23 12
269 210  3  11 13 2
325 182  3  12 25 14
374 223  3  13 15 3
409 246  3  14 26 16
428 283  3  15 17 5
426 324  3  16 28 18
403 359  3  17 19 6
366 378  3  18 29 20
325 376  3  19 21 8
260 380  3  20 22 10
312 414  3  21 30 23
207 372  3  22 24 11
551 430  3  23 31 25
387 185  3  24 26 13
439 219  3  25 27 15
467 275  3  26 31 28
464 337  3  27 29 17
430 389  3  28 30 19
374 417  3  29 31 22
484 387  3  30 27 24

 32
350 260  3  4 7 1
311 287  3  0 9 2
280 260  3  1 12 3
309 230  3  2 14 4
350 220  3  3 5 0
390 230  3  4 16 6
419 259  3  5 18 7
388 287  3  6 8 0
373 332  3  7 20 9
326 332  3  8 10 1
310 369  3  9 21 11
280 340  3  10 23 12
270 300  3  11 13 2
246 240  3  12 25 14
289 196  3  13 15 3
350 180  3  14 26 16
410 196  3  15 17 5
453 239  3  16 28 18
430 300  3  17 19 6
419 340  3  18 29 20
390 369  3  19 21 8
350 380  3  20 22 10
350 420  3  21 30 23
290 403  3  22 24 11
246 360  3  23 31 25
230 300  3  24 26 13
236 186  3  25 27 15
287 531  3  26 31 28
470 300  3  27 29 17
453 360  3  28 30 19
410 403  3  29 31 22
308 454  3  30 27 24

 32
358 220  3  4 7 1
350 260  3  0 9 2
315 280  3  1 12 3
290 246  3  2 14 4
321 225  3  3 5 0
310 186  3  4 16 6
376 183  3  5 18 7
393 232  3  6 8 0
419 259  3  7 20 9
384 280  3  8 10 1
384 320  3  9 21 11
350 340  3  10 23 12
315 320  3  11 13 2
275 328  3  12 25 14
270 291  3  13 15 3
230 285  3  14 26 16
256 224  3  15 17 5
339 100  3  16 28 18
434 215  3  17 19 6
466 273  3  18 29 20
429 295  3  19 21 8
423 332  3  20 22 10
400 362  3  21 30 23
366 378  3  22 24 11
329 377  3  23 31 25
296 359  3  24 26 13
249 365  3  25 27 15
299 408  3  26 31 28
428 484  3  27 29 17
463 339  3  28 30 19
425 393  3  29 31 22
364 419  3  30 27 24

 32
302 235  3  4 7 1
337 220  3  0 9 2
350 260  3  1 12 3
311 287  3  2 14 4
278 263  3  3 5 0
270 312  3  4 16 6
240 251  3  5 18 7
279 202  3  6 8 0
337 180  3  7 20 9
374 223  3  8 10 1
406 243  3  9 21 11
426 275  3  10 23 12
388 287  3  11 13 2
373 332  3  12 25 14
326 332  3  13 15 3
313 371  3  14 26 16
285 347  3  15 17 5
252 370  3  16 28 18
230 312  3  17 19 6
232 138  3  18 29 20
398 190  3  19 21 8
447 229  3  20 22 10
469 287  3  21 30 23
429 312  3  22 24 11
414 347  3  23 31 25
386 371  3  24 26 13
350 380  3  25 27 15
362 419  3  26 31 28
301 409  3  27 29 17
421 486  3  28 30 19
459 348  3  29 31 22
420 397  3  30 27 24

 32
358 220  3  4 7 1
393 232  3  0 9 2
419 259  3  1 12 3
384 280  3  2 14 4
350 260  3  3 5 0
315 280  3  4 16 6
290 246  3  5 18 7
321 225  3  6 8 0
310 186  3  7 20 9
376 183  3  8 10 1
434 215  3  9 21 11
466 273  3  10 23 12
429 295  3  11 13 2
423 332  3  12 25 14
384 320  3  13 15 3
350 340  3  14 26 16
315 320  3  15 17 5
275 328  3  16 28 18
270 291  3  17 19 6
230 285  3  18 29 20
256 224  3  19 21 8
339 100  3  20 22 10
428 484  3  21 30 23
463 339  3  22 24 11
425 393  3  23 31 25
400 362  3  24 26 13
366 378  3  25 27 15
329 377  3  26 31 28
296 359  3  27 29 17
249 365  3  28 30 19
299 408  3  29 31 22
364 419  3  30 27 24

 32
302 235  3  4 7 1
279 202  3  0 9 2
337 180  3  1 12 3
374 223  3  2 14 4
337 220  3  3 5 0
350 260  3  4 16 6
311 287  3  5 18 7
278 263  3  6 8 0
270 312  3  7 20 9
240 251  3  8 10 1
230 312  3  9 21 11
232 138  3  10 23 12
398 190  3  11 13 2
447 229  3  12 25 14
406 243  3  13 15 3
426 275  3  14 26 16
388 287  3  15 17 5
373 332  3  16 28 18
326 332  3  17 19 6
313 371  3  18 29 20
285 347  3  19 21 8
252 370  3  20 22 10
301 409  3  21 30 23
421 486  3  22 24 11
459 348  3  23 31 25
469 287  3  24 26 13
429 312  3  25 27 15
414 347  3  26 31 28
386 371  3  27 29 17
350 380  3  28 30 19
362 419  3  29 31 22
420 397  3  30 27 24

 32
358 220  3  4 7 1
321 225  3  0 9 2
310 186  3  1 12 3
376 183  3  2 14 4
393 232  3  3 5 0
419 259  3  4 16 6
384 280  3  5 18 7
350 260  3  6 8 0
315 280  3  7 20 9
290 246  3  8 10 1
270 291  3  9 21 11
230 285  3  10 23 12
256 224  3  11 13 2
339 100  3  12 25 14
434 215  3  13 15 3
466 273  3  14 26 16
429 295  3  15 17 5
423 332  3  16 28 18
384 320  3  17 19 6
350 340  3  18 29 20
315 320  3  19 21 8
275 328  3  20 22 10
296 359  3  21 30 23
249 365  3  22 24 11
299 408  3  23 31 25
428 484  3  24 26 13
463 339  3  25 27 15
425 393  3  26 31 28
400 362  3  27 29 17
366 378  3  28 30 19
329 377  3  29 31 22
364 419  3  30 27 24

 32
397 235  3  4 7 1
362 220  3  0 9 2
325 223  3  1 12 3
362 180  3  2 14 4
420 202  3  3 5 0
459 251  3  4 16 6
430 300  3  5 18 7
421 263  3  6 8 0
388 287  3  7 20 9
350 260  3  8 10 1
311 287  3  9 21 11
273 275  3  10 23 12
293 243  3  11 13 2
252 229  3  12 25 14
301 190  3  13 15 3
467 138  3  14 26 16
469 312  3  15 17 5
447 370  3  16 28 18
421 336  3  17 19 6
397 364  3  18 29 20
373 332  3  19 21 8
326 332  3  20 22 10
293 356  3  21 30 23
273 324  3  22 24 11
240 348  3  23 31 25
230 287  3  24 26 13
194 425  3  25 27 15
337 419  3  26 31 28
398 409  3  27 29 17
362 379  3  28 30 19
325 376  3  29 31 22
279 397  3  30 27 24

 32
331 181  3  4 7 1
325 223  3  0 9 2
293 243  3  1 12 3
237 256  3  2 14 4
274 206  3  3 5 0
370 101  3  4 16 6
443 224  3  5 18 7
393 187  3  6 8 0
397 235  3  7 20 9
362 220  3  8 10 1
350 260  3  9 21 11
311 287  3  10 23 12
273 275  3  11 13 2
273 324  3  12 25 14
231 318  3  13 15 3
256 375  3  14 26 16
381 497  3  15 17 5
462 343  3  16 28 18
468 281  3  17 19 6
430 300  3  18 29 20
421 263  3  19 21 8
388 287  3  20 22 10
373 332  3  21 30 23
326 332  3  22 24 11
325 376  3  23 31 25
293 356  3  24 26 13
306 412  3  25 27 15
368 418  3  26 31 28
425 393  3  27 29 17
421 336  3  28 30 19
397 364  3  29 31 22
362 379  3  30 27 24

 32
343 180  3  4 7 1
374 223  3  0 9 2
337 220  3  1 12 3
302 235  3  2 14 4
281 201  3  3 5 0
239 253  3  4 16 6
284 110  3  5 18 7
408 195  3  6 8 0
454 241  3  7 20 9
406 243  3  8 10 1
426 275  3  9 21 11
384 280  3  10 23 12
350 260  3  11 13 2
315 280  3  12 25 14
278 263  3  13 15 3
270 312  3  14 26 16
231 318  3  15 17 5
271 390  3  16 28 18
374 498  3  17 19 6
448 368  3  18 29 20
469 306  3  19 21 8
429 312  3  20 22 10
414 347  3  21 30 23
384 320  3  22 24 11
350 340  3  23 31 25
315 320  3  24 26 13
285 347  3  25 27 15
313 371  3  26 31 28
331 418  3  27 29 17
396 410  3  28 30 19
386 371  3  29 31 22
350 380  3  30 27 24

 32
331 181  3  4 7 1
393 187  3  0 9 2
397 235  3  1 12 3
362 220  3  2 14 4
325 223  3  3 5 0
293 243  3  4 16 6
237 256  3  5 18 7
274 206  3  6 8 0
370 101  3  7 20 9
443 224  3  8 10 1
468 281  3  9 21 11
430 300  3  10 23 12
421 263  3  11 13 2
388 287  3  12 25 14
350 260  3  13 15 3
311 287  3  14 26 16
273 275  3  15 17 5
273 324  3  16 28 18
231 318  3  17 19 6
256 375  3  18 29 20
381 497  3  19 21 8
462 343  3  20 22 10
425 393  3  21 30 23
421 336  3  22 24 11
397 364  3  23 31 25
373 332  3  24 26 13
326 332  3  25 27 15
325 376  3  26 31 28
293 356  3  27 29 17
306 412  3  28 30 19
368 418  3  29 31 22
362 379  3  30 27 24

 32
343 180  3  4 7 1
408 195  3  0 9 2
454 241  3  1 12 3
406 243  3  2 14 4
374 223  3  3 5 0
337 220  3  4 16 6
302 235  3  5 18 7
281 201  3  6 8 0
239 253  3  7 20 9
284 110  3  8 10 1
374 498  3  9 21 11
448 368  3  10 23 12
469 306  3  11 13 2
429 312  3  12 25 14
426 275  3  13 15 3
384 280  3  14 26 16
350 260  3  15 17 5
315 280  3  16 28 18
278 263  3  17 19 6
270 312  3  18 29 20
231 318  3  19 21 8
271 390  3  20 22 10
331 418  3  21 30 23
396 410  3  22 24 11
386 371  3  23 31 25
414 347  3  24 26 13
384 320  3  25 27 15
350 340  3  26 31 28
315 320  3  27 29 17
285 347  3  28 30 19
313 371  3  29 31 22
350 380  3  30 27 24

 32
331 181  3  4 7 1
274 206  3  0 9 2
370 101  3  1 12 3
443 224  3  2 14 4
393 187  3  3 5 0
397 235  3  4 16 6
362 220  3  5 18 7
325 223  3  6 8 0
293 243  3  7 20 9
237 256  3  8 10 1
231 318  3  9 21 11
256 375  3  10 23 12
381 497  3  11 13 2
462 343  3  12 25 14
468 281  3  13 15 3
430 300  3  14 26 16
421 263  3  15 17 5
388 287  3  16 28 18
350 260  3  17 19 6
311 287  3  18 29 20
273 275  3  19 21 8
273 324  3  20 22 10
293 356  3  21 30 23
306 412  3  22 24 11
368 418  3  23 31 25
425 393  3  24 26 13
421 336  3  25 27 15
397 364  3  26 31 28
373 332  3  27 29 17
326 332  3  28 30 19
325 376  3  29 31 22
362 379  3  30 27 24

 32
451 236  3  4 7 1
402 192  3  0 9 2
337 180  3  1 12 3
483 151  3  2 14 4
470 300  3  3 5 0
451 363  3  4 16 6
427 317  3  5 18 7
427 280  3  6 8 0
410 247  3  7 20 9
379 225  3  8 10 1
343 220  3  9 21 11
307 232  3  10 23 12
276 205  3  11 13 2
237 258  3  12 25 14
180 405  3  13 15 3
337 419  3  14 26 16
402 407  3  15 17 5
381 373  3  16 28 18
411 351  3  17 19 6
384 320  3  18 29 20
384 280  3  19 21 8
350 260  3  20 22 10
315 280  3  21 30 23
281 258  3  22 24 11
270 306  3  23 31 25
232 324  3  24 26 13
276 394  3  25 27 15
308 368  3  26 31 28
344 379  3  27 29 17
350 340  3  28 30 19
315 320  3  29 31 22
282 342  3  30 27 24

 32
474 199  3  4 7 1
362 180  3  0 9 2
301 190  3  1 12 3
252 229  3  2 14 4
536 148  3  3 5 0
375 458  3  4 16 6
447 370  3  5 18 7
469 312  3  6 8 0
459 251  3  7 20 9
420 202  3  8 10 1
397 235  3  9 21 11
358 220  3  10 23 12
317 226  3  11 13 2
285 252  3  12 25 14
230 287  3  13 15 3
240 348  3  14 26 16
279 397  3  15 17 5
337 419  3  16 28 18
398 409  3  17 19 6
414 347  3  18 29 20
429 308  3  19 21 8
423 267  3  20 22 10
388 287  3  21 30 23
350 260  3  22 24 11
311 287  3  23 31 25
270 291  3  24 26 13
276 332  3  25 27 15
302 364  3  26 31 28
341 379  3  27 29 17
382 373  3  28 30 19
373 332  3  29 31 22
326 332  3  30 27 24

 32
474 199  3  4 7 1
469 312  3  0 9 2
459 251  3  1 12 3
420 202  3  2 14 4
362 180  3  3 5 0
301 190  3  4 16 6
252 229  3  5 18 7
536 148  3  6 8 0
375 458  3  7 20 9
447 370  3  8 10 1
398 409  3  9 21 11
414 347  3  10 23 12
429 308  3  11 13 2
423 267  3  12 25 14
397 235  3  13 15 3
358 220  3  14 26 16
317 226  3  15 17 5
285 252  3  16 28 18
230 287  3  17 19 6
240 348  3  18 29 20
279 397  3  19 21 8
337 419  3  20 22 10
341 379  3  21 30 23
382 373  3  22 24 11
373 332  3  23 31 25
388 287  3  24 26 13
350 260  3  25 27 15
311 287  3  26 31 28
270 291  3  27 29 17
276 332  3  28 30 19
302 364  3  29 31 22
326 332  3  30 27 24

 32
190 308  3  4 7 1
110 312  3  0 9 2
422 157  3  1 12 3
312 185  3  2 14 4
260 219  3  3 5 0
232 275  3  4 16 6
235 337  3  5 18 7
269 389  3  6 8 0
325 417  3  7 20 9
387 414  3  8 10 1
439 380  3  9 21 11
467 324  3  10 23 12
464 262  3  11 13 2
430 210  3  12 25 14
374 182  3  13 15 3
325 223  3  14 26 16
290 246  3  15 17 5
271 283  3  16 28 18
273 324  3  17 19 6
296 359  3  18 29 20
333 378  3  19 21 8
374 376  3  20 22 10
409 353  3  21 30 23
428 316  3  22 24 11
426 275  3  23 31 25
403 240  3  24 26 13
366 221  3  25 27 15
350 260  3  26 31 28
311 287  3  27 29 17
326 332  3  28 30 19
373 332  3  29 31 22
388 287  3  30 27 24

