 24
350 260  3  4 7 1
388 287  3  0 9 2
373 332  3  1 11 3
326 332  3  2 13 4
311 287  3  3 5 0
283 255  3  4 15 6
317 226  3  5 17 7
361 220  3  6 8 0
401 238  3  7 18 9
426 275  3  8 10 1
427 319  3  9 20 11
405 357  3  10 12 2
366 378  3  11 21 13
322 375  3  12 14 3
286 349  3  13 22 15
270 308  3  14 16 5
202 237  3  15 23 17
290 151  3  16 18 6
412 152  3  17 19 8
498 240  3  18 23 20
497 362  3  19 21 10
409 448  3  20 22 12
287 447  3  21 23 14
201 359  3  22 19 16

 24
311 287  3  4 7 1
272 280  3  0 9 2
294 242  3  1 11 3
333 221  3  2 13 4
350 260  3  3 5 0
388 287  3  4 15 6
373 332  3  5 17 7
326 332  3  6 8 0
307 367  3  7 18 9
278 335  3  8 10 1
191 325  3  9 20 11
220 205  3  10 12 2
324 141  3  11 21 13
377 224  3  12 14 3
413 250  3  13 22 15
429 291  3  14 16 5
421 335  3  15 23 17
392 367  3  16 18 6
350 380  3  17 19 8
375 458  3  18 23 20
255 429  3  19 21 10
444 170  3  20 22 12
508 274  3  21 23 14
479 394  3  22 19 16

 24
350 260  3  4 7 1
311 287  3  0 9 2
278 264  3  1 11 3
307 232  3  2 13 4
350 220  3  3 5 0
392 232  3  4 15 6
421 264  3  5 17 7
388 287  3  6 8 0
373 332  3  7 18 9
326 332  3  8 10 1
294 357  3  9 20 11
272 319  3  10 12 2
190 311  3  11 21 13
229 195  3  12 14 3
338 140  3  13 22 15
454 179  3  14 16 5
509 288  3  15 23 17
429 308  3  16 18 6
413 349  3  17 19 8
377 375  3  18 23 20
333 378  3  19 21 10
245 420  3  20 22 12
361 459  3  21 23 14
470 404  3  22 19 16

 24
338 220  3  4 7 1
350 260  3  0 9 2
311 287  3  1 11 3
273 275  3  2 13 4
298 238  3  3 5 0
267 162  3  4 15 6
388 144  3  5 17 7
382 226  3  6 8 0
416 255  3  7 18 9
388 287  3  8 10 1
373 332  3  9 20 11
326 332  3  10 12 2
302 364  3  11 21 13
275 329  3  12 14 3
212 382  3  13 22 15
194 261  3  14 16 5
505 338  3  15 23 17
487 217  3  16 18 6
429 297  3  17 19 8
419 340  3  18 23 20
387 370  3  19 21 10
344 379  3  20 22 12
311 455  3  21 23 14
432 437  3  22 19 16

 24
317 226  3  4 7 1
361 220  3  0 9 2
350 260  3  1 11 3
311 287  3  2 13 4
283 255  3  3 5 0
270 308  3  4 15 6
202 237  3  5 17 7
290 151  3  6 8 0
412 152  3  7 18 9
401 238  3  8 10 1
426 275  3  9 20 11
388 287  3  10 12 2
373 332  3  11 21 13
326 332  3  12 14 3
322 375  3  13 22 15
286 349  3  14 16 5
287 447  3  15 23 17
201 359  3  16 18 6
498 240  3  17 19 8
497 362  3  18 23 20
427 319  3  19 21 10
405 357  3  20 22 12
366 378  3  21 23 14
409 448  3  22 19 16

 24
350 220  3  4 7 1
390 230  3  0 9 2
419 259  3  1 11 3
384 280  3  2 13 4
350 260  3  3 5 0
315 280  3  4 15 6
280 260  3  5 17 7
309 230  3  6 8 0
269 161  3  7 18 9
430 161  3  8 10 1
510 300  3  9 20 11
430 300  3  10 12 2
419 340  3  11 21 13
384 320  3  12 14 3
350 340  3  13 22 15
315 320  3  14 16 5
280 340  3  15 23 17
270 300  3  16 18 6
190 300  3  17 19 8
270 438  3  18 23 20
430 438  3  19 21 10
390 369  3  20 22 12
350 380  3  21 23 14
310 369  3  22 19 16

 24
294 242  3  4 7 1
220 205  3  0 9 2
324 141  3  1 11 3
377 224  3  2 13 4
333 221  3  3 5 0
350 260  3  4 15 6
311 287  3  5 17 7
272 280  3  6 8 0
278 335  3  7 18 9
191 325  3  8 10 1
255 429  3  9 20 11
444 170  3  10 12 2
508 274  3  11 21 13
413 250  3  12 14 3
429 291  3  13 22 15
388 287  3  14 16 5
373 332  3  15 23 17
326 332  3  16 18 6
307 367  3  17 19 8
350 380  3  18 23 20
375 458  3  19 21 10
479 394  3  20 22 12
421 335  3  21 23 14
392 367  3  22 19 16

 24
361 220  3  4 7 1
317 226  3  0 9 2
290 151  3  1 11 3
412 152  3  2 13 4
401 238  3  3 5 0
426 275  3  4 15 6
388 287  3  5 17 7
350 260  3  6 8 0
311 287  3  7 18 9
283 255  3  8 10 1
270 308  3  9 20 11
202 237  3  10 12 2
201 359  3  11 21 13
498 240  3  12 14 3
497 362  3  13 22 15
427 319  3  14 16 5
405 357  3  15 23 17
373 332  3  16 18 6
326 332  3  17 19 8
322 375  3  18 23 20
286 349  3  19 21 10
287 447  3  20 22 12
409 448  3  21 23 14
366 378  3  22 19 16

 24
390 230  3  4 7 1
350 220  3  0 9 2
309 230  3  1 11 3
269 161  3  2 13 4
430 161  3  3 5 0
510 300  3  4 15 6
430 300  3  5 17 7
419 259  3  6 8 0
384 280  3  7 18 9
350 260  3  8 10 1
315 280  3  9 20 11
280 260  3  10 12 2
270 300  3  11 21 13
190 300  3  12 14 3
270 438  3  13 22 15
430 438  3  14 16 5
390 369  3  15 23 17
419 340  3  16 18 6
384 320  3  17 19 8
350 340  3  18 23 20
315 320  3  19 21 10
280 340  3  20 22 12
310 369  3  21 23 14
350 380  3  22 19 16

 24
388 144  3  4 7 1
382 226  3  0 9 2
338 220  3  1 11 3
298 238  3  2 13 4
267 162  3  3 5 0
194 261  3  4 15 6
505 338  3  5 17 7
487 217  3  6 8 0
429 297  3  7 18 9
416 255  3  8 10 1
388 287  3  9 20 11
350 260  3  10 12 2
311 287  3  11 21 13
273 275  3  12 14 3
275 329  3  13 22 15
212 382  3  14 16 5
311 455  3  15 23 17
432 437  3  16 18 6
419 340  3  17 19 8
387 370  3  18 23 20
373 332  3  19 21 10
326 332  3  20 22 12
302 364  3  21 23 14
344 379  3  22 19 16

 24
375 141  3  4 7 1
479 205  3  0 9 2
405 242  3  1 11 3
366 221  3  2 13 4
322 224  3  3 5 0
286 250  3  4 15 6
191 274  3  5 17 7
255 170  3  6 8 0
444 429  3  7 18 9
508 325  3  8 10 1
426 324  3  9 20 11
427 280  3  10 12 2
388 287  3  11 21 13
350 260  3  12 14 3
311 287  3  13 22 15
270 291  3  14 16 5
283 344  3  15 23 17
220 394  3  16 18 6
324 458  3  17 19 8
361 379  3  18 23 20
401 361  3  19 21 10
373 332  3  20 22 12
326 332  3  21 23 14
317 373  3  22 19 16

 24
324 141  3  4 7 1
444 170  3  0 9 2
508 274  3  1 11 3
413 250  3  2 13 4
377 224  3  3 5 0
333 221  3  4 15 6
294 242  3  5 17 7
220 205  3  6 8 0
191 325  3  7 18 9
255 429  3  8 10 1
375 458  3  9 20 11
479 394  3  10 12 2
421 335  3  11 21 13
429 291  3  12 14 3
388 287  3  13 22 15
350 260  3  14 16 5
311 287  3  15 23 17
272 280  3  16 18 6
278 335  3  17 19 8
307 367  3  18 23 20
350 380  3  19 21 10
392 367  3  20 22 12
373 332  3  21 23 14
326 332  3  22 19 16

 24
479 205  3  4 7 1
375 141  3  0 9 2
255 170  3  1 11 3
444 429  3  2 13 4
508 325  3  3 5 0
426 324  3  4 15 6
427 280  3  5 17 7
405 242  3  6 8 0
366 221  3  7 18 9
322 224  3  8 10 1
286 250  3  9 20 11
191 274  3  10 12 2
220 394  3  11 21 13
324 458  3  12 14 3
361 379  3  13 22 15
401 361  3  14 16 5
373 332  3  15 23 17
388 287  3  16 18 6
350 260  3  17 19 8
311 287  3  18 23 20
270 291  3  19 21 10
283 344  3  20 22 12
317 373  3  21 23 14
326 332  3  22 19 16

 24
255 170  3  4 7 1
191 274  3  0 9 2
220 394  3  1 11 3
324 458  3  2 13 4
444 429  3  3 5 0
508 325  3  4 15 6
479 205  3  5 17 7
375 141  3  6 8 0
322 224  3  7 18 9
286 250  3  8 10 1
270 291  3  9 20 11
283 344  3  10 12 2
317 373  3  11 21 13
361 379  3  12 14 3
401 361  3  13 22 15
426 324  3  14 16 5
427 280  3  15 23 17
405 242  3  16 18 6
366 221  3  17 19 8
350 260  3  18 23 20
311 287  3  19 21 10
326 332  3  20 22 12
373 332  3  21 23 14
388 287  3  22 19 16

