 26
350 260  3  4 7 1
388 287  3  0 9 2
373 332  3  1 11 3
326 332  3  2 13 4
311 287  3  3 5 0
283 255  3  4 15 6
317 226  3  5 17 7
361 220  3  6 8 0
401 238  3  7 19 9
426 275  3  8 10 1
427 319  3  9 20 11
405 357  3  10 12 2
366 378  3  11 22 13
322 375  3  12 14 3
286 349  3  13 23 15
270 308  3  14 16 5
235 262  3  15 24 17
286 198  3  16 18 6
366 181  3  17 25 19
439 219  3  18 20 8
469 295  3  19 21 10
444 373  3  20 25 22
374 417  3  21 23 12
293 405  3  22 24 14
238 344  3  23 25 16
507 423  3  24 21 18

 26
311 287  3  4 7 1
273 275  3  0 9 2
296 240  3  1 11 3
333 221  3  2 13 4
350 260  3  3 5 0
388 287  3  4 15 6
373 332  3  5 17 7
326 332  3  6 8 0
290 353  3  7 19 9
271 316  3  8 10 1
190 305  3  9 20 11
223 201  3  10 12 2
316 143  3  11 22 13
374 223  3  12 14 3
409 246  3  13 23 15
428 283  3  14 16 5
426 324  3  15 24 17
403 359  3  16 18 6
366 378  3  17 25 19
325 376  3  18 20 8
231 407  3  19 21 10
327 458  3  20 25 22
425 158  3  21 23 12
498 240  3  22 24 14
502 349  3  23 25 16
434 435  3  24 21 18

 26
350 260  3  4 7 1
311 287  3  0 9 2
273 275  3  1 11 3
298 238  3  2 13 4
338 220  3  3 5 0
382 226  3  4 15 6
416 255  3  5 17 7
388 287  3  6 8 0
373 332  3  7 19 9
326 332  3  8 10 1
302 364  3  9 20 11
275 329  3  10 12 2
230 312  3  11 22 13
250 232  3  12 14 3
316 184  3  13 23 15
398 190  3  14 16 5
457 247  3  15 24 17
429 297  3  16 18 6
419 340  3  17 25 19
387 370  3  18 20 8
344 379  3  19 21 10
341 419  3  20 25 22
266 386  3  21 23 12
544 348  3  22 24 14
466 329  3  23 25 16
420 397  3  24 21 18

 26
350 220  3  4 7 1
350 260  3  0 9 2
311 287  3  1 11 3
278 264  3  2 13 4
307 232  3  3 5 0
301 190  3  4 15 6
383 184  3  5 17 7
392 232  3  6 8 0
421 264  3  7 19 9
388 287  3  8 10 1
373 332  3  9 20 11
326 332  3  10 12 2
294 357  3  11 22 13
272 319  3  12 14 3
233 329  3  13 23 15
242 247  3  14 16 5
515 188  3  15 24 17
449 232  3  16 18 6
469 312  3  17 25 19
429 308  3  18 20 8
413 349  3  19 21 10
377 375  3  20 25 22
333 378  3  21 23 12
279 397  3  22 24 14
358 419  3  23 25 16
433 386  3  24 21 18

 26
309 230  3  4 7 1
350 220  3  0 9 2
350 260  3  1 11 3
311 287  3  2 13 4
280 260  3  3 5 0
270 300  3  4 15 6
211 220  3  5 17 7
295 149  3  6 8 0
404 149  3  7 19 9
390 230  3  8 10 1
419 259  3  9 20 11
388 287  3  10 12 2
373 332  3  11 22 13
326 332  3  12 14 3
310 369  3  13 23 15
280 340  3  14 16 5
247 422  3  15 24 17
192 327  3  16 18 6
507 327  3  17 25 19
488 219  3  18 20 8
430 300  3  19 21 10
419 340  3  20 25 22
390 369  3  21 23 12
350 380  3  22 24 14
350 460  3  23 25 16
452 422  3  24 21 18

 26
350 220  3  4 7 1
390 230  3  0 9 2
419 259  3  1 11 3
384 280  3  2 13 4
350 260  3  3 5 0
315 280  3  4 15 6
280 260  3  5 17 7
309 230  3  6 8 0
308 145  3  7 19 9
430 161  3  8 10 1
504 258  3  9 20 11
430 300  3  10 12 2
419 340  3  11 22 13
384 320  3  12 14 3
350 340  3  13 23 15
315 320  3  14 16 5
280 340  3  15 24 17
270 300  3  16 18 6
195 341  3  17 25 19
211 220  3  18 20 8
488 380  3  19 21 10
391 454  3  20 25 22
390 369  3  21 23 12
350 380  3  22 24 14
310 369  3  23 25 16
270 438  3  24 21 18

 26
302 235  3  4 7 1
255 170  3  0 9 2
361 140  3  1 11 3
382 226  3  2 13 4
341 220  3  3 5 0
350 260  3  4 15 6
311 287  3  5 17 7
276 267  3  6 8 0
270 308  3  7 19 9
194 261  3  8 10 1
206 370  3  9 20 11
461 184  3  10 12 2
509 283  3  11 22 13
414 252  3  12 14 3
429 291  3  13 23 15
388 287  3  14 16 5
373 332  3  15 24 17
326 332  3  16 18 6
317 373  3  17 25 19
285 347  3  18 20 8
284 446  3  19 21 10
394 453  3  20 25 22
482 389  3  21 23 12
423 332  3  22 24 14
397 364  3  23 25 16
358 379  3  24 21 18

 26
350 220  3  4 7 1
309 230  3  0 9 2
269 161  3  1 11 3
391 145  3  2 13 4
390 230  3  3 5 0
419 259  3  4 15 6
384 280  3  5 17 7
350 260  3  6 8 0
315 280  3  7 19 9
280 260  3  8 10 1
270 300  3  9 20 11
195 258  3  10 12 2
211 380  3  11 22 13
488 219  3  12 14 3
504 341  3  13 23 15
430 300  3  14 16 5
419 340  3  15 24 17
384 320  3  16 18 6
350 340  3  17 25 19
315 320  3  18 20 8
280 340  3  19 21 10
310 369  3  20 25 22
308 454  3  21 23 12
430 438  3  22 24 14
390 369  3  23 25 16
350 380  3  24 21 18

 26
390 230  3  4 7 1
350 220  3  0 9 2
309 230  3  1 11 3
295 149  3  2 13 4
404 149  3  3 5 0
488 219  3  4 15 6
430 300  3  5 17 7
419 259  3  6 8 0
388 287  3  7 19 9
350 260  3  8 10 1
311 287  3  9 20 11
280 260  3  10 12 2
270 300  3  11 22 13
211 220  3  12 14 3
192 327  3  13 23 15
507 327  3  14 16 5
452 422  3  15 24 17
419 340  3  16 18 6
390 369  3  17 25 19
373 332  3  18 20 8
326 332  3  19 21 10
310 369  3  20 25 22
280 340  3  21 23 12
247 422  3  22 24 14
350 460  3  23 25 16
350 380  3  24 21 18

 26
430 161  3  4 7 1
390 230  3  0 9 2
350 220  3  1 11 3
309 230  3  2 13 4
308 145  3  3 5 0
211 220  3  4 15 6
488 380  3  5 17 7
504 258  3  6 8 0
430 300  3  7 19 9
419 259  3  8 10 1
384 280  3  9 20 11
350 260  3  10 12 2
315 280  3  11 22 13
280 260  3  12 14 3
270 300  3  13 23 15
195 341  3  14 16 5
270 438  3  15 24 17
391 454  3  16 18 6
390 369  3  17 25 19
419 340  3  18 20 8
384 320  3  19 21 10
350 340  3  20 25 22
315 320  3  21 23 12
280 340  3  22 24 14
310 369  3  23 25 16
350 380  3  24 21 18

 26
338 140  3  4 7 1
444 170  3  0 9 2
397 235  3  1 11 3
358 220  3  2 13 4
317 226  3  3 5 0
285 252  3  4 15 6
190 283  3  5 17 7
238 184  3  6 8 0
493 370  3  7 19 9
505 261  3  8 10 1
429 308  3  9 20 11
423 267  3  10 12 2
388 287  3  11 22 13
350 260  3  12 14 3
311 287  3  13 23 15
270 291  3  14 16 5
276 332  3  15 24 17
217 389  3  16 18 6
305 453  3  17 25 19
415 446  3  18 20 8
414 347  3  19 21 10
382 373  3  20 25 22
373 332  3  21 23 12
326 332  3  22 24 14
302 364  3  23 25 16
341 379  3  24 21 18

 26
341 180  3  4 7 1
420 202  3  0 9 2
466 270  3  1 11 3
413 250  3  2 13 4
377 224  3  3 5 0
333 221  3  4 15 6
294 242  3  5 17 7
266 213  3  6 8 0
230 287  3  7 19 9
467 138  3  8 10 1
398 409  3  9 20 11
457 352  3  10 12 2
421 335  3  11 22 13
429 291  3  12 14 3
388 287  3  13 23 15
350 260  3  14 16 5
311 287  3  15 24 17
272 280  3  16 18 6
278 335  3  17 25 19
250 367  3  18 20 8
316 415  3  19 21 10
350 380  3  20 25 22
392 367  3  21 23 12
373 332  3  22 24 14
326 332  3  23 25 16
307 367  3  24 21 18

 26
358 180  3  4 7 1
279 202  3  0 9 2
548 279  3  1 11 3
469 287  3  2 13 4
433 213  3  3 5 0
405 242  3  4 15 6
366 221  3  5 17 7
322 224  3  6 8 0
286 250  3  7 19 9
233 270  3  8 10 1
242 352  3  9 20 11
301 409  3  10 12 2
383 415  3  11 22 13
449 367  3  12 14 3
426 324  3  13 23 15
427 280  3  14 16 5
388 287  3  15 24 17
350 260  3  16 18 6
311 287  3  17 25 19
270 291  3  18 20 8
283 344  3  19 21 10
317 373  3  20 25 22
361 379  3  21 23 12
401 361  3  22 24 14
373 332  3  23 25 16
326 332  3  24 21 18

 26
505 261  3  4 7 1
444 170  3  0 9 2
338 140  3  1 11 3
238 184  3  2 13 4
493 370  3  3 5 0
415 446  3  4 15 6
414 347  3  5 17 7
429 308  3  6 8 0
423 267  3  7 19 9
397 235  3  8 10 1
358 220  3  9 20 11
317 226  3  10 12 2
285 252  3  11 22 13
190 283  3  12 14 3
217 389  3  13 23 15
305 453  3  14 16 5
341 379  3  15 24 17
382 373  3  16 18 6
373 332  3  17 25 19
388 287  3  18 20 8
350 260  3  19 21 10
311 287  3  20 25 22
270 291  3  21 23 12
276 332  3  22 24 14
302 364  3  23 25 16
326 332  3  24 21 18

 26
548 279  3  4 7 1
279 202  3  0 9 2
233 270  3  1 11 3
242 352  3  2 13 4
301 409  3  3 5 0
383 415  3  4 15 6
449 367  3  5 17 7
469 287  3  6 8 0
433 213  3  7 19 9
358 180  3  8 10 1
322 224  3  9 20 11
286 250  3  10 12 2
270 291  3  11 22 13
283 344  3  12 14 3
317 373  3  13 23 15
361 379  3  14 16 5
401 361  3  15 24 17
426 324  3  16 18 6
427 280  3  17 25 19
405 242  3  18 20 8
366 221  3  19 21 10
350 260  3  20 25 22
311 287  3  21 23 12
326 332  3  22 24 14
373 332  3  23 25 16
388 287  3  24 21 18

