 34
350 260  3  4 7 1
388 287  3  0 9 2
373 332  3  1 11 3
326 332  3  2 13 4
311 287  3  3 5 0
283 255  3  4 15 6
317 226  3  5 17 7
361 220  3  6 8 0
401 238  3  7 19 9
426 275  3  8 10 1
427 319  3  9 21 11
405 357  3  10 12 2
366 378  3  11 23 13
322 375  3  12 14 3
286 349  3  13 25 15
270 308  3  14 16 5
258 222  3  15 27 17
308 187  3  16 18 6
370 181  3  17 28 19
427 208  3  18 20 8
462 258  3  19 30 21
468 320  3  20 22 10
441 377  3  21 31 23
391 412  3  22 24 12
329 418  3  23 32 25
272 391  3  24 26 14
237 341  3  25 33 27
231 279  3  26 28 16
258 168  3  27 29 18
244 84  3  28 33 30
522 133  3  29 31 20
561 412  3  30 32 22
308 536  3  31 33 24
112 333  3  32 29 26

 34
311 287  3  4 7 1
273 275  3  0 9 2
296 240  3  1 11 3
333 221  3  2 13 4
350 260  3  3 5 0
388 287  3  4 15 6
373 332  3  5 17 7
326 332  3  6 8 0
290 353  3  7 19 9
271 316  3  8 10 1
231 281  3  9 21 11
252 229  3  10 12 2
295 193  3  11 23 13
374 223  3  12 14 3
409 246  3  13 25 15
428 283  3  14 16 5
426 324  3  15 27 17
403 359  3  16 18 6
366 378  3  17 28 19
325 376  3  18 20 8
279 397  3  19 30 21
243 354  3  20 22 10
212 217  3  21 31 23
350 180  3  22 24 12
404 193  3  23 32 25
447 229  3  24 26 14
468 281  3  25 33 27
464 337  3  26 28 16
434 384  3  27 29 18
387 414  3  28 33 30
331 418  3  29 31 20
132 401  3  30 32 22
567 198  3  31 33 24
487 382  3  32 29 26

 34
350 260  3  4 7 1
311 287  3  0 9 2
276 267  3  1 11 3
302 235  3  2 13 4
341 220  3  3 5 0
382 226  3  4 15 6
414 252  3  5 17 7
388 287  3  6 8 0
373 332  3  7 19 9
326 332  3  8 10 1
285 347  3  9 21 11
270 308  3  10 12 2
240 251  3  11 23 13
279 202  3  12 14 3
337 180  3  13 25 15
398 190  3  14 16 5
447 229  3  15 27 17
429 291  3  16 18 6
423 332  3  17 28 19
397 364  3  18 20 8
358 379  3  19 30 21
317 373  3  20 22 10
252 370  3  21 31 23
230 312  3  22 24 12
154 258  3  23 32 25
329 101  3  24 26 14
532 218  3  25 33 27
469 287  3  26 28 16
459 348  3  27 29 18
420 397  3  28 33 30
362 419  3  29 31 20
301 409  3  30 32 22
250 473  3  31 33 24
483 448  3  32 29 26

 34
341 220  3  4 7 1
350 260  3  0 9 2
311 287  3  1 11 3
276 267  3  2 13 4
302 235  3  3 5 0
279 202  3  4 15 6
331 181  3  5 17 7
382 226  3  6 8 0
414 252  3  7 19 9
388 287  3  8 10 1
373 332  3  9 21 11
326 332  3  10 12 2
285 347  3  11 23 13
270 308  3  12 14 3
230 300  3  13 25 15
243 245  3  14 16 5
287 152  3  15 27 17
387 185  3  16 18 6
434 215  3  17 28 19
429 291  3  18 20 8
423 332  3  19 30 21
397 364  3  20 22 10
358 379  3  21 31 23
317 373  3  22 24 12
295 406  3  23 32 25
252 370  3  24 26 14
287 531  3  25 33 27
412 68  3  26 28 16
464 262  3  27 29 18
468 318  3  28 33 30
447 370  3  29 31 20
404 406  3  30 32 22
350 420  3  31 33 24
454 420  3  32 29 26

 34
313 228  3  4 7 1
350 220  3  0 9 2
350 260  3  1 11 3
311 287  3  2 13 4
285 252  3  3 5 0
270 300  3  4 15 6
252 229  3  5 17 7
295 193  3  6 8 0
350 180  3  7 19 9
386 228  3  8 10 1
414 252  3  9 21 11
388 287  3  10 12 2
373 332  3  11 23 13
326 332  3  12 14 3
302 364  3  13 25 15
278 336  3  14 16 5
243 354  3  15 27 17
230 300  3  16 18 6
265 164  3  17 28 19
404 193  3  18 20 8
447 229  3  19 30 21
429 287  3  20 22 10
426 324  3  21 31 23
406 356  3  22 24 12
374 376  3  23 32 25
337 379  3  24 26 14
331 418  3  25 33 27
279 397  3  26 28 16
208 494  3  27 29 18
487 382  3  28 33 30
468 281  3  29 31 20
464 337  3  30 32 22
434 384  3  31 33 24
387 414  3  32 29 26

 34
356 220  3  4 7 1
390 230  3  0 9 2
415 254  3  1 11 3
384 280  3  2 13 4
350 260  3  3 5 0
315 280  3  4 15 6
293 243  3  5 17 7
322 224  3  6 8 0
329 181  3  7 19 9
391 187  3  8 10 1
441 222  3  9 21 11
428 286  3  10 12 2
427 320  3  11 23 13
384 320  3  12 14 3
350 340  3  13 25 15
315 320  3  14 16 5
272 320  3  15 27 17
271 286  3  16 18 6
237 258  3  17 28 19
272 208  3  18 20 8
418 112  3  19 30 21
468 279  3  20 22 10
462 341  3  21 31 23
411 351  3  22 24 12
383 372  3  23 32 25
350 380  3  24 26 14
316 372  3  25 33 27
288 351  3  26 28 16
231 320  3  27 29 18
258 377  3  28 33 30
332 499  3  29 31 20
427 391  3  30 32 22
370 418  3  31 33 24
308 412  3  32 29 26

 34
302 235  3  4 7 1
279 202  3  0 9 2
337 180  3  1 11 3
374 223  3  2 13 4
337 220  3  3 5 0
350 260  3  4 15 6
311 287  3  5 17 7
278 263  3  6 8 0
270 312  3  7 19 9
240 251  3  8 10 1
152 268  3  9 21 11
381 102  3  10 12 2
398 190  3  11 23 13
406 243  3  12 14 3
426 275  3  13 25 15
388 287  3  14 16 5
373 332  3  15 27 17
326 332  3  16 18 6
313 371  3  17 28 19
285 347  3  18 20 8
252 370  3  19 30 21
230 312  3  20 22 10
278 113  3  21 31 23
447 229  3  22 24 12
469 287  3  23 32 25
429 312  3  24 26 14
414 347  3  25 33 27
386 371  3  26 28 16
350 380  3  27 29 18
362 419  3  28 33 30
301 409  3  29 31 20
421 486  3  30 32 22
459 348  3  31 33 24
420 397  3  32 29 26

 34
363 221  3  4 7 1
329 222  3  0 9 2
356 180  3  1 11 3
418 201  3  2 13 4
395 234  3  3 5 0
419 259  3  4 15 6
384 280  3  5 17 7
350 260  3  6 8 0
315 280  3  7 19 9
298 238  3  8 10 1
272 279  3  9 21 11
291 195  3  10 12 2
199 168  3  11 23 13
505 174  3  12 14 3
460 253  3  13 25 15
429 293  3  14 16 5
425 327  3  15 27 17
384 320  3  16 18 6
350 340  3  17 28 19
315 320  3  18 20 8
284 345  3  19 30 21
271 313  3  20 22 10
232 322  3  21 31 23
237 256  3  22 24 12
298 493  3  23 32 25
468 318  3  24 26 14
440 378  3  25 33 27
406 356  3  26 28 16
377 375  3  27 29 18
343 379  3  28 33 30
310 369  3  29 31 20
262 381  3  30 32 22
318 415  3  31 33 24
385 414  3  32 29 26

 34
382 226  3  4 7 1
350 220  3  0 9 2
317 226  3  1 11 3
316 143  3  2 13 4
391 145  3  3 5 0
457 181  3  4 15 6
426 275  3  5 17 7
409 246  3  6 8 0
384 280  3  7 19 9
350 260  3  8 10 1
315 280  3  9 21 11
290 246  3  10 12 2
273 275  3  11 23 13
249 175  3  12 14 3
195 258  3  13 25 15
499 242  3  14 16 5
509 316  3  15 27 17
429 308  3  16 18 6
419 340  3  17 28 19
384 320  3  18 20 8
350 340  3  19 30 21
315 320  3  20 22 10
280 340  3  21 31 23
270 308  3  22 24 12
225 400  3  23 32 25
193 333  3  24 26 14
430 438  3  25 33 27
484 387  3  26 28 16
397 364  3  27 29 18
366 378  3  28 33 30
333 378  3  29 31 20
302 364  3  30 32 22
284 446  3  31 33 24
358 459  3  32 29 26

 34
409 151  3  4 7 1
386 228  3  0 9 2
352 220  3  1 11 3
318 226  3  2 13 4
341 140  3  3 5 0
274 158  3  4 15 6
502 250  3  5 17 7
467 190  3  6 8 0
427 282  3  7 19 9
413 250  3  8 10 1
384 280  3  9 21 11
350 260  3  10 12 2
315 280  3  11 23 13
290 246  3  12 14 3
270 290  3  13 25 15
222 203  3  14 16 5
190 294  3  15 27 17
508 319  3  16 18 6
485 384  3  17 28 19
428 316  3  18 20 8
413 348  3  19 30 21
384 320  3  20 22 10
350 340  3  21 31 23
315 320  3  22 24 12
291 354  3  23 32 25
273 324  3  24 26 14
242 418  3  25 33 27
202 362  3  26 28 16
437 434  3  27 29 18
372 458  3  28 33 30
387 370  3  29 31 20
354 379  3  30 32 22
320 374  3  31 33 24
303 453  3  32 29 26

 34
363 140  3  4 7 1
434 164  3  0 9 2
397 235  3  1 11 3
366 221  3  2 13 4
333 221  3  3 5 0
302 235  3  4 15 6
229 195  3  5 17 7
290 151  3  6 8 0
509 288  3  7 19 9
487 217  3  8 10 1
429 291  3  9 21 11
419 259  3  10 12 2
384 280  3  11 23 13
350 260  3  12 14 3
315 280  3  13 25 15
280 260  3  14 16 5
270 291  3  15 27 17
194 261  3  16 18 6
201 359  3  17 28 19
497 362  3  18 20 8
452 422  3  19 30 21
426 324  3  20 22 10
409 353  3  21 31 23
384 320  3  22 24 12
350 340  3  23 32 25
315 320  3  24 26 14
290 353  3  25 33 27
273 324  3  26 28 16
245 420  3  27 29 18
311 455  3  28 33 30
385 455  3  29 31 20
382 373  3  30 32 22
350 380  3  31 33 24
317 373  3  32 29 26

 34
320 183  3  4 7 1
387 185  3  0 9 2
441 222  3  1 11 3
395 234  3  2 13 4
363 221  3  3 5 0
329 222  3  4 15 6
298 238  3  5 17 7
263 216  3  6 8 0
232 275  3  7 19 9
411 109  3  8 10 1
459 348  3  9 21 11
468 283  3  10 12 2
429 293  3  11 23 13
419 259  3  12 14 3
384 280  3  13 25 15
350 260  3  14 16 5
315 280  3  15 27 17
277 266  3  16 18 6
271 313  3  17 28 19
237 341  3  18 20 8
196 428  3  19 30 21
503 428  3  20 22 10
417 399  3  21 31 23
425 327  3  22 24 12
406 356  3  23 32 25
384 320  3  24 26 14
350 340  3  25 33 27
315 320  3  26 28 16
284 345  3  27 29 18
310 369  3  28 33 30
290 403  3  29 31 20
354 419  3  30 32 22
377 375  3  31 33 24
343 379  3  32 29 26

 34
350 180  3  4 7 1
289 196  3  0 9 2
401 106  3  1 11 3
453 239  3  2 13 4
410 196  3  3 5 0
397 235  3  4 15 6
362 220  3  5 17 7
325 223  3  6 8 0
293 243  3  7 19 9
246 240  3  8 10 1
230 300  3  9 21 11
298 493  3  10 12 2
453 360  3  11 23 13
470 300  3  12 14 3
430 300  3  13 25 15
421 263  3  14 16 5
388 287  3  15 27 17
350 260  3  16 18 6
311 287  3  17 28 19
273 275  3  18 20 8
273 324  3  19 30 21
246 360  3  20 22 10
208 441  3  21 31 23
491 441  3  22 24 12
410 403  3  23 32 25
421 336  3  24 26 14
397 364  3  25 33 27
373 332  3  26 28 16
326 332  3  27 29 18
325 376  3  28 33 30
293 356  3  29 31 20
290 403  3  30 32 22
350 420  3  31 33 24
362 379  3  32 29 26

 34
381 184  3  4 7 1
318 184  3  0 9 2
265 215  3  1 11 3
349 100  3  2 13 4
434 215  3  3 5 0
465 268  3  4 15 6
411 248  3  5 17 7
383 227  3  6 8 0
350 220  3  7 19 9
316 227  3  8 10 1
288 248  3  9 21 11
234 268  3  10 12 2
234 331  3  11 23 13
298 493  3  12 14 3
434 384  3  13 25 15
465 331  3  14 16 5
428 313  3  15 27 17
427 279  3  16 18 6
384 280  3  17 28 19
350 260  3  18 20 8
315 280  3  19 30 21
272 279  3  20 22 10
274 327  3  21 31 23
265 384  3  22 24 12
318 415  3  23 32 25
381 415  3  24 26 14
390 369  3  25 33 27
415 345  3  26 28 16
384 320  3  27 29 18
350 340  3  28 33 30
315 320  3  29 31 20
293 356  3  30 32 22
322 375  3  31 33 24
356 379  3  32 29 26

 34
396 189  3  4 7 1
341 180  3  0 9 2
288 197  3  1 11 3
248 236  3  2 13 4
300 147  3  3 5 0
583 246  3  4 15 6
466 273  3  5 17 7
441 222  3  6 8 0
411 248  3  7 19 9
381 226  3  8 10 1
344 220  3  9 21 11
308 231  3  10 12 2
282 257  3  11 23 13
230 289  3  12 14 3
238 344  3  13 25 15
324 458  3  14 16 5
440 378  3  15 27 17
466 329  3  16 18 6
427 319  3  17 28 19
427 282  3  18 20 8
388 287  3  19 30 21
350 260  3  20 22 10
311 287  3  21 31 23
270 293  3  22 24 12
281 341  3  23 32 25
271 390  3  24 26 14
339 419  3  25 33 27
394 411  3  26 28 16
410 352  3  27 29 18
379 374  3  28 33 30
373 332  3  29 31 20
326 332  3  30 32 22
307 367  3  31 33 24
343 379  3  32 29 26

 34
361 140  3  4 7 1
434 215  3  0 9 2
387 185  3  1 11 3
331 181  3  2 13 4
279 202  3  3 5 0
243 245  3  4 15 6
142 420  3  5 17 7
557 179  3  6 8 0
468 318  3  7 19 9
464 262  3  8 10 1
419 259  3  9 21 11
390 230  3  10 12 2
350 220  3  11 23 13
309 230  3  12 14 3
280 260  3  13 25 15
230 300  3  14 16 5
243 354  3  15 27 17
300 452  3  16 18 6
404 406  3  17 28 19
447 370  3  18 20 8
419 340  3  19 30 21
430 300  3  20 22 10
388 287  3  21 31 23
350 260  3  22 24 12
311 287  3  23 32 25
270 300  3  24 26 14
280 340  3  25 33 27
279 397  3  26 28 16
350 420  3  27 29 18
350 380  3  28 33 30
390 369  3  29 31 20
373 332  3  30 32 22
326 332  3  31 33 24
310 369  3  32 29 26

 34
329 101  3  4 7 1
532 218  3  0 9 2
453 239  3  1 11 3
410 196  3  2 13 4
350 180  3  3 5 0
289 196  3  4 15 6
246 240  3  5 17 7
154 258  3  6 8 0
250 473  3  7 19 9
483 448  3  8 10 1
453 360  3  9 21 11
470 300  3  10 12 2
419 259  3  11 23 13
390 230  3  12 14 3
350 220  3  13 25 15
309 230  3  14 16 5
280 260  3  15 27 17
230 300  3  16 18 6
246 360  3  17 28 19
290 403  3  18 20 8
350 420  3  19 30 21
410 403  3  20 22 10
419 340  3  21 31 23
430 300  3  22 24 12
388 287  3  23 32 25
350 260  3  24 26 14
311 287  3  25 33 27
270 300  3  26 28 16
280 340  3  27 29 18
310 369  3  28 33 30
350 380  3  29 31 20
390 369  3  30 32 22
373 332  3  31 33 24
326 332  3  32 29 26

 34
470 195  3  4 7 1
320 61  3  0 9 2
379 538  3  1 11 3
456 354  3  2 13 4
470 300  3  3 5 0
456 245  3  4 15 6
420 202  3  5 17 7
368 181  3  6 8 0
312 185  3  7 19 9
265 215  3  8 10 1
235 262  3  9 21 11
229 404  3  10 12 2
368 418  3  11 23 13
420 397  3  12 14 3
414 347  3  13 25 15
429 308  3  14 16 5
423 267  3  15 27 17
397 235  3  16 18 6
358 220  3  17 28 19
317 226  3  18 20 8
285 252  3  19 30 21
231 318  3  20 22 10
252 370  3  21 31 23
312 414  3  22 24 12
341 379  3  23 32 25
382 373  3  24 26 14
373 332  3  25 33 27
388 287  3  26 28 16
350 260  3  27 29 18
311 287  3  28 33 30
270 291  3  29 31 20
276 332  3  30 32 22
302 364  3  31 33 24
326 332  3  32 29 26

 34
229 92  3  4 7 1
115 349  3  0 9 2
324 538  3  1 11 3
569 397  3  2 13 4
510 121  3  3 5 0
437 165  3  4 15 6
325 182  3  5 17 7
269 210  3  6 8 0
235 262  3  7 19 9
232 324  3  8 10 1
260 380  3  9 21 11
312 414  3  10 12 2
374 417  3  11 23 13
430 389  3  12 14 3
464 337  3  13 25 15
467 275  3  14 16 5
439 219  3  15 27 17
387 185  3  16 18 6
322 224  3  17 28 19
286 250  3  18 20 8
270 291  3  19 30 21
283 344  3  20 22 10
317 373  3  21 31 23
361 379  3  22 24 12
401 361  3  23 32 25
426 324  3  24 26 14
427 280  3  25 33 27
405 242  3  26 28 16
366 221  3  27 29 18
350 260  3  28 33 30
311 287  3  29 31 20
326 332  3  30 32 22
373 332  3  31 33 24
388 287  3  32 29 26

 34
350 260  3  4 7 1
388 287  3  0 9 2
373 332  3  1 11 3
326 332  3  2 13 4
311 287  3  3 5 0
283 255  3  4 15 6
317 226  3  5 18 7
361 220  3  6 8 0
401 238  3  7 20 9
426 275  3  8 10 1
427 319  3  9 22 11
405 357  3  10 12 2
366 378  3  11 24 13
322 375  3  12 14 3
286 349  3  13 26 15
270 308  3  14 16 5
231 279  3  15 27 17
258 222  3  16 29 18
308 187  3  17 19 6
370 181  3  18 30 20
427 208  3  19 21 8
462 258  3  20 31 22
468 320  3  21 23 10
441 377  3  22 32 24
391 412  3  23 25 12
329 418  3  24 33 26
272 391  3  25 27 14
237 341  3  26 28 16
162 368  3  27 33 29
196 171  3  28 30 17
384 103  3  29 31 19
537 231  3  30 32 21
503 428  3  31 33 23
315 496  3  32 28 25

 34
311 287  3  4 7 1
273 275  3  0 9 2
293 243  3  1 11 3
325 223  3  2 13 4
350 260  3  3 5 0
388 287  3  4 15 6
373 332  3  5 18 7
326 332  3  6 8 0
293 356  3  7 20 9
273 324  3  8 10 1
233 273  3  9 22 11
258 222  3  10 12 2
303 189  3  11 24 13
362 220  3  12 14 3
397 235  3  13 26 15
421 263  3  14 16 5
430 300  3  15 27 17
421 336  3  16 29 18
397 364  3  17 19 6
362 379  3  18 30 20
325 376  3  19 21 8
272 391  3  20 31 22
239 346  3  21 23 10
218 208  3  22 32 24
358 180  3  23 25 12
411 197  3  24 33 26
451 236  3  25 27 14
469 289  3  26 28 16
461 344  3  27 33 29
428 390  3  28 30 17
379 416  3  29 31 19
323 416  3  30 32 21
316 537  3  31 33 23
501 247  3  32 28 25

 34
350 260  3  4 7 1
311 287  3  0 9 2
276 267  3  1 11 3
302 235  3  2 13 4
341 220  3  3 5 0
382 226  3  4 15 6
414 252  3  5 18 7
388 287  3  6 8 0
373 332  3  7 20 9
326 332  3  8 10 1
285 347  3  9 22 11
270 308  3  10 12 2
231 281  3  11 24 13
256 224  3  12 14 3
306 187  3  13 26 15
368 181  3  14 16 5
425 206  3  15 27 17
462 256  3  16 29 18
429 291  3  17 19 6
423 332  3  18 30 20
397 364  3  19 21 8
358 379  3  20 31 22
317 373  3  21 23 10
274 393  3  22 32 24
237 343  3  23 25 12
156 351  3  24 33 26
241 132  3  25 27 14
475 144  3  26 28 16
536 371  3  27 33 29
468 318  3  28 30 17
443 375  3  29 31 19
393 412  3  30 32 21
331 418  3  31 33 23
339 499  3  32 28 25

 34
341 220  3  4 7 1
350 260  3  0 9 2
311 287  3  1 11 3
276 267  3  2 13 4
302 235  3  3 5 0
279 202  3  4 15 6
337 180  3  5 18 7
382 226  3  6 8 0
414 252  3  7 20 9
388 287  3  8 10 1
373 332  3  9 22 11
326 332  3  10 12 2
285 347  3  11 24 13
270 308  3  12 14 3
230 312  3  13 26 15
240 251  3  14 16 5
188 182  3  15 27 17
411 109  3  16 29 18
398 190  3  17 19 6
447 229  3  18 30 20
429 291  3  19 21 8
423 332  3  20 31 22
397 364  3  21 23 10
358 379  3  22 32 24
317 373  3  23 25 12
301 409  3  24 33 26
252 370  3  25 27 14
188 417  3  26 28 16
411 490  3  27 33 29
550 300  3  28 30 17
469 287  3  29 31 19
459 348  3  30 32 21
420 397  3  31 33 23
362 419  3  32 28 25

 34
313 228  3  4 7 1
350 220  3  0 9 2
350 260  3  1 11 3
311 287  3  2 13 4
285 252  3  3 5 0
270 300  3  4 15 6
252 229  3  5 18 7
295 193  3  6 8 0
350 180  3  7 20 9
386 228  3  8 10 1
414 252  3  9 22 11
388 287  3  10 12 2
373 332  3  11 24 13
326 332  3  12 14 3
302 364  3  13 26 15
278 336  3  14 16 5
279 397  3  15 27 17
243 354  3  16 29 18
230 300  3  17 19 6
265 164  3  18 30 20
404 193  3  19 21 8
447 229  3  20 31 22
429 287  3  21 23 10
426 324  3  22 32 24
406 356  3  23 25 12
374 376  3  24 33 26
337 379  3  25 27 14
331 418  3  26 28 16
387 414  3  27 33 29
290 448  3  28 30 17
587 262  3  29 31 19
468 281  3  30 32 21
464 337  3  31 33 23
434 384  3  32 28 25

 34
356 220  3  4 7 1
390 230  3  0 9 2
415 254  3  1 11 3
384 280  3  2 13 4
350 260  3  3 5 0
315 280  3  4 15 6
293 243  3  5 18 7
322 224  3  6 8 0
343 180  3  7 20 9
404 193  3  8 10 1
450 234  3  9 22 11
428 286  3  10 12 2
427 320  3  11 24 13
384 320  3  12 14 3
350 340  3  13 26 15
315 320  3  14 16 5
288 351  3  15 27 17
272 320  3  16 29 18
271 286  3  17 19 6
243 245  3  18 30 20
284 199  3  19 21 8
440 121  3  20 31 22
469 293  3  21 23 10
456 354  3  22 32 24
411 351  3  23 25 12
383 372  3  24 33 26
350 380  3  25 27 14
316 372  3  26 28 16
295 406  3  27 33 29
249 365  3  28 30 17
230 306  3  29 31 19
259 478  3  30 32 21
415 400  3  31 33 23
356 419  3  32 28 25

 34
316 227  3  4 7 1
301 190  3  0 9 2
366 181  3  1 11 3
383 227  3  2 13 4
350 220  3  3 5 0
350 260  3  4 15 6
315 280  3  5 18 7
288 248  3  6 8 0
270 293  3  7 20 9
250 232  3  8 10 1
155 251  3  9 22 11
431 117  3  10 12 2
427 208  3  11 24 13
411 248  3  12 14 3
427 279  3  13 26 15
384 280  3  14 16 5
384 320  3  15 27 17
350 340  3  16 29 18
315 320  3  17 19 6
293 356  3  18 30 20
274 327  3  19 21 8
255 373  3  20 31 22
230 312  3  21 23 10
391 495  3  22 32 24
464 262  3  23 25 12
466 329  3  24 33 26
428 313  3  25 27 14
415 345  3  26 28 16
390 369  3  27 33 29
356 379  3  28 30 17
322 375  3  29 31 19
308 412  3  30 32 21
374 417  3  31 33 23
433 386  3  32 28 25

 34
352 220  3  4 7 1
318 226  3  0 9 2
310 186  3  1 11 3
376 183  3  2 13 4
386 228  3  3 5 0
413 250  3  4 15 6
384 280  3  5 18 7
350 260  3  6 8 0
315 280  3  7 20 9
290 246  3  8 10 1
270 290  3  9 22 11
256 224  3  10 12 2
160 234  3  11 24 13
446 125  3  12 14 3
434 215  3  13 26 15
427 282  3  14 16 5
428 316  3  15 27 17
413 348  3  16 29 18
384 320  3  17 19 6
350 340  3  18 30 20
315 320  3  19 21 8
291 354  3  20 31 22
273 324  3  21 23 10
249 365  3  22 32 24
230 302  3  23 25 12
374 498  3  24 33 26
466 273  3  25 27 14
463 339  3  26 28 16
425 393  3  27 33 29
387 370  3  28 30 17
354 379  3  29 31 19
320 374  3  30 32 21
299 408  3  31 33 23
364 419  3  32 28 25

 34
386 228  3  4 7 1
352 220  3  0 9 2
318 226  3  1 11 3
310 186  3  2 13 4
376 183  3  3 5 0
434 215  3  4 15 6
427 282  3  5 18 7
413 250  3  6 8 0
384 280  3  7 20 9
350 260  3  8 10 1
315 280  3  9 22 11
290 246  3  10 12 2
270 290  3  11 24 13
256 224  3  12 14 3
160 234  3  13 26 15
524 203  3  14 16 5
466 273  3  15 27 17
463 339  3  16 29 18
428 316  3  17 19 6
413 348  3  18 30 20
384 320  3  19 21 8
350 340  3  20 31 22
315 320  3  21 23 10
291 354  3  22 32 24
273 324  3  23 25 12
249 365  3  24 33 26
230 302  3  25 27 14
374 498  3  26 28 16
364 419  3  27 33 29
425 393  3  28 30 17
387 370  3  29 31 19
354 379  3  30 32 21
320 374  3  31 33 23
299 408  3  32 28 25

 34
376 183  3  4 7 1
386 228  3  0 9 2
352 220  3  1 11 3
318 226  3  2 13 4
310 186  3  3 5 0
235 136  3  4 15 6
524 203  3  5 18 7
434 215  3  6 8 0
427 282  3  7 20 9
413 250  3  8 10 1
384 280  3  9 22 11
350 260  3  10 12 2
315 280  3  11 24 13
290 246  3  12 14 3
270 290  3  13 26 15
256 224  3  14 16 5
230 302  3  15 27 17
374 498  3  16 29 18
466 273  3  17 19 6
463 339  3  18 30 20
428 316  3  19 21 8
413 348  3  20 31 22
384 320  3  21 23 10
350 340  3  22 32 24
315 320  3  23 25 12
291 354  3  24 33 26
273 324  3  25 27 14
249 365  3  26 28 16
299 408  3  27 33 29
364 419  3  28 30 17
425 393  3  29 31 19
387 370  3  30 32 21
354 379  3  31 33 23
320 374  3  32 28 25

 34
331 181  3  4 7 1
396 189  3  0 9 2
390 230  3  1 11 3
356 220  3  2 13 4
322 224  3  3 5 0
293 243  3  4 15 6
271 209  3  5 18 7
265 118  3  6 8 0
539 234  3  7 20 9
448 231  3  8 10 1
428 286  3  9 22 11
415 254  3  10 12 2
384 280  3  11 24 13
350 260  3  12 14 3
315 280  3  13 26 15
274 272  3  14 16 5
272 320  3  15 27 17
234 331  3  16 29 18
235 264  3  17 19 6
549 289  3  18 30 20
469 293  3  19 21 8
454 358  3  20 31 22
427 320  3  21 23 10
411 351  3  22 32 24
384 320  3  23 25 12
350 340  3  24 33 26
315 320  3  25 27 14
288 351  3  26 28 16
316 372  3  27 33 29
281 398  3  28 30 17
343 419  3  29 31 19
408 404  3  30 32 21
383 372  3  31 33 23
350 380  3  32 28 25

 34
370 181  3  4 7 1
418 201  3  0 9 2
453 239  3  1 11 3
411 248  3  2 13 4
381 226  3  3 5 0
344 220  3  4 15 6
308 231  3  5 18 7
318 184  3  6 8 0
272 208  3  7 20 9
464 136  3  8 10 1
462 341  3  9 22 11
469 289  3  10 12 2
427 319  3  11 24 13
427 282  3  12 14 3
388 287  3  13 26 15
350 260  3  14 16 5
311 287  3  15 27 17
270 293  3  16 29 18
282 257  3  17 19 6
230 300  3  18 30 20
241 249  3  19 21 8
491 441  3  20 31 22
434 384  3  21 23 10
391 412  3  22 32 24
410 352  3  23 25 12
379 374  3  24 33 26
373 332  3  25 27 14
326 332  3  26 28 16
307 367  3  27 33 29
281 341  3  28 30 17
241 350  3  29 31 19
290 403  3  30 32 21
339 419  3  31 33 23
343 379  3  32 28 25

 34
260 219  3  4 7 1
188 182  3  0 9 2
411 109  3  1 11 3
374 182  3  2 13 4
312 185  3  3 5 0
325 223  3  4 15 6
290 246  3  5 18 7
232 275  3  6 8 0
235 337  3  7 20 9
188 417  3  8 10 1
411 490  3  9 22 11
550 300  3  10 12 2
464 262  3  11 24 13
430 210  3  12 14 3
403 240  3  13 26 15
366 221  3  14 16 5
350 260  3  15 27 17
311 287  3  16 29 18
271 283  3  17 19 6
273 324  3  18 30 20
269 389  3  19 21 8
325 417  3  20 31 22
387 414  3  21 23 10
439 380  3  22 32 24
467 324  3  23 25 12
428 316  3  24 33 26
426 275  3  25 27 14
388 287  3  26 28 16
373 332  3  27 33 29
326 332  3  28 30 17
296 359  3  29 31 19
333 378  3  30 32 21
374 376  3  31 33 23
409 353  3  32 28 25

 34
295 193  3  4 7 1
252 229  3  0 9 2
311 144  3  1 11 3
404 193  3  2 13 4
350 180  3  3 5 0
386 228  3  4 15 6
350 220  3  5 18 7
313 228  3  6 8 0
285 252  3  7 20 9
231 281  3  8 10 1
235 337  3  9 22 11
349 60  3  10 12 2
502 349  3  11 24 13
447 229  3  12 14 3
468 281  3  13 26 15
414 252  3  14 16 5
429 287  3  15 27 17
388 287  3  16 29 18
350 260  3  17 19 6
311 287  3  18 30 20
270 287  3  19 21 8
278 336  3  20 31 22
265 384  3  21 23 10
331 418  3  22 32 24
387 414  3  23 25 12
434 384  3  24 33 26
464 337  3  25 27 14
426 324  3  26 28 16
406 356  3  27 33 29
373 332  3  28 30 17
326 332  3  29 31 19
302 364  3  30 32 21
337 379  3  31 33 23
374 376  3  32 28 25

 34
376 183  3  4 7 1
320 183  3  0 9 2
271 209  3  1 11 3
347 140  3  2 13 4
427 208  3  3 5 0
460 253  3  4 15 6
414 252  3  5 18 7
386 228  3  6 8 0
350 220  3  7 20 9
313 228  3  8 10 1
285 252  3  9 22 11
238 255  3  10 12 2
230 310  3  11 24 13
129 393  3  12 14 3
465 411  3  13 26 15
469 308  3  14 16 5
452 361  3  15 27 17
426 324  3  16 29 18
429 287  3  17 19 6
388 287  3  18 30 20
350 260  3  19 21 8
311 287  3  20 31 22
270 287  3  21 23 10
278 336  3  22 32 24
248 363  3  23 25 12
305 411  3  24 33 26
360 419  3  25 27 14
413 401  3  26 28 16
374 376  3  27 33 29
406 356  3  28 30 17
373 332  3  29 31 19
326 332  3  30 32 21
302 364  3  31 33 23
337 379  3  32 28 25

 34
427 208  3  4 7 1
376 183  3  0 9 2
320 183  3  1 11 3
271 209  3  2 13 4
347 140  3  3 5 0
589 316  3  4 15 6
469 308  3  5 18 7
460 253  3  6 8 0
414 252  3  7 20 9
386 228  3  8 10 1
350 220  3  9 22 11
313 228  3  10 12 2
285 252  3  11 24 13
238 255  3  12 14 3
230 310  3  13 26 15
247 422  3  14 16 5
360 419  3  15 27 17
413 401  3  16 29 18
452 361  3  17 19 6
426 324  3  18 30 20
429 287  3  19 21 8
388 287  3  20 31 22
350 260  3  21 23 10
311 287  3  22 32 24
270 287  3  23 25 12
278 336  3  24 33 26
248 363  3  25 27 14
305 411  3  26 28 16
337 379  3  27 33 29
374 376  3  28 30 17
406 356  3  29 31 19
373 332  3  30 32 21
326 332  3  31 33 23
302 364  3  32 28 25

 34
361 140  3  4 7 1
434 215  3  0 9 2
387 185  3  1 11 3
331 181  3  2 13 4
279 202  3  3 5 0
243 245  3  4 15 6
214 384  3  5 18 7
349 60  3  6 8 0
468 318  3  7 20 9
464 262  3  8 10 1
414 252  3  9 22 11
386 228  3  10 12 2
350 220  3  11 24 13
313 228  3  12 14 3
285 252  3  13 26 15
230 300  3  14 16 5
243 354  3  15 27 17
295 406  3  16 29 18
350 420  3  17 19 6
404 406  3  18 30 20
447 370  3  19 21 8
426 324  3  20 31 22
429 287  3  21 23 10
388 287  3  22 32 24
350 260  3  23 25 12
311 287  3  24 33 26
270 287  3  25 27 14
278 336  3  26 28 16
302 364  3  27 33 29
337 379  3  28 30 17
374 376  3  29 31 19
406 356  3  30 32 21
373 332  3  31 33 23
326 332  3  32 28 25

 34
475 144  3  4 7 1
536 371  3  0 9 2
465 331  3  1 11 3
465 268  3  2 13 4
434 215  3  3 5 0
381 184  3  4 15 6
318 184  3  5 18 7
241 132  3  6 8 0
156 351  3  7 20 9
339 499  3  8 10 1
381 415  3  9 22 11
434 384  3  10 12 2
419 340  3  11 24 13
430 300  3  12 14 3
419 259  3  13 26 15
390 230  3  14 16 5
350 220  3  15 27 17
309 230  3  16 29 18
265 215  3  17 19 6
234 268  3  18 30 20
234 331  3  19 21 8
265 384  3  20 31 22
318 415  3  21 23 10
350 380  3  22 32 24
390 369  3  23 25 12
373 332  3  24 33 26
388 287  3  25 27 14
350 260  3  26 28 16
311 287  3  27 33 29
280 260  3  28 30 17
270 300  3  29 31 19
280 340  3  30 32 21
310 369  3  31 33 23
326 332  3  32 28 25

 34
162 368  3  4 7 1
356 499  3  0 9 2
542 355  3  1 11 3
461 134  3  2 13 4
226 142  3  3 5 0
263 216  3  4 15 6
232 275  3  5 18 7
244 356  3  6 8 0
290 403  3  7 20 9
354 419  3  8 10 1
417 399  3  9 22 11
459 348  3  10 12 2
468 283  3  11 24 13
441 222  3  12 14 3
387 185  3  13 26 15
320 183  3  14 16 5
309 230  3  15 27 17
280 260  3  16 29 18
270 300  3  17 19 6
280 340  3  18 30 20
310 369  3  19 21 8
350 380  3  20 31 22
390 369  3  21 23 10
419 340  3  22 32 24
430 300  3  23 25 12
419 259  3  24 33 26
390 230  3  25 27 14
350 220  3  26 28 16
350 260  3  27 33 29
315 280  3  28 30 17
315 320  3  29 31 19
350 340  3  30 32 21
384 320  3  31 33 23
384 280  3  32 28 25

 34
350 260  3  4 7 1
388 287  3  0 9 2
373 332  3  1 11 3
326 332  3  2 14 4
311 287  3  3 5 0
285 252  3  4 16 6
317 226  3  5 18 7
358 220  3  6 8 0
397 235  3  7 20 9
423 267  3  8 10 1
429 308  3  9 22 11
414 347  3  10 12 2
382 373  3  11 23 13
341 379  3  12 25 14
302 364  3  13 15 3
276 332  3  14 27 16
270 291  3  15 17 5
252 229  3  16 28 18
301 190  3  17 19 6
362 180  3  18 30 20
420 202  3  19 21 8
459 251  3  20 31 22
469 312  3  21 23 10
447 370  3  22 24 12
398 409  3  23 32 25
337 419  3  24 26 13
279 397  3  25 33 27
240 348  3  26 28 15
230 287  3  27 29 17
159 238  3  28 33 30
349 100  3  29 31 19
540 238  3  30 32 21
467 461  3  31 33 24
232 461  3  32 29 26

 34
311 287  3  4 7 1
273 275  3  0 9 2
296 240  3  1 11 3
333 221  3  2 14 4
350 260  3  3 5 0
388 287  3  4 16 6
373 332  3  5 18 7
326 332  3  6 8 0
290 353  3  7 20 9
271 316  3  8 10 1
230 295  3  9 22 11
245 241  3  10 12 2
282 200  3  11 23 13
335 180  3  12 25 14
374 223  3  13 15 3
409 246  3  14 27 16
428 283  3  15 17 5
426 324  3  16 28 18
403 359  3  17 19 6
366 378  3  18 30 20
325 376  3  19 21 8
291 404  3  20 31 22
250 367  3  21 23 10
192 269  3  22 24 12
205 108  3  23 32 25
391 187  3  24 26 13
437 218  3  25 33 27
465 266  3  26 28 15
467 322  3  27 29 17
444 373  3  28 33 30
400 408  3  29 31 19
345 419  3  30 32 21
494 491  3  31 33 24
509 291  3  32 29 26

 34
350 260  3  4 7 1
311 287  3  0 9 2
276 267  3  1 11 3
302 235  3  2 14 4
341 220  3  3 5 0
382 226  3  4 16 6
414 252  3  5 18 7
388 287  3  6 8 0
373 332  3  7 20 9
326 332  3  8 10 1
285 347  3  9 22 11
270 308  3  10 12 2
230 300  3  11 23 13
243 245  3  12 25 14
279 202  3  13 15 3
331 181  3  14 27 16
387 185  3  15 17 5
434 215  3  16 28 18
429 291  3  17 19 6
423 332  3  18 30 20
397 364  3  19 21 8
358 379  3  20 31 22
317 373  3  21 23 10
252 370  3  22 24 12
295 406  3  23 32 25
197 349  3  24 26 13
507 481  3  25 33 27
432 162  3  26 28 15
464 262  3  27 29 17
468 318  3  28 33 30
447 370  3  29 31 19
404 406  3  30 32 21
350 420  3  31 33 24
454 420  3  32 29 26

 34
350 220  3  4 7 1
350 260  3  0 9 2
311 287  3  1 11 3
280 260  3  2 14 4
309 230  3  3 5 0
331 181  3  4 16 6
387 185  3  5 18 7
390 230  3  6 8 0
419 259  3  7 20 9
388 287  3  8 10 1
373 332  3  9 22 11
326 332  3  10 12 2
310 369  3  11 23 13
280 340  3  12 25 14
270 300  3  13 15 3
243 245  3  14 27 16
279 202  3  15 17 5
361 140  3  16 28 18
434 215  3  17 19 6
464 262  3  18 30 20
430 300  3  19 21 8
419 340  3  20 31 22
390 369  3  21 23 10
350 380  3  22 24 12
350 420  3  23 32 25
295 406  3  24 26 13
252 370  3  25 33 27
231 318  3  26 28 15
186 124  3  27 29 17
513 475  3  28 33 30
468 318  3  29 31 19
447 370  3  30 32 21
404 406  3  31 33 24
314 455  3  32 29 26

 34
329 222  3  4 7 1
363 221  3  0 9 2
350 260  3  1 11 3
315 280  3  2 14 4
298 238  3  3 5 0
272 279  3  4 16 6
265 215  3  5 18 7
318 184  3  6 8 0
381 184  3  7 20 9
395 234  3  8 10 1
419 259  3  9 22 11
384 280  3  10 12 2
384 320  3  11 23 13
350 340  3  12 25 14
315 320  3  13 15 3
284 345  3  14 27 16
271 313  3  15 17 5
234 331  3  16 28 18
234 268  3  17 19 6
298 106  3  18 30 20
434 215  3  19 21 8
465 268  3  20 31 22
429 293  3  21 23 10
425 327  3  22 24 12
406 356  3  23 32 25
377 375  3  24 26 13
343 379  3  25 33 27
310 369  3  26 28 15
265 384  3  27 29 17
318 415  3  28 33 30
450 473  3  29 31 19
465 331  3  30 32 21
434 384  3  31 33 24
381 415  3  32 29 26

 34
343 220  3  4 7 1
377 224  3  0 9 2
406 243  3  1 11 3
384 280  3  2 14 4
350 260  3  3 5 0
315 280  3  4 16 6
284 254  3  5 18 7
309 230  3  6 8 0
308 187  3  7 20 9
370 181  3  8 10 1
427 208  3  9 22 11
425 272  3  10 12 2
429 306  3  11 23 13
419 340  3  12 25 14
384 320  3  13 15 3
350 340  3  14 27 16
315 320  3  15 17 5
277 333  3  16 28 18
270 300  3  17 19 6
231 279  3  18 30 20
258 222  3  19 21 8
384 103  3  20 31 22
462 258  3  21 23 10
468 320  3  22 24 12
441 377  3  23 32 25
395 365  3  24 26 13
363 378  3  25 33 27
329 377  3  26 28 15
298 361  3  27 29 17
272 391  3  28 33 30
237 341  3  29 31 19
265 481  3  30 32 21
391 412  3  31 33 24
329 418  3  32 29 26

 34
308 231  3  4 7 1
279 202  3  0 9 2
337 180  3  1 11 3
381 226  3  2 14 4
344 220  3  3 5 0
350 260  3  4 16 6
311 287  3  5 18 7
282 257  3  6 8 0
270 305  3  7 20 9
240 251  3  8 10 1
152 268  3  9 22 11
381 102  3  10 12 2
398 190  3  11 23 13
447 229  3  12 25 14
411 248  3  13 15 3
427 282  3  14 27 16
388 287  3  15 17 5
373 332  3  16 28 18
326 332  3  17 19 6
307 367  3  18 30 20
281 341  3  19 21 8
252 370  3  20 31 22
230 312  3  21 23 10
232 138  3  22 24 12
505 425  3  23 32 25
469 287  3  24 26 13
459 348  3  25 33 27
427 319  3  26 28 15
410 352  3  27 29 17
379 374  3  28 33 30
343 379  3  29 31 19
301 409  3  30 32 21
362 419  3  31 33 24
420 397  3  32 29 26

 34
356 220  3  4 7 1
322 224  3  0 9 2
318 184  3  1 11 3
381 184  3  2 14 4
390 230  3  3 5 0
415 254  3  4 16 6
384 280  3  5 18 7
350 260  3  6 8 0
315 280  3  7 20 9
293 243  3  8 10 1
271 286  3  9 22 11
265 215  3  10 12 2
234 268  3  11 23 13
298 106  3  12 25 14
434 215  3  13 15 3
465 268  3  14 27 16
428 286  3  15 17 5
427 320  3  16 28 18
384 320  3  17 19 6
350 340  3  18 30 20
315 320  3  19 21 8
288 351  3  20 31 22
272 320  3  21 23 10
234 331  3  22 24 12
265 384  3  23 32 25
350 500  3  24 26 13
434 384  3  25 33 27
465 331  3  26 28 15
411 351  3  27 29 17
383 372  3  28 33 30
350 380  3  29 31 19
316 372  3  30 32 21
318 415  3  31 33 24
381 415  3  32 29 26

 34
383 227  3  4 7 1
350 220  3  0 9 2
316 227  3  1 11 3
308 187  3  2 14 4
370 181  3  3 5 0
427 208  3  4 16 6
427 279  3  5 18 7
411 248  3  6 8 0
384 280  3  7 20 9
350 260  3  8 10 1
315 280  3  9 22 11
288 248  3  10 12 2
270 293  3  11 23 13
231 279  3  12 25 14
258 222  3  13 15 3
384 103  3  14 27 16
462 258  3  15 17 5
468 320  3  16 28 18
428 313  3  17 19 6
415 345  3  18 30 20
384 320  3  19 21 8
350 340  3  20 31 22
315 320  3  21 23 10
274 327  3  22 24 12
293 356  3  23 32 25
237 341  3  24 26 13
272 391  3  25 33 27
367 499  3  26 28 15
441 377  3  27 29 17
391 412  3  28 33 30
390 369  3  29 31 19
356 379  3  30 32 21
322 375  3  31 33 24
329 418  3  32 29 26

 34
420 202  3  4 7 1
397 235  3  0 9 2
362 220  3  1 11 3
325 223  3  2 14 4
362 180  3  3 5 0
318 102  3  4 16 6
547 268  3  5 18 7
459 251  3  6 8 0
430 300  3  7 20 9
421 263  3  8 10 1
388 287  3  9 22 11
350 260  3  10 12 2
311 287  3  11 23 13
273 275  3  12 25 14
293 243  3  13 15 3
252 229  3  14 27 16
301 190  3  15 17 5
467 138  3  16 28 18
469 312  3  17 19 6
447 370  3  18 30 20
421 336  3  19 21 8
397 364  3  20 31 22
373 332  3  21 23 10
326 332  3  22 24 12
293 356  3  23 32 25
273 324  3  24 26 13
240 348  3  25 33 27
230 287  3  26 28 15
194 425  3  27 29 17
337 419  3  28 33 30
398 409  3  29 31 19
362 379  3  30 32 21
325 376  3  31 33 24
279 397  3  32 29 26

 34
312 185  3  4 7 1
368 181  3  0 9 2
325 223  3  1 11 3
293 243  3  2 14 4
265 215  3  3 5 0
235 262  3  4 16 6
111 270  3  5 18 7
409 151  3  6 8 0
456 245  3  7 20 9
420 202  3  8 10 1
397 235  3  9 22 11
362 220  3  10 12 2
350 260  3  11 23 13
311 287  3  12 25 14
273 275  3  13 15 3
273 324  3  14 27 16
231 318  3  15 17 5
265 384  3  16 28 18
375 458  3  17 19 6
456 354  3  18 30 20
470 300  3  19 21 8
430 300  3  20 31 22
421 263  3  21 23 10
388 287  3  22 24 12
373 332  3  23 32 25
326 332  3  24 26 13
325 376  3  25 33 27
293 356  3  26 28 15
312 414  3  27 29 17
368 418  3  28 33 30
420 397  3  29 31 19
421 336  3  30 32 21
397 364  3  31 33 24
362 379  3  32 29 26

 34
308 187  3  4 7 1
370 181  3  0 9 2
383 227  3  1 11 3
350 220  3  2 14 4
316 227  3  3 5 0
288 248  3  4 16 6
231 279  3  5 18 7
258 222  3  6 8 0
332 100  3  7 20 9
427 208  3  8 10 1
462 258  3  9 22 11
411 248  3  10 12 2
427 279  3  11 23 13
384 280  3  12 25 14
350 260  3  13 15 3
315 280  3  14 27 16
272 279  3  15 17 5
274 327  3  16 28 18
237 341  3  17 19 6
272 391  3  18 30 20
367 499  3  19 21 8
441 377  3  20 31 22
468 320  3  21 23 10
428 313  3  22 24 12
415 345  3  23 32 25
384 320  3  24 26 13
350 340  3  25 33 27
315 320  3  26 28 15
293 356  3  27 29 17
322 375  3  28 33 30
329 418  3  29 31 19
391 412  3  30 32 21
390 369  3  31 33 24
356 379  3  32 29 26

 34
331 181  3  4 7 1
387 185  3  0 9 2
434 215  3  1 11 3
406 243  3  2 14 4
374 223  3  3 5 0
337 220  3  4 16 6
302 235  3  5 18 7
279 202  3  6 8 0
243 245  3  7 20 9
287 152  3  8 10 1
578 225  3  9 22 11
464 262  3  10 12 2
468 318  3  11 23 13
429 312  3  12 25 14
426 275  3  13 15 3
388 287  3  14 27 16
350 260  3  15 17 5
311 287  3  16 28 18
278 263  3  17 19 6
270 312  3  18 30 20
230 300  3  19 21 8
252 370  3  20 31 22
350 460  3  21 23 10
447 370  3  22 24 12
404 406  3  23 32 25
414 347  3  24 26 13
386 371  3  25 33 27
373 332  3  26 28 15
326 332  3  27 29 17
313 371  3  28 33 30
285 347  3  29 31 19
295 406  3  30 32 21
350 420  3  31 33 24
350 380  3  32 29 26

 34
356 180  3  4 7 1
295 193  3  0 9 2
399 147  3  1 11 3
456 245  3  2 14 4
415 199  3  3 5 0
400 237  3  4 16 6
366 221  3  5 18 7
329 222  3  6 8 0
296 240  3  7 20 9
249 234  3  8 10 1
230 293  3  9 22 11
110 287  3  10 12 2
383 456  3  11 23 13
450 365  3  12 25 14
469 306  3  13 15 3
429 304  3  14 27 16
423 267  3  15 17 5
384 280  3  16 28 18
350 260  3  17 19 6
315 280  3  18 30 20
275 271  3  19 21 8
272 320  3  20 31 22
243 354  3  21 23 10
284 400  3  22 24 12
343 419  3  23 32 25
404 406  3  24 26 13
393 367  3  25 33 27
419 340  3  26 28 15
384 320  3  27 29 17
350 340  3  28 33 30
315 320  3  29 31 19
290 353  3  30 32 21
321 374  3  31 33 24
358 379  3  32 29 26

 34
376 183  3  4 7 1
320 183  3  0 9 2
271 209  3  1 11 3
346 100  3  2 14 4
427 208  3  3 5 0
460 253  3  4 16 6
411 248  3  5 18 7
383 227  3  6 8 0
350 220  3  7 20 9
316 227  3  8 10 1
288 248  3  9 22 11
238 255  3  10 12 2
230 310  3  11 23 13
259 378  3  12 25 14
367 499  3  13 15 3
452 361  3  14 27 16
469 308  3  15 17 5
428 313  3  16 28 18
427 279  3  17 19 6
388 287  3  18 30 20
350 260  3  19 21 8
311 287  3  20 31 22
272 279  3  21 23 10
274 327  3  22 24 12
293 356  3  23 32 25
305 411  3  24 26 13
360 419  3  25 33 27
413 401  3  26 28 15
415 345  3  27 29 17
390 369  3  28 33 30
373 332  3  29 31 19
326 332  3  30 32 21
322 375  3  31 33 24
356 379  3  32 29 26

 34
468 283  3  4 7 1
444 226  3  0 9 2
394 188  3  1 11 3
333 181  3  2 14 4
446 172  3  3 5 0
497 489  3  4 16 6
423 394  3  5 18 7
461 344  3  6 8 0
427 317  3  7 20 9
427 280  3  8 10 1
410 247  3  9 22 11
379 225  3  10 12 2
343 220  3  11 23 13
307 232  3  12 25 14
276 205  3  13 15 3
238 255  3  14 27 16
202 362  3  15 17 5
305 411  3  16 28 18
366 418  3  17 19 6
381 373  3  18 30 20
411 351  3  19 21 8
384 320  3  20 31 22
384 280  3  21 23 10
350 260  3  22 24 12
315 280  3  23 32 25
281 258  3  24 26 13
270 306  3  25 33 27
231 316  3  26 28 15
255 373  3  27 29 17
308 368  3  28 33 30
344 379  3  29 31 19
350 340  3  30 32 21
315 320  3  31 33 24
282 342  3  32 29 26

 34
399 65  3  4 7 1
489 222  3  0 9 2
393 187  3  1 11 3
337 180  3  2 14 4
284 199  3  3 5 0
246 240  3  4 16 6
195 341  3  5 18 7
300 534  3  6 8 0
443 375  3  7 20 9
467 324  3  8 10 1
465 268  3  9 22 11
439 219  3  10 12 2
397 235  3  11 23 13
358 220  3  12 25 14
317 226  3  13 15 3
285 252  3  14 27 16
230 293  3  15 17 5
240 348  3  16 28 18
290 403  3  17 19 6
343 419  3  18 30 20
398 409  3  19 21 8
414 347  3  20 31 22
429 308  3  21 23 10
423 267  3  22 24 12
388 287  3  23 32 25
350 260  3  24 26 13
311 287  3  25 33 27
270 291  3  26 28 15
276 332  3  27 29 17
302 364  3  28 33 30
341 379  3  29 31 19
382 373  3  30 32 21
373 332  3  31 33 24
326 332  3  32 29 26

 34
375 141  3  4 7 1
548 165  3  0 9 2
466 329  3  1 11 3
466 273  3  2 14 4
441 222  3  3 5 0
396 189  3  4 16 6
341 180  3  5 18 7
288 197  3  6 8 0
248 236  3  7 20 9
151 434  3  8 10 1
375 458  3  9 22 11
440 378  3  10 12 2
394 411  3  11 23 13
414 347  3  12 25 14
429 308  3  13 15 3
423 267  3  14 27 16
397 235  3  15 17 5
358 220  3  16 28 18
317 226  3  17 19 6
285 252  3  18 30 20
230 289  3  19 21 8
238 344  3  20 31 22
286 401  3  21 23 10
339 419  3  22 24 12
341 379  3  23 32 25
382 373  3  24 26 13
373 332  3  25 33 27
388 287  3  26 28 15
350 260  3  27 29 17
311 287  3  28 33 30
270 291  3  29 31 19
276 332  3  30 32 21
302 364  3  31 33 24
326 332  3  32 29 26

 34
159 238  3  4 7 1
232 461  3  0 9 2
467 461  3  1 11 3
540 238  3  2 14 4
349 100  3  3 5 0
312 185  3  4 16 6
260 219  3  5 18 7
232 275  3  6 8 0
235 337  3  7 20 9
269 389  3  8 10 1
325 417  3  9 22 11
387 414  3  10 12 2
439 380  3  11 23 13
467 324  3  12 25 14
464 262  3  13 15 3
430 210  3  14 27 16
374 182  3  15 17 5
325 223  3  16 28 18
290 246  3  17 19 6
271 283  3  18 30 20
273 324  3  19 21 8
296 359  3  20 31 22
333 378  3  21 23 10
374 376  3  22 24 12
409 353  3  23 32 25
428 316  3  24 26 13
426 275  3  25 33 27
403 240  3  26 28 15
366 221  3  27 29 17
350 260  3  28 33 30
311 287  3  29 31 19
326 332  3  30 32 21
373 332  3  31 33 24
388 287  3  32 29 26

 34
350 260  3  4 7 1
388 287  3  0 9 2
373 332  3  1 11 3
326 332  3  2 14 4
311 287  3  3 5 0
285 252  3  4 16 6
317 226  3  5 18 7
358 220  3  6 8 0
397 235  3  7 20 9
423 267  3  8 10 1
429 308  3  9 22 11
414 347  3  10 12 2
382 373  3  11 24 13
341 379  3  12 26 14
302 364  3  13 15 3
276 332  3  14 27 16
270 291  3  15 17 5
252 229  3  16 28 18
301 190  3  17 19 6
362 180  3  18 30 20
420 202  3  19 21 8
459 251  3  20 31 22
469 312  3  21 23 10
447 370  3  22 32 24
398 409  3  23 25 12
337 419  3  24 33 26
279 397  3  25 27 13
240 348  3  26 28 15
230 287  3  27 29 17
151 279  3  28 33 30
308 104  3  29 31 19
523 199  3  30 32 21
498 433  3  31 33 23
268 482  3  32 29 25

 34
311 287  3  4 7 1
273 275  3  0 9 2
296 240  3  1 11 3
333 221  3  2 14 4
350 260  3  3 5 0
388 287  3  4 16 6
373 332  3  5 18 7
326 332  3  6 8 0
290 353  3  7 20 9
271 316  3  8 10 1
230 293  3  9 22 11
249 234  3  10 12 2
295 193  3  11 24 13
356 180  3  12 26 14
374 223  3  13 15 3
409 246  3  14 27 16
428 283  3  15 17 5
426 324  3  16 28 18
403 359  3  17 19 6
366 378  3  18 30 20
325 376  3  19 21 8
284 400  3  20 31 22
243 354  3  21 23 10
156 351  3  22 32 24
241 132  3  23 25 12
475 144  3  24 33 26
415 199  3  25 27 13
456 245  3  26 28 15
469 306  3  27 29 17
450 365  3  28 33 30
404 406  3  29 31 19
343 419  3  30 32 21
339 499  3  31 33 23
536 371  3  32 29 25

 34
350 260  3  4 7 1
311 287  3  0 9 2
276 267  3  1 11 3
302 235  3  2 14 4
341 220  3  3 5 0
382 226  3  4 16 6
414 252  3  5 18 7
388 287  3  6 8 0
373 332  3  7 20 9
326 332  3  8 10 1
285 347  3  9 22 11
270 308  3  10 12 2
230 300  3  11 24 13
243 245  3  12 26 14
279 202  3  13 15 3
331 181  3  14 27 16
387 185  3  15 17 5
434 215  3  16 28 18
429 291  3  17 19 6
423 332  3  18 30 20
397 364  3  19 21 8
358 379  3  20 31 22
317 373  3  21 23 10
295 406  3  22 32 24
252 370  3  23 25 12
370 539  3  24 33 26
329 60  3  25 27 13
432 162  3  26 28 15
464 262  3  27 29 17
468 318  3  28 33 30
447 370  3  29 31 19
404 406  3  30 32 21
350 420  3  31 33 23
454 420  3  32 29 25

 34
350 220  3  4 7 1
350 260  3  0 9 2
311 287  3  1 11 3
285 252  3  2 14 4
313 228  3  3 5 0
312 185  3  4 16 6
368 181  3  5 18 7
386 228  3  6 8 0
414 252  3  7 20 9
388 287  3  8 10 1
373 332  3  9 22 11
326 332  3  10 12 2
302 364  3  11 24 13
278 336  3  12 26 14
270 300  3  13 15 3
235 262  3  14 27 16
265 215  3  15 17 5
336 140  3  16 28 18
420 202  3  17 19 6
456 245  3  18 30 20
429 287  3  19 21 8
426 324  3  20 31 22
406 356  3  21 23 10
374 376  3  22 32 24
337 379  3  23 25 12
312 414  3  24 33 26
265 384  3  25 27 13
235 337  3  26 28 15
136 408  3  27 29 17
472 402  3  28 33 30
470 300  3  29 31 19
456 354  3  30 32 21
420 397  3  31 33 23
368 418  3  32 29 25

 34
318 226  3  4 7 1
352 220  3  0 9 2
350 260  3  1 11 3
315 280  3  2 14 4
290 246  3  3 5 0
270 290  3  4 16 6
248 236  3  5 18 7
293 194  3  6 8 0
354 180  3  7 20 9
386 228  3  8 10 1
413 250  3  9 22 11
384 280  3  10 12 2
384 320  3  11 24 13
350 340  3  12 26 14
315 320  3  13 15 3
291 354  3  14 27 16
273 324  3  15 17 5
244 356  3  16 28 18
230 295  3  17 19 6
256 123  3  18 30 20
413 198  3  19 21 8
455 243  3  20 31 22
427 282  3  21 23 10
428 316  3  22 32 24
413 348  3  23 25 12
387 370  3  24 33 26
354 379  3  25 27 13
320 374  3  26 28 15
286 401  3  27 29 17
345 419  3  28 33 30
486 446  3  29 31 19
469 304  3  30 32 21
451 363  3  31 33 23
406 405  3  32 29 25

 34
343 220  3  4 7 1
379 225  3  0 9 2
410 247  3  1 11 3
384 280  3  2 14 4
350 260  3  3 5 0
315 280  3  4 16 6
281 258  3  5 18 7
307 232  3  6 8 0
291 195  3  7 20 9
352 180  3  8 10 1
411 197  3  9 22 11
427 280  3  10 12 2
427 317  3  11 24 13
411 351  3  12 26 14
384 320  3  13 15 3
350 340  3  14 27 16
315 320  3  15 17 5
282 342  3  16 28 18
270 306  3  17 19 6
230 297  3  18 30 20
247 238  3  19 21 8
352 140  3  20 31 22
454 241  3  21 23 10
469 302  3  22 32 24
452 361  3  23 25 12
408 404  3  24 33 26
381 373  3  25 27 13
344 379  3  26 28 15
308 368  3  27 29 17
288 402  3  28 33 30
245 358  3  29 31 19
140 416  3  30 32 21
461 415  3  31 33 23
347 419  3  32 29 25

 34
308 231  3  4 7 1
288 197  3  0 9 2
347 180  3  1 11 3
381 226  3  2 14 4
344 220  3  3 5 0
350 260  3  4 16 6
311 287  3  5 18 7
282 257  3  6 8 0
270 305  3  7 20 9
245 241  3  8 10 1
155 251  3  9 22 11
398 105  3  10 12 2
408 195  3  11 24 13
452 238  3  12 26 14
411 248  3  13 15 3
427 282  3  14 27 16
388 287  3  15 17 5
373 332  3  16 28 18
326 332  3  17 19 6
307 367  3  18 30 20
281 341  3  19 21 8
247 361  3  20 31 22
230 302  3  21 23 10
211 443  3  22 32 24
542 244  3  23 25 12
454 358  3  24 33 26
469 297  3  25 27 13
427 319  3  26 28 15
410 352  3  27 29 17
379 374  3  28 33 30
343 379  3  29 31 19
291 404  3  30 32 21
352 419  3  31 33 23
411 402  3  32 29 25

 34
356 220  3  4 7 1
322 224  3  0 9 2
310 186  3  1 11 3
376 183  3  2 14 4
390 230  3  3 5 0
415 254  3  4 16 6
384 280  3  5 18 7
350 260  3  6 8 0
315 280  3  7 20 9
293 243  3  8 10 1
271 286  3  9 22 11
256 224  3  10 12 2
230 302  3  11 24 13
475 455  3  12 26 14
434 215  3  13 15 3
466 273  3  14 27 16
428 286  3  15 17 5
427 320  3  16 28 18
384 320  3  17 19 6
350 340  3  18 30 20
315 320  3  19 21 8
288 351  3  20 31 22
272 320  3  21 23 10
249 365  3  22 32 24
158 358  3  23 25 12
428 484  3  24 33 26
425 393  3  25 27 13
463 339  3  26 28 15
411 351  3  27 29 17
383 372  3  28 33 30
350 380  3  29 31 19
316 372  3  30 32 21
299 408  3  31 33 23
364 419  3  32 29 25

 34
386 228  3  4 7 1
352 220  3  0 9 2
318 226  3  1 11 3
333 181  3  2 14 4
394 188  3  3 5 0
444 226  3  4 16 6
427 282  3  5 18 7
413 250  3  6 8 0
384 280  3  7 20 9
350 260  3  8 10 1
315 280  3  9 22 11
290 246  3  10 12 2
270 290  3  11 24 13
238 255  3  12 26 14
276 205  3  13 15 3
424 114  3  14 27 16
468 283  3  15 17 5
461 344  3  16 28 18
428 316  3  17 19 6
413 348  3  18 30 20
384 320  3  19 21 8
350 340  3  20 31 22
315 320  3  21 23 10
291 354  3  22 32 24
273 324  3  23 25 12
255 373  3  24 33 26
231 316  3  25 27 13
275 485  3  26 28 15
423 394  3  27 29 17
366 418  3  28 33 30
387 370  3  29 31 19
354 379  3  30 32 21
320 374  3  31 33 23
305 411  3  32 29 25

 34
410 196  3  4 7 1
390 230  3  0 9 2
356 220  3  1 11 3
322 224  3  2 14 4
345 180  3  3 5 0
288 109  3  4 16 6
545 258  3  5 18 7
455 243  3  6 8 0
428 286  3  7 20 9
415 254  3  8 10 1
384 280  3  9 22 11
350 260  3  10 12 2
315 280  3  11 24 13
274 272  3  12 26 14
293 243  3  13 15 3
240 251  3  14 27 16
282 200  3  15 17 5
549 313  3  16 28 18
469 308  3  17 19 6
447 370  3  18 30 20
427 320  3  19 21 8
411 351  3  20 31 22
384 320  3  21 23 10
350 340  3  22 32 24
315 320  3  23 25 12
288 351  3  24 33 26
272 320  3  25 27 13
231 316  3  26 28 15
269 389  3  27 29 17
329 418  3  28 33 30
394 411  3  29 31 19
383 372  3  30 32 21
350 380  3  31 33 23
316 372  3  32 29 25

 34
269 210  3  4 7 1
325 182  3  0 9 2
313 228  3  1 11 3
285 252  3  2 14 4
235 262  3  3 5 0
232 324  3  4 16 6
241 467  3  5 18 7
360 100  3  6 8 0
439 219  3  7 20 9
387 185  3  8 10 1
386 228  3  9 22 11
350 220  3  10 12 2
350 260  3  11 24 13
311 287  3  12 26 14
270 287  3  13 15 3
278 336  3  14 27 16
260 380  3  15 17 5
312 414  3  16 28 18
374 417  3  17 19 6
440 478  3  18 30 20
528 209  3  19 21 8
467 275  3  20 31 22
414 252  3  21 23 10
429 287  3  22 32 24
388 287  3  23 25 12
373 332  3  24 33 26
326 332  3  25 27 13
302 364  3  26 28 15
337 379  3  27 29 17
374 376  3  28 33 30
430 389  3  29 31 19
464 337  3  30 32 21
426 324  3  31 33 23
406 356  3  32 29 25

 34
295 193  3  4 7 1
350 180  3  0 9 2
386 228  3  1 11 3
350 220  3  2 14 4
313 228  3  3 5 0
285 252  3  4 16 6
231 281  3  5 18 7
252 229  3  6 8 0
311 144  3  7 20 9
404 193  3  8 10 1
447 229  3  9 22 11
414 252  3  10 12 2
429 287  3  11 24 13
388 287  3  12 26 14
350 260  3  13 15 3
311 287  3  14 27 16
270 287  3  15 17 5
278 336  3  16 28 18
235 337  3  17 19 6
279 397  3  18 30 20
208 494  3  19 21 8
487 382  3  20 31 22
468 281  3  21 23 10
464 337  3  22 32 24
426 324  3  23 25 12
406 356  3  24 33 26
373 332  3  25 27 13
326 332  3  26 28 15
302 364  3  27 29 17
337 379  3  28 33 30
331 418  3  29 31 19
387 414  3  30 32 21
434 384  3  31 33 23
374 376  3  32 29 25

 34
341 180  3  4 7 1
396 189  3  0 9 2
441 222  3  1 11 3
411 248  3  2 14 4
381 226  3  3 5 0
344 220  3  4 16 6
308 231  3  5 18 7
288 197  3  6 8 0
248 236  3  7 20 9
300 147  3  8 10 1
583 246  3  9 22 11
466 273  3  10 12 2
466 329  3  11 24 13
427 319  3  12 26 14
427 282  3  13 15 3
388 287  3  14 27 16
350 260  3  15 17 5
311 287  3  16 28 18
282 257  3  17 19 6
270 305  3  18 30 20
230 289  3  19 21 8
247 361  3  20 31 22
300 452  3  21 23 10
394 411  3  22 32 24
440 378  3  23 25 12
379 374  3  24 33 26
410 352  3  25 27 13
373 332  3  26 28 15
326 332  3  27 29 17
307 367  3  28 33 30
281 341  3  29 31 19
286 401  3  30 32 21
339 419  3  31 33 23
343 379  3  32 29 25

 34
350 180  3  4 7 1
289 196  3  0 9 2
401 106  3  1 11 3
453 239  3  2 14 4
410 196  3  3 5 0
395 234  3  4 16 6
363 221  3  5 18 7
329 222  3  6 8 0
298 238  3  7 20 9
246 240  3  8 10 1
230 300  3  9 22 11
250 473  3  10 12 2
410 403  3  11 24 13
453 360  3  12 26 14
470 300  3  13 15 3
429 293  3  14 27 16
419 259  3  15 17 5
384 280  3  16 28 18
350 260  3  17 19 6
315 280  3  18 30 20
277 266  3  19 21 8
271 313  3  20 31 22
246 360  3  21 23 10
290 403  3  22 32 24
350 420  3  23 25 12
377 375  3  24 33 26
406 356  3  25 27 13
425 327  3  26 28 15
384 320  3  27 29 17
350 340  3  28 33 30
315 320  3  29 31 19
284 345  3  30 32 21
310 369  3  31 33 23
343 379  3  32 29 25

 34
368 181  3  4 7 1
312 185  3  0 9 2
265 215  3  1 11 3
336 140  3  2 14 4
420 202  3  3 5 0
456 245  3  4 16 6
411 248  3  5 18 7
381 226  3  6 8 0
344 220  3  7 20 9
308 231  3  8 10 1
282 257  3  9 22 11
235 262  3  10 12 2
231 318  3  11 24 13
255 429  3  12 26 14
580 366  3  13 15 3
456 354  3  14 27 16
470 300  3  15 17 5
427 319  3  16 28 18
427 282  3  17 19 6
388 287  3  18 30 20
350 260  3  19 21 8
311 287  3  20 31 22
270 293  3  21 23 10
281 341  3  22 32 24
252 370  3  23 25 12
312 414  3  24 33 26
368 418  3  25 27 13
420 397  3  26 28 15
410 352  3  27 29 17
379 374  3  28 33 30
373 332  3  29 31 19
326 332  3  30 32 21
307 367  3  31 33 23
343 379  3  32 29 25

 34
430 210  3  4 7 1
381 184  3  0 9 2
325 182  3  1 11 3
274 206  3  2 14 4
352 140  3  3 5 0
480 98  3  4 16 6
469 312  3  5 18 7
462 256  3  6 8 0
419 259  3  7 20 9
390 230  3  8 10 1
350 220  3  9 22 11
309 230  3  10 12 2
280 260  3  11 24 13
230 306  3  12 26 14
240 251  3  13 15 3
200 357  3  14 27 16
219 501  3  15 17 5
410 403  3  16 28 18
450 365  3  17 19 6
419 340  3  18 30 20
430 300  3  19 21 8
388 287  3  20 31 22
350 260  3  21 23 10
311 287  3  22 32 24
270 300  3  23 25 12
280 340  3  24 33 26
246 360  3  25 27 13
301 409  3  26 28 15
356 419  3  27 29 17
350 380  3  28 33 30
390 369  3  29 31 19
373 332  3  30 32 21
326 332  3  31 33 23
310 369  3  32 29 25

 34
475 144  3  4 7 1
425 206  3  0 9 2
368 181  3  1 11 3
306 187  3  2 14 4
241 132  3  3 5 0
156 351  3  4 16 6
339 499  3  5 18 7
536 371  3  6 8 0
468 318  3  7 20 9
462 256  3  8 10 1
414 252  3  9 22 11
382 226  3  10 12 2
341 220  3  11 24 13
302 235  3  12 26 14
256 224  3  13 15 3
231 281  3  14 27 16
237 343  3  15 17 5
274 393  3  16 28 18
331 418  3  17 19 6
393 412  3  18 30 20
443 375  3  19 21 8
423 332  3  20 31 22
429 291  3  21 23 10
388 287  3  22 32 24
350 260  3  23 25 12
311 287  3  24 33 26
276 267  3  25 27 13
270 308  3  26 28 15
285 347  3  27 29 17
317 373  3  28 33 30
358 379  3  29 31 19
397 364  3  30 32 21
373 332  3  31 33 23
326 332  3  32 29 25

 34
399 147  3  4 7 1
551 430  3  0 9 2
450 365  3  1 11 3
469 306  3  2 14 4
456 245  3  3 5 0
415 199  3  4 16 6
356 180  3  5 18 7
295 193  3  6 8 0
249 234  3  7 20 9
207 372  3  8 10 1
343 419  3  9 22 11
404 406  3  10 12 2
393 367  3  11 24 13
419 340  3  12 26 14
429 304  3  13 15 3
423 267  3  14 27 16
400 237  3  15 17 5
366 221  3  16 28 18
329 222  3  17 19 6
296 240  3  18 30 20
230 293  3  19 21 8
243 354  3  20 31 22
284 400  3  21 23 10
321 374  3  22 32 24
358 379  3  23 25 12
350 340  3  24 33 26
384 320  3  25 27 13
384 280  3  26 28 15
350 260  3  27 29 17
315 280  3  28 33 30
275 271  3  29 31 19
272 320  3  30 32 21
290 353  3  31 33 23
315 320  3  32 29 25

 34
151 279  3  4 7 1
268 482  3  0 9 2
498 433  3  1 11 3
523 199  3  2 14 4
308 104  3  3 5 0
289 196  3  4 16 6
246 240  3  5 18 7
230 300  3  6 8 0
246 360  3  7 20 9
290 403  3  8 10 1
350 420  3  9 22 11
410 403  3  10 12 2
453 360  3  11 24 13
470 300  3  12 26 14
453 239  3  13 15 3
410 196  3  14 27 16
350 180  3  15 17 5
309 230  3  16 28 18
280 260  3  17 19 6
270 300  3  18 30 20
280 340  3  19 21 8
310 369  3  20 31 22
350 380  3  21 23 10
390 369  3  22 32 24
419 340  3  23 25 12
430 300  3  24 33 26
419 259  3  25 27 13
390 230  3  26 28 15
350 220  3  27 29 17
350 260  3  28 33 30
311 287  3  29 31 19
326 332  3  30 32 21
373 332  3  31 33 23
388 287  3  32 29 25

 34
350 260  3  4 7 1
388 287  3  0 9 2
373 332  3  1 12 3
326 332  3  2 14 4
311 287  3  3 5 0
280 260  3  4 16 6
309 230  3  5 18 7
350 220  3  6 8 0
390 230  3  7 20 9
419 259  3  8 10 1
430 300  3  9 22 11
419 340  3  10 24 12
390 369  3  11 13 2
350 380  3  12 25 14
310 369  3  13 15 3
280 340  3  14 27 16
270 300  3  15 17 5
246 240  3  16 28 18
289 196  3  17 19 6
350 180  3  18 30 20
410 196  3  19 21 8
453 239  3  20 31 22
470 300  3  21 23 10
453 360  3  22 32 24
410 403  3  23 25 11
350 420  3  24 26 13
290 403  3  25 33 27
246 360  3  26 28 15
230 300  3  27 29 17
151 279  3  28 33 30
308 104  3  29 31 19
523 199  3  30 32 21
498 433  3  31 33 23
268 482  3  32 29 26

 34
311 287  3  4 7 1
273 275  3  0 9 2
296 240  3  1 12 3
333 221  3  2 14 4
350 260  3  3 5 0
388 287  3  4 16 6
373 332  3  5 18 7
326 332  3  6 8 0
290 353  3  7 20 9
271 316  3  8 10 1
230 312  3  9 22 11
237 256  3  10 24 12
269 210  3  11 13 2
318 184  3  12 25 14
374 223  3  13 15 3
409 246  3  14 27 16
428 283  3  15 17 5
426 324  3  16 28 18
403 359  3  17 19 6
366 378  3  18 30 20
325 376  3  19 21 8
306 412  3  20 31 22
260 380  3  21 23 10
125 213  3  22 32 24
272 160  3  23 25 11
374 182  3  24 26 13
425 206  3  25 33 27
459 251  3  26 28 15
469 306  3  27 29 17
453 360  3  28 33 30
415 400  3  29 31 19
362 419  3  30 32 21
574 386  3  31 33 23
507 269  3  32 29 26

 34
350 260  3  4 7 1
311 287  3  0 9 2
285 252  3  1 12 3
313 228  3  2 14 4
350 220  3  3 5 0
386 228  3  4 16 6
414 252  3  5 18 7
388 287  3  6 8 0
373 332  3  7 20 9
326 332  3  8 10 1
302 364  3  9 22 11
278 336  3  10 24 12
270 300  3  11 13 2
252 229  3  12 25 14
295 193  3  13 15 3
350 180  3  14 27 16
404 193  3  15 17 5
447 229  3  16 28 18
429 287  3  17 19 6
426 324  3  18 30 20
406 356  3  19 21 8
374 376  3  20 31 22
337 379  3  21 23 10
279 397  3  22 32 24
243 354  3  23 25 11
230 300  3  24 26 13
477 503  3  25 33 27
452 177  3  26 28 15
468 281  3  27 29 17
464 337  3  28 33 30
434 384  3  29 31 19
387 414  3  30 32 21
331 418  3  31 33 23
434 435  3  32 29 26

 34
343 220  3  4 7 1
350 260  3  0 9 2
315 280  3  1 12 3
281 258  3  2 14 4
307 232  3  3 5 0
291 195  3  4 16 6
352 180  3  5 18 7
379 225  3  6 8 0
410 247  3  7 20 9
384 280  3  8 10 1
384 320  3  9 22 11
350 340  3  10 24 12
315 320  3  11 13 2
282 342  3  12 25 14
270 306  3  13 15 3
230 297  3  14 27 16
247 238  3  15 17 5
311 144  3  16 28 18
411 197  3  17 19 6
454 241  3  18 30 20
427 280  3  19 21 8
427 317  3  20 31 22
411 351  3  21 23 10
381 373  3  22 32 24
344 379  3  23 25 11
308 368  3  24 26 13
288 402  3  25 33 27
245 358  3  26 28 15
140 416  3  27 29 17
461 415  3  28 33 30
469 302  3  29 31 19
452 361  3  30 32 21
408 404  3  31 33 23
347 419  3  32 29 26

 34
308 231  3  4 7 1
344 220  3  0 9 2
350 260  3  1 12 3
311 287  3  2 14 4
282 257  3  3 5 0
270 305  3  4 16 6
248 236  3  5 18 7
288 197  3  6 8 0
341 180  3  7 20 9
381 226  3  8 10 1
411 248  3  9 22 11
427 282  3  10 24 12
388 287  3  11 13 2
373 332  3  12 25 14
326 332  3  13 15 3
307 367  3  14 27 16
281 341  3  15 17 5
247 361  3  16 28 18
230 308  3  17 19 6
255 170  3  18 30 20
396 189  3  19 21 8
441 222  3  20 31 22
466 273  3  21 23 10
466 329  3  22 32 24
427 319  3  23 25 11
410 352  3  24 26 13
379 374  3  25 33 27
343 379  3  26 28 15
286 401  3  27 29 17
339 419  3  28 33 30
581 237  3  29 31 19
510 300  3  30 32 21
440 378  3  31 33 23
394 411  3  32 29 26

 34
350 220  3  4 7 1
386 228  3  0 9 2
414 252  3  1 12 3
384 280  3  2 14 4
350 260  3  3 5 0
315 280  3  4 16 6
285 252  3  5 18 7
313 228  3  6 8 0
301 190  3  7 20 9
362 180  3  8 10 1
420 202  3  9 22 11
459 251  3  10 24 12
429 287  3  11 13 2
426 324  3  12 25 14
384 320  3  13 15 3
350 340  3  14 27 16
315 320  3  15 17 5
278 336  3  16 28 18
270 300  3  17 19 6
230 287  3  18 30 20
252 229  3  19 21 8
291 532  3  20 31 22
508 274  3  21 23 10
447 370  3  22 32 24
469 312  3  23 25 11
406 356  3  24 26 13
374 376  3  25 33 27
337 379  3  26 28 15
302 364  3  27 29 17
279 397  3  28 33 30
240 348  3  29 31 19
292 449  3  30 32 21
398 409  3  31 33 23
337 419  3  32 29 26

 34
308 231  3  4 7 1
288 197  3  0 9 2
341 180  3  1 12 3
381 226  3  2 14 4
344 220  3  3 5 0
350 260  3  4 16 6
311 287  3  5 18 7
282 257  3  6 8 0
270 305  3  7 20 9
248 236  3  8 10 1
230 308  3  9 22 11
255 170  3  10 24 12
396 189  3  11 13 2
441 222  3  12 25 14
411 248  3  13 15 3
427 282  3  14 27 16
388 287  3  15 17 5
373 332  3  16 28 18
326 332  3  17 19 6
307 367  3  18 30 20
281 341  3  19 21 8
286 401  3  20 31 22
247 361  3  21 23 10
300 452  3  22 32 24
583 246  3  23 25 11
466 273  3  24 26 13
466 329  3  25 33 27
427 319  3  26 28 15
410 352  3  27 29 17
379 374  3  28 33 30
343 379  3  29 31 19
339 419  3  30 32 21
394 411  3  31 33 23
440 378  3  32 29 26

 34
356 220  3  4 7 1
322 224  3  0 9 2
339 180  3  1 12 3
400 191  3  2 14 4
390 230  3  3 5 0
415 254  3  4 16 6
384 280  3  5 18 7
350 260  3  6 8 0
315 280  3  7 20 9
293 243  3  8 10 1
271 286  3  9 22 11
241 249  3  10 24 12
281 201  3  11 13 2
384 103  3  12 25 14
448 231  3  13 15 3
469 289  3  14 27 16
428 286  3  15 17 5
427 320  3  16 28 18
384 320  3  17 19 6
350 340  3  18 30 20
315 320  3  19 21 8
288 351  3  20 31 22
272 320  3  21 23 10
251 368  3  22 32 24
230 310  3  23 25 11
265 481  3  24 26 13
418 398  3  25 33 27
458 350  3  26 28 15
411 351  3  27 29 17
383 372  3  28 33 30
350 380  3  29 31 19
316 372  3  30 32 21
299 408  3  31 33 23
360 419  3  32 29 26

 34
390 230  3  4 7 1
356 220  3  0 9 2
322 224  3  1 12 3
339 180  3  2 14 4
400 191  3  3 5 0
448 231  3  4 16 6
428 286  3  5 18 7
415 254  3  6 8 0
384 280  3  7 20 9
350 260  3  8 10 1
315 280  3  9 22 11
274 272  3  10 24 12
293 243  3  11 13 2
241 249  3  12 25 14
281 201  3  13 15 3
434 118  3  14 27 16
469 289  3  15 17 5
458 350  3  16 28 18
427 320  3  17 19 6
411 351  3  18 30 20
384 320  3  19 21 8
350 340  3  20 31 22
315 320  3  21 23 10
288 351  3  22 32 24
272 320  3  23 25 11
230 310  3  24 26 13
251 368  3  25 33 27
315 496  3  26 28 15
418 398  3  27 29 17
360 419  3  28 33 30
383 372  3  29 31 19
350 380  3  30 32 21
316 372  3  31 33 23
299 408  3  32 29 26

 34
295 193  3  4 7 1
313 228  3  0 9 2
285 252  3  1 12 3
231 281  3  2 14 4
252 229  3  3 5 0
311 144  3  4 16 6
404 193  3  5 18 7
350 180  3  6 8 0
386 228  3  7 20 9
350 220  3  8 10 1
350 260  3  9 22 11
311 287  3  10 24 12
270 287  3  11 13 2
278 336  3  12 25 14
235 337  3  13 15 3
279 397  3  14 27 16
585 345  3  15 17 5
502 349  3  16 28 18
447 229  3  17 19 6
468 281  3  18 30 20
414 252  3  19 21 8
429 287  3  20 31 22
388 287  3  21 23 10
373 332  3  22 32 24
326 332  3  23 25 11
302 364  3  24 26 13
337 379  3  25 33 27
331 418  3  26 28 15
387 414  3  27 29 17
434 384  3  28 33 30
464 337  3  29 31 19
426 324  3  30 32 21
406 356  3  31 33 23
374 376  3  32 29 26

 34
341 180  3  4 7 1
381 226  3  0 9 2
344 220  3  1 12 3
308 231  3  2 14 4
288 197  3  3 5 0
248 236  3  4 16 6
300 147  3  5 18 7
396 189  3  6 8 0
441 222  3  7 20 9
411 248  3  8 10 1
427 282  3  9 22 11
388 287  3  10 24 12
350 260  3  11 13 2
311 287  3  12 25 14
282 257  3  13 15 3
270 305  3  14 27 16
230 289  3  15 17 5
247 361  3  16 28 18
166 454  3  17 19 6
492 372  3  18 30 20
466 273  3  19 21 8
466 329  3  20 31 22
427 319  3  21 23 10
410 352  3  22 32 24
373 332  3  23 25 11
326 332  3  24 26 13
307 367  3  25 33 27
281 341  3  26 28 15
286 401  3  27 29 17
339 419  3  28 33 30
394 411  3  29 31 19
440 378  3  30 32 21
379 374  3  31 33 23
343 379  3  32 29 26

 34
350 180  3  4 7 1
410 196  3  0 9 2
395 234  3  1 12 3
363 221  3  2 14 4
329 222  3  3 5 0
298 238  3  4 16 6
246 240  3  5 18 7
289 196  3  6 8 0
401 106  3  7 20 9
453 239  3  8 10 1
470 300  3  9 22 11
429 293  3  10 24 12
419 259  3  11 13 2
384 280  3  12 25 14
350 260  3  13 15 3
315 280  3  14 27 16
277 266  3  15 17 5
271 313  3  16 28 18
230 300  3  17 19 6
246 360  3  18 30 20
298 493  3  19 21 8
410 403  3  20 31 22
453 360  3  21 23 10
406 356  3  22 32 24
425 327  3  23 25 11
384 320  3  24 26 13
350 340  3  25 33 27
315 320  3  26 28 15
284 345  3  27 29 17
310 369  3  28 33 30
290 403  3  29 31 19
350 420  3  30 32 21
377 375  3  31 33 23
343 379  3  32 29 26

 34
331 181  3  4 7 1
387 185  3  0 9 2
434 215  3  1 12 3
406 243  3  2 14 4
374 223  3  3 5 0
337 220  3  4 16 6
302 235  3  5 18 7
279 202  3  6 8 0
243 245  3  7 20 9
287 152  3  8 10 1
589 279  3  9 22 11
468 318  3  10 24 12
464 262  3  11 13 2
429 312  3  12 25 14
426 275  3  13 15 3
388 287  3  14 27 16
350 260  3  15 17 5
311 287  3  16 28 18
278 263  3  17 19 6
270 312  3  18 30 20
230 300  3  19 21 8
252 370  3  20 31 22
314 455  3  21 23 10
404 406  3  22 32 24
447 370  3  23 25 11
414 347  3  24 26 13
386 371  3  25 33 27
373 332  3  26 28 15
326 332  3  27 29 17
313 371  3  28 33 30
285 347  3  29 31 19
295 406  3  30 32 21
350 420  3  31 33 23
350 380  3  32 29 26

 34
354 180  3  4 7 1
293 194  3  0 9 2
396 146  3  1 12 3
455 243  3  2 14 4
413 198  3  3 5 0
400 237  3  4 16 6
366 221  3  5 18 7
329 222  3  6 8 0
296 240  3  7 20 9
248 236  3  8 10 1
230 295  3  9 22 11
232 409  3  10 24 12
553 427  3  11 13 2
451 363  3  12 25 14
469 304  3  13 15 3
429 304  3  14 27 16
423 267  3  15 17 5
384 280  3  16 28 18
350 260  3  17 19 6
315 280  3  18 30 20
275 271  3  19 21 8
272 320  3  20 31 22
244 356  3  21 23 10
286 401  3  22 32 24
345 419  3  23 25 11
406 405  3  24 26 13
393 367  3  25 33 27
419 340  3  26 28 15
384 320  3  27 29 17
350 340  3  28 33 30
315 320  3  29 31 19
290 353  3  30 32 21
321 374  3  31 33 23
358 379  3  32 29 26

 34
396 189  3  4 7 1
341 180  3  0 9 2
288 197  3  1 12 3
375 141  3  2 14 4
441 222  3  3 5 0
466 273  3  4 16 6
411 248  3  5 18 7
381 226  3  6 8 0
344 220  3  7 20 9
308 231  3  8 10 1
282 257  3  9 22 11
230 289  3  10 24 12
248 236  3  11 13 2
194 335  3  12 25 14
387 62  3  13 15 3
440 378  3  14 27 16
466 329  3  15 17 5
427 319  3  16 28 18
427 282  3  17 19 6
388 287  3  18 30 20
350 260  3  19 21 8
311 287  3  20 31 22
270 293  3  21 23 10
281 341  3  22 32 24
238 344  3  23 25 11
286 401  3  24 26 13
339 419  3  25 33 27
394 411  3  26 28 15
410 352  3  27 29 17
379 374  3  28 33 30
373 332  3  29 31 19
326 332  3  30 32 21
307 367  3  31 33 23
343 379  3  32 29 26

 34
425 206  3  4 7 1
374 182  3  0 9 2
318 184  3  1 12 3
211 220  3  2 14 4
252 80  3  3 5 0
447 519  3  4 16 6
469 306  3  5 18 7
459 251  3  6 8 0
414 252  3  7 20 9
382 226  3  8 10 1
341 220  3  9 22 11
302 235  3  10 24 12
269 210  3  11 13 2
237 256  3  12 25 14
234 331  3  13 15 3
260 380  3  14 27 16
330 458  3  15 17 5
415 400  3  16 28 18
453 360  3  17 19 6
423 332  3  18 30 20
429 291  3  19 21 8
388 287  3  20 31 22
350 260  3  21 23 10
311 287  3  22 32 24
276 267  3  23 25 11
270 308  3  24 26 13
285 347  3  25 33 27
306 412  3  26 28 15
362 419  3  27 29 17
358 379  3  28 33 30
397 364  3  29 31 19
373 332  3  30 32 21
326 332  3  31 33 23
317 373  3  32 29 26

 34
415 153  3  4 7 1
462 256  3  0 9 2
425 206  3  1 12 3
368 181  3  2 14 4
306 187  3  3 5 0
256 224  3  4 16 6
190 316  3  5 18 7
420 70  3  6 8 0
443 375  3  7 20 9
468 318  3  8 10 1
429 304  3  9 22 11
423 267  3  10 24 12
400 237  3  11 13 2
366 221  3  12 25 14
329 222  3  13 15 3
296 240  3  14 27 16
231 281  3  15 17 5
237 343  3  16 28 18
274 393  3  17 19 6
331 418  3  18 30 20
393 412  3  19 21 8
393 367  3  20 31 22
419 340  3  21 23 10
384 320  3  22 32 24
384 280  3  23 25 11
350 260  3  24 26 13
315 280  3  25 33 27
275 271  3  26 28 15
272 320  3  27 29 17
290 353  3  28 33 30
321 374  3  29 31 19
358 379  3  30 32 21
350 340  3  31 33 23
315 320  3  32 29 26

 34
409 151  3  4 7 1
379 61  3  0 9 2
456 354  3  1 12 3
470 300  3  2 14 4
456 245  3  3 5 0
420 202  3  4 16 6
368 181  3  5 18 7
312 185  3  6 8 0
265 215  3  7 20 9
194 338  3  8 10 1
312 414  3  9 22 11
368 418  3  10 24 12
420 397  3  11 13 2
421 336  3  12 25 14
430 300  3  13 15 3
421 263  3  14 27 16
397 235  3  15 17 5
362 220  3  16 28 18
325 223  3  17 19 6
293 243  3  18 30 20
235 262  3  19 21 8
231 318  3  20 31 22
265 384  3  21 23 10
325 376  3  22 32 24
362 379  3  23 25 11
397 364  3  24 26 13
373 332  3  25 33 27
388 287  3  26 28 15
350 260  3  27 29 17
311 287  3  28 33 30
273 275  3  29 31 19
273 324  3  30 32 21
293 356  3  31 33 23
326 332  3  32 29 26

 34
151 279  3  4 7 1
268 482  3  0 9 2
498 433  3  1 12 3
523 199  3  2 14 4
308 104  3  3 5 0
301 190  3  4 16 6
252 229  3  5 18 7
230 287  3  6 8 0
240 348  3  7 20 9
279 397  3  8 10 1
337 419  3  9 22 11
398 409  3  10 24 12
447 370  3  11 13 2
469 312  3  12 25 14
459 251  3  13 15 3
420 202  3  14 27 16
362 180  3  15 17 5
317 226  3  16 28 18
285 252  3  17 19 6
270 291  3  18 30 20
276 332  3  19 21 8
302 364  3  20 31 22
341 379  3  21 23 10
382 373  3  22 32 24
414 347  3  23 25 11
429 308  3  24 26 13
423 267  3  25 33 27
397 235  3  26 28 15
358 220  3  27 29 17
350 260  3  28 33 30
311 287  3  29 31 19
326 332  3  30 32 21
373 332  3  31 33 23
388 287  3  32 29 26

 34
350 260  3  4 7 1
388 287  3  0 9 2
373 332  3  1 12 3
326 332  3  2 14 4
311 287  3  3 5 0
280 260  3  4 16 6
309 230  3  5 18 7
350 220  3  6 8 0
390 230  3  7 20 9
419 259  3  8 10 1
430 300  3  9 22 11
419 340  3  10 24 12
390 369  3  11 13 2
350 380  3  12 25 14
310 369  3  13 15 3
280 340  3  14 27 16
270 300  3  15 17 5
249 234  3  16 29 18
289 196  3  17 19 6
343 180  3  18 30 20
398 190  3  19 21 8
443 224  3  20 31 22
467 275  3  21 23 10
465 331  3  22 33 24
439 380  3  23 25 11
393 412  3  24 26 13
337 419  3  25 33 27
284 400  3  26 28 15
246 360  3  27 32 29
230 306  3  28 30 17
231 192  3  29 31 19
375 61  3  30 32 21
324 538  3  31 28 33
441 431  3  32 26 23

 34
311 287  3  4 7 1
273 275  3  0 9 2
296 240  3  1 12 3
333 221  3  2 14 4
350 260  3  3 5 0
388 287  3  4 16 6
373 332  3  5 18 7
326 332  3  6 8 0
290 353  3  7 20 9
271 316  3  8 10 1
231 318  3  9 22 11
235 262  3  10 24 12
265 215  3  11 13 2
312 185  3  12 25 14
374 223  3  13 15 3
409 246  3  14 27 16
428 283  3  15 17 5
426 324  3  16 29 18
403 359  3  17 19 6
366 378  3  18 30 20
325 376  3  19 21 8
312 414  3  20 31 22
265 384  3  21 23 10
110 291  3  22 33 24
265 164  3  23 25 11
368 181  3  24 26 13
420 202  3  25 33 27
456 245  3  26 28 15
470 300  3  27 32 29
456 354  3  28 30 17
420 397  3  29 31 19
368 418  3  30 32 21
472 402  3  31 28 33
589 308  3  32 26 23

 34
350 260  3  4 7 1
311 287  3  0 9 2
285 252  3  1 12 3
313 228  3  2 14 4
350 220  3  3 5 0
386 228  3  4 16 6
414 252  3  5 18 7
388 287  3  6 8 0
373 332  3  7 20 9
326 332  3  8 10 1
302 364  3  9 22 11
278 336  3  10 24 12
270 300  3  11 13 2
252 229  3  12 25 14
295 193  3  13 15 3
350 180  3  14 27 16
404 193  3  15 17 5
447 229  3  16 29 18
429 287  3  17 19 6
426 324  3  18 30 20
406 356  3  19 21 8
374 376  3  20 31 22
337 379  3  21 23 10
279 397  3  22 33 24
243 354  3  23 25 11
230 300  3  24 26 13
229 404  3  25 33 27
567 401  3  26 28 15
487 382  3  27 32 29
468 281  3  28 30 17
464 337  3  29 31 19
434 384  3  30 32 21
387 414  3  31 28 33
331 418  3  32 26 23

 34
343 220  3  4 7 1
350 260  3  0 9 2
315 280  3  1 12 3
281 258  3  2 14 4
307 232  3  3 5 0
286 198  3  4 16 6
345 180  3  5 18 7
379 225  3  6 8 0
410 247  3  7 20 9
384 280  3  8 10 1
384 320  3  9 22 11
350 340  3  10 24 12
315 320  3  11 13 2
282 342  3  12 25 14
270 306  3  13 15 3
230 304  3  14 27 16
244 243  3  15 17 5
303 146  3  16 29 18
406 194  3  17 19 6
451 236  3  18 30 20
427 280  3  19 21 8
427 317  3  20 31 22
411 351  3  21 23 10
381 373  3  22 33 24
344 379  3  23 25 11
308 368  3  24 26 13
293 405  3  25 33 27
248 363  3  26 28 15
314 455  3  27 32 29
589 291  3  28 30 17
469 295  3  29 31 19
455 356  3  30 32 21
413 401  3  31 28 33
354 419  3  32 26 23

 34
308 231  3  4 7 1
344 220  3  0 9 2
350 260  3  1 12 3
311 287  3  2 14 4
282 257  3  3 5 0
270 305  3  4 16 6
248 236  3  5 18 7
288 197  3  6 8 0
341 180  3  7 20 9
381 226  3  8 10 1
411 248  3  9 22 11
427 282  3  10 24 12
388 287  3  11 13 2
373 332  3  12 25 14
326 332  3  13 15 3
307 367  3  14 27 16
281 341  3  15 17 5
247 361  3  16 29 18
230 308  3  17 19 6
255 170  3  18 30 20
396 189  3  19 21 8
441 222  3  20 31 22
466 273  3  21 23 10
466 329  3  22 33 24
427 319  3  23 25 11
410 352  3  24 26 13
379 374  3  25 33 27
343 379  3  26 28 15
339 419  3  27 32 29
286 401  3  28 30 17
222 503  3  29 31 19
505 338  3  30 32 21
394 411  3  31 28 33
440 378  3  32 26 23

 34
356 220  3  4 7 1
390 230  3  0 9 2
415 254  3  1 12 3
384 280  3  2 14 4
350 260  3  3 5 0
315 280  3  4 16 6
293 243  3  5 18 7
322 224  3  6 8 0
318 184  3  7 20 9
381 184  3  8 10 1
434 215  3  9 22 11
465 268  3  10 24 12
428 286  3  11 13 2
427 320  3  12 25 14
384 320  3  13 15 3
350 340  3  14 27 16
315 320  3  15 17 5
272 320  3  16 29 18
271 286  3  17 19 6
234 268  3  18 30 20
265 215  3  19 21 8
150 300  3  20 31 22
550 300  3  21 23 10
434 384  3  22 33 24
465 331  3  23 25 11
411 351  3  24 26 13
383 372  3  25 33 27
350 380  3  26 28 15
316 372  3  27 32 29
288 351  3  28 30 17
234 331  3  29 31 19
265 384  3  30 32 21
318 415  3  31 28 33
381 415  3  32 26 23

 34
302 235  3  4 7 1
279 202  3  0 9 2
331 181  3  1 12 3
374 223  3  2 14 4
337 220  3  3 5 0
350 260  3  4 16 6
311 287  3  5 18 7
278 263  3  6 8 0
270 312  3  7 20 9
243 245  3  8 10 1
231 318  3  9 22 11
245 179  3  10 24 12
387 185  3  11 13 2
434 215  3  12 25 14
406 243  3  13 15 3
426 275  3  14 27 16
388 287  3  15 17 5
373 332  3  16 29 18
326 332  3  17 19 6
313 371  3  18 30 20
285 347  3  19 21 8
295 406  3  20 31 22
252 370  3  21 23 10
350 460  3  22 33 24
575 217  3  23 25 11
464 262  3  24 26 13
468 318  3  25 33 27
429 312  3  26 28 15
414 347  3  27 32 29
386 371  3  28 30 17
350 380  3  29 31 19
350 420  3  30 32 21
404 406  3  31 28 33
447 370  3  32 26 23

 34
362 220  3  4 7 1
325 223  3  0 9 2
347 180  3  1 12 3
408 195  3  2 14 4
397 235  3  3 5 0
421 263  3  4 16 6
384 280  3  5 18 7
350 260  3  6 8 0
315 280  3  7 20 9
293 243  3  8 10 1
270 287  3  9 22 11
245 241  3  10 24 12
288 197  3  11 13 2
388 144  3  12 25 14
452 238  3  13 15 3
469 297  3  14 27 16
430 300  3  15 17 5
421 336  3  16 29 18
384 320  3  17 19 6
350 340  3  18 30 20
315 320  3  19 21 8
293 356  3  20 31 22
273 324  3  21 23 10
247 361  3  22 33 24
230 302  3  23 25 11
110 304  3  24 26 13
394 453  3  25 33 27
454 358  3  26 28 15
411 402  3  27 32 29
397 364  3  28 30 17
362 379  3  29 31 19
325 376  3  30 32 21
352 419  3  31 28 33
291 404  3  32 26 23

 34
390 230  3  4 7 1
358 220  3  0 9 2
325 223  3  1 12 3
350 180  3  2 14 4
410 196  3  3 5 0
453 239  3  4 16 6
428 283  3  5 18 7
414 252  3  6 8 0
384 280  3  7 20 9
350 260  3  8 10 1
315 280  3  9 22 11
276 267  3  10 24 12
296 240  3  11 13 2
246 240  3  12 25 14
289 196  3  13 15 3
550 300  3  14 27 16
470 300  3  15 17 5
453 360  3  16 29 18
428 316  3  17 19 6
414 347  3  18 30 20
384 320  3  19 21 8
350 340  3  20 31 22
315 320  3  21 23 10
276 332  3  22 33 24
270 300  3  23 25 11
230 300  3  24 26 13
246 360  3  25 33 27
290 403  3  26 28 15
350 420  3  27 32 29
410 403  3  28 30 17
390 369  3  29 31 19
358 379  3  30 32 21
325 376  3  31 28 33
296 359  3  32 26 23

 34
288 197  3  4 7 1
308 231  3  0 9 2
282 257  3  1 12 3
230 289  3  2 14 4
248 236  3  3 5 0
300 147  3  4 16 6
396 189  3  5 18 7
341 180  3  6 8 0
381 226  3  7 20 9
344 220  3  8 10 1
350 260  3  9 22 11
311 287  3  10 24 12
270 293  3  11 13 2
281 341  3  12 25 14
238 344  3  13 15 3
286 401  3  14 27 16
590 300  3  15 17 5
510 300  3  16 29 18
441 222  3  17 19 6
466 273  3  18 30 20
411 248  3  19 21 8
427 282  3  20 31 22
388 287  3  21 23 10
373 332  3  22 33 24
326 332  3  23 25 11
307 367  3  24 26 13
343 379  3  25 33 27
339 419  3  26 28 15
394 411  3  27 32 29
440 378  3  28 30 17
466 329  3  29 31 19
427 319  3  30 32 21
410 352  3  31 28 33
379 374  3  32 26 23

 34
362 180  3  4 7 1
382 226  3  0 9 2
341 220  3  1 12 3
302 235  3  2 14 4
306 187  3  3 5 0
260 219  3  4 16 6
327 141  3  5 18 7
415 199  3  6 8 0
453 239  3  7 20 9
414 252  3  8 10 1
429 291  3  9 22 11
388 287  3  10 24 12
350 260  3  11 13 2
311 287  3  12 25 14
276 267  3  13 15 3
270 308  3  14 27 16
234 268  3  15 17 5
237 343  3  16 29 18
153 162  3  17 19 6
546 437  3  18 30 20
469 293  3  19 21 8
459 348  3  20 31 22
423 332  3  21 23 10
397 364  3  22 33 24
373 332  3  23 25 11
326 332  3  24 26 13
317 373  3  25 33 27
285 347  3  26 28 15
318 415  3  27 32 29
269 389  3  28 30 17
347 459  3  29 31 19
425 393  3  30 32 21
374 417  3  31 28 33
358 379  3  32 26 23

 34
381 184  3  4 7 1
434 215  3  0 9 2
406 243  3  1 12 3
377 224  3  2 14 4
343 220  3  3 5 0
309 230  3  4 16 6
265 215  3  5 18 7
318 184  3  6 8 0
450 126  3  7 20 9
465 268  3  8 10 1
465 331  3  9 22 11
429 306  3  10 24 12
425 272  3  11 13 2
384 280  3  12 25 14
350 260  3  13 15 3
315 280  3  14 27 16
284 254  3  15 17 5
270 300  3  16 29 18
234 268  3  17 19 6
234 331  3  18 30 20
250 473  3  19 21 8
381 415  3  20 31 22
434 384  3  21 23 10
395 365  3  22 33 24
419 340  3  23 25 11
384 320  3  24 26 13
350 340  3  25 33 27
315 320  3  26 28 15
298 361  3  27 32 29
277 333  3  28 30 17
265 384  3  29 31 19
318 415  3  30 32 21
329 377  3  31 28 33
363 378  3  32 26 23

 34
318 184  3  4 7 1
381 184  3  0 9 2
434 215  3  1 12 3
395 234  3  2 14 4
363 221  3  3 5 0
329 222  3  4 16 6
298 238  3  5 18 7
265 215  3  6 8 0
234 268  3  7 20 9
249 126  3  8 10 1
450 473  3  9 22 11
465 331  3  10 24 12
465 268  3  11 13 2
429 293  3  12 25 14
419 259  3  13 15 3
384 280  3  14 27 16
350 260  3  15 17 5
315 280  3  16 29 18
277 266  3  17 19 6
271 313  3  18 30 20
234 331  3  19 21 8
265 384  3  20 31 22
318 415  3  21 23 10
381 415  3  22 33 24
434 384  3  23 25 11
425 327  3  24 26 13
406 356  3  25 33 27
384 320  3  26 28 15
350 340  3  27 32 29
315 320  3  28 30 17
284 345  3  29 31 19
310 369  3  30 32 21
343 379  3  31 28 33
377 375  3  32 26 23

 34
337 180  3  4 7 1
284 199  3  0 9 2
369 141  3  1 12 3
439 219  3  2 14 4
393 187  3  3 5 0
397 235  3  4 16 6
358 220  3  5 18 7
317 226  3  6 8 0
285 252  3  7 20 9
246 240  3  8 10 1
230 293  3  9 22 11
180 469  3  10 24 12
519 130  3  11 13 2
467 324  3  12 25 14
465 268  3  13 15 3
429 308  3  14 27 16
423 267  3  15 17 5
388 287  3  16 29 18
350 260  3  17 19 6
311 287  3  18 30 20
270 291  3  19 21 8
276 332  3  20 31 22
240 348  3  21 23 10
290 403  3  22 33 24
380 457  3  23 25 11
443 375  3  24 26 13
398 409  3  25 33 27
414 347  3  26 28 15
382 373  3  27 32 29
373 332  3  28 30 17
326 332  3  29 31 19
302 364  3  30 32 21
341 379  3  31 28 33
343 419  3  32 26 23

 34
420 202  3  4 7 1
368 181  3  0 9 2
312 185  3  1 12 3
409 151  3  2 14 4
456 245  3  3 5 0
470 300  3  4 16 6
421 263  3  5 18 7
397 235  3  6 8 0
362 220  3  7 20 9
325 223  3  8 10 1
293 243  3  9 22 11
235 262  3  10 24 12
265 215  3  11 13 2
190 300  3  12 25 14
439 77  3  13 15 3
420 397  3  14 27 16
456 354  3  15 17 5
421 336  3  16 29 18
430 300  3  17 19 6
388 287  3  18 30 20
350 260  3  19 21 8
311 287  3  20 31 22
273 275  3  21 23 10
273 324  3  22 33 24
231 318  3  23 25 11
265 384  3  24 26 13
312 414  3  25 33 27
368 418  3  26 28 15
362 379  3  27 32 29
397 364  3  28 30 17
373 332  3  29 31 19
326 332  3  30 32 21
325 376  3  31 28 33
293 356  3  32 26 23

 34
404 193  3  4 7 1
343 180  3  0 9 2
284 199  3  1 12 3
193 266  3  2 14 4
458 86  3  3 5 0
468 407  3  4 16 6
469 293  3  5 18 7
450 234  3  6 8 0
406 243  3  7 20 9
374 223  3  8 10 1
337 220  3  9 22 11
302 235  3  10 24 12
243 245  3  11 13 2
230 306  3  12 25 14
249 365  3  13 15 3
295 406  3  14 27 16
356 419  3  15 17 5
415 400  3  16 29 18
456 354  3  17 19 6
429 312  3  18 30 20
426 275  3  19 21 8
384 280  3  20 31 22
350 260  3  21 23 10
315 280  3  22 33 24
278 263  3  23 25 11
270 312  3  24 26 13
285 347  3  25 33 27
313 371  3  26 28 15
350 380  3  27 32 29
386 371  3  28 30 17
414 347  3  29 31 19
384 320  3  30 32 21
350 340  3  31 28 33
315 320  3  32 26 23

 34
425 158  3  4 7 1
462 256  3  0 9 2
430 210  3  1 12 3
381 184  3  2 14 4
325 182  3  3 5 0
274 206  3  4 16 6
111 325  3  5 18 7
588 274  3  6 8 0
450 365  3  7 20 9
469 312  3  8 10 1
428 316  3  9 22 11
426 275  3  10 24 12
403 240  3  11 13 2
366 221  3  12 25 14
325 223  3  13 15 3
290 246  3  14 27 16
240 251  3  15 17 5
230 306  3  16 29 18
242 418  3  17 19 6
356 419  3  18 30 20
410 403  3  19 21 8
374 376  3  20 31 22
409 353  3  21 23 10
373 332  3  22 33 24
388 287  3  23 25 11
350 260  3  24 26 13
311 287  3  25 33 27
271 283  3  26 28 15
273 324  3  27 32 29
246 360  3  28 30 17
301 409  3  29 31 19
333 378  3  30 32 21
296 359  3  31 28 33
326 332  3  32 26 23

 34
349 60  3  4 7 1
502 349  3  0 9 2
447 229  3  1 12 3
404 193  3  2 14 4
350 180  3  3 5 0
295 193  3  4 16 6
252 229  3  5 18 7
202 362  3  6 8 0
331 418  3  7 20 9
387 414  3  8 10 1
434 384  3  9 22 11
464 337  3  10 24 12
468 281  3  11 13 2
414 252  3  12 25 14
386 228  3  13 15 3
350 220  3  14 27 16
313 228  3  15 17 5
285 252  3  16 29 18
231 281  3  17 19 6
235 337  3  18 30 20
279 397  3  19 21 8
337 379  3  20 31 22
374 376  3  21 23 10
406 356  3  22 33 24
426 324  3  23 25 11
429 287  3  24 26 13
388 287  3  25 33 27
350 260  3  26 28 15
311 287  3  27 32 29
270 287  3  28 30 17
278 336  3  29 31 19
302 364  3  30 32 21
326 332  3  31 28 33
373 332  3  32 26 23

 34
195 341  3  4 7 1
263 524  3  0 9 2
436 75  3  1 12 3
284 199  3  2 14 4
246 240  3  3 5 0
230 293  3  4 16 6
240 348  3  5 18 7
290 403  3  6 8 0
343 419  3  7 20 9
398 409  3  8 10 1
443 375  3  9 22 11
467 324  3  10 24 12
489 222  3  11 13 2
393 187  3  12 25 14
337 180  3  13 15 3
317 226  3  14 27 16
285 252  3  15 17 5
270 291  3  16 29 18
276 332  3  17 19 6
302 364  3  18 30 20
341 379  3  19 21 8
382 373  3  20 31 22
414 347  3  21 23 10
429 308  3  22 33 24
465 268  3  23 25 11
439 219  3  24 26 13
397 235  3  25 33 27
358 220  3  26 28 15
350 260  3  27 32 29
311 287  3  28 30 17
326 332  3  29 31 19
373 332  3  30 32 21
388 287  3  31 28 33
423 267  3  32 26 23

