 28
350 260  3  4 7 1
388 287  3  0 9 2
373 332  3  1 11 3
326 332  3  2 13 4
311 287  3  3 5 0
283 255  3  4 15 6
317 226  3  5 17 7
361 220  3  6 8 0
401 238  3  7 19 9
426 275  3  8 10 1
427 319  3  9 21 11
405 357  3  10 12 2
366 378  3  11 22 13
322 375  3  12 14 3
286 349  3  13 24 15
270 308  3  14 16 5
238 255  3  15 25 17
286 198  3  16 18 6
358 180  3  17 26 19
427 208  3  18 20 8
466 270  3  19 27 21
461 344  3  20 22 10
413 401  3  21 23 12
341 419  3  22 27 24
272 391  3  23 25 14
233 329  3  24 26 16
196 171  3  25 27 18
503 428  3  26 23 20

 28
311 287  3  4 7 1
273 275  3  0 9 2
296 240  3  1 11 3
333 221  3  2 13 4
350 260  3  3 5 0
388 287  3  4 15 6
373 332  3  5 17 7
326 332  3  6 8 0
290 353  3  7 19 9
271 316  3  8 10 1
190 283  3  9 21 11
223 201  3  10 12 2
295 149  3  11 22 13
374 223  3  12 14 3
409 246  3  13 24 15
428 283  3  14 16 5
426 324  3  15 25 17
403 359  3  16 18 6
366 378  3  17 26 19
325 376  3  18 20 8
284 446  3  19 27 21
217 389  3  20 22 10
383 143  3  21 23 12
461 184  3  22 27 24
505 261  3  23 25 14
502 349  3  24 26 16
452 422  3  25 27 18
372 458  3  26 23 20

 28
350 260  3  4 7 1
311 287  3  0 9 2
276 267  3  1 11 3
302 235  3  2 13 4
341 220  3  3 5 0
382 226  3  4 15 6
414 252  3  5 17 7
388 287  3  6 8 0
373 332  3  7 19 9
326 332  3  8 10 1
285 347  3  9 21 11
270 308  3  10 12 2
230 300  3  11 22 13
252 229  3  12 14 3
312 185  3  13 24 15
387 185  3  14 16 5
447 229  3  15 25 17
429 291  3  16 18 6
423 332  3  17 26 19
397 364  3  18 20 8
358 379  3  19 27 21
317 373  3  20 22 10
252 370  3  21 23 12
312 414  3  22 27 24
550 300  3  23 25 14
470 300  3  24 26 16
447 370  3  25 27 18
387 414  3  26 23 20

 28
338 220  3  4 7 1
350 260  3  0 9 2
311 287  3  1 11 3
273 275  3  2 13 4
298 238  3  3 5 0
279 202  3  4 15 6
350 180  3  5 17 7
382 226  3  6 8 0
416 255  3  7 19 9
388 287  3  8 10 1
373 332  3  9 21 11
326 332  3  10 12 2
302 364  3  11 22 13
275 329  3  12 14 3
235 337  3  13 24 15
235 262  3  14 16 5
288 109  3  15 25 17
420 202  3  16 18 6
464 262  3  17 26 19
429 297  3  18 20 8
419 340  3  19 27 21
387 370  3  20 22 10
344 379  3  21 23 12
350 420  3  22 27 24
279 397  3  23 25 14
411 490  3  24 26 16
464 337  3  25 27 18
420 397  3  26 23 20

 28
317 226  3  4 7 1
358 220  3  0 9 2
350 260  3  1 11 3
311 287  3  2 13 4
285 252  3  3 5 0
270 291  3  4 15 6
252 229  3  5 17 7
312 185  3  6 8 0
387 185  3  7 19 9
397 235  3  8 10 1
423 267  3  9 21 11
388 287  3  10 12 2
373 332  3  11 22 13
326 332  3  12 14 3
302 364  3  13 24 15
276 332  3  14 16 5
252 370  3  15 25 17
230 300  3  16 18 6
411 490  3  17 26 19
447 229  3  18 20 8
470 300  3  19 27 21
429 308  3  20 22 10
414 347  3  21 23 12
382 373  3  22 27 24
341 379  3  23 25 14
312 414  3  24 26 16
387 414  3  25 27 18
447 370  3  26 23 20

 28
350 220  3  4 7 1
386 228  3  0 9 2
414 252  3  1 11 3
384 280  3  2 13 4
350 260  3  3 5 0
315 280  3  4 15 6
285 252  3  5 17 7
313 228  3  6 8 0
314 144  3  7 19 9
422 157  3  8 10 1
497 237  3  9 21 11
429 287  3  10 12 2
426 324  3  11 22 13
384 320  3  12 14 3
350 340  3  13 24 15
315 320  3  14 16 5
278 336  3  15 25 17
270 300  3  16 18 6
190 308  3  17 26 19
222 203  3  18 20 8
437 434  3  19 27 21
503 346  3  20 22 10
406 356  3  21 23 12
374 376  3  22 27 24
337 379  3  23 25 14
302 364  3  24 26 16
232 409  3  25 27 18
330 458  3  26 23 20

 28
302 235  3  4 7 1
255 170  3  0 9 2
338 140  3  1 11 3
382 226  3  2 13 4
341 220  3  3 5 0
350 260  3  4 15 6
311 287  3  5 17 7
276 267  3  6 8 0
270 308  3  7 19 9
201 240  3  8 10 1
197 349  3  9 21 11
425 158  3  10 12 2
488 219  3  11 22 13
414 252  3  12 14 3
429 291  3  13 24 15
388 287  3  14 16 5
373 332  3  15 25 17
326 332  3  16 18 6
317 373  3  17 26 19
285 347  3  18 20 8
327 458  3  19 27 21
247 422  3  20 22 10
509 305  3  21 23 12
482 389  3  22 27 24
423 332  3  23 25 14
397 364  3  24 26 16
358 379  3  25 27 18
415 446  3  26 23 20

 28
362 220  3  4 7 1
325 223  3  0 9 2
305 146  3  1 11 3
415 153  3  2 13 4
397 235  3  3 5 0
421 263  3  4 15 6
384 280  3  5 17 7
350 260  3  6 8 0
315 280  3  7 19 9
293 243  3  8 10 1
270 287  3  9 21 11
217 210  3  10 12 2
190 316  3  11 22 13
493 229  3  12 14 3
505 338  3  13 24 15
430 300  3  14 16 5
421 336  3  15 25 17
384 320  3  16 18 6
350 340  3  17 26 19
315 320  3  18 20 8
293 356  3  19 27 21
273 324  3  20 22 10
238 415  3  21 23 12
338 459  3  22 27 24
444 429  3  23 25 14
397 364  3  24 26 16
362 379  3  25 27 18
325 376  3  26 23 20

 28
379 225  3  4 7 1
343 220  3  0 9 2
307 232  3  1 11 3
265 164  3  2 13 4
372 141  3  3 5 0
468 192  3  4 15 6
427 280  3  5 17 7
410 247  3  6 8 0
384 280  3  7 19 9
350 260  3  8 10 1
315 280  3  9 21 11
281 258  3  10 12 2
270 306  3  11 22 13
197 250  3  12 14 3
201 359  3  13 24 15
509 294  3  14 16 5
476 398  3  15 25 17
427 317  3  16 18 6
411 351  3  17 26 19
384 320  3  18 20 8
350 340  3  19 27 21
315 320  3  20 22 10
282 342  3  21 23 12
308 368  3  22 27 24
274 441  3  23 25 14
383 456  3  24 26 16
381 373  3  25 27 18
344 379  3  26 23 20

 28
404 149  3  4 7 1
390 230  3  0 9 2
350 220  3  1 11 3
309 230  3  2 13 4
316 143  3  3 5 0
238 184  3  4 15 6
509 283  3  5 17 7
476 201  3  6 8 0
430 300  3  7 19 9
419 259  3  8 10 1
388 287  3  9 21 11
350 260  3  10 12 2
311 287  3  11 22 13
280 260  3  12 14 3
270 300  3  13 24 15
194 261  3  14 16 5
206 370  3  15 25 17
493 370  3  16 18 6
434 435  3  17 26 19
419 340  3  18 20 8
390 369  3  19 27 21
373 332  3  20 22 10
326 332  3  21 23 12
310 369  3  22 27 24
280 340  3  23 25 14
265 435  3  24 26 16
350 460  3  25 27 18
350 380  3  26 23 20

 28
352 140  3  4 7 1
454 179  3  0 9 2
400 237  3  1 11 3
366 221  3  2 13 4
329 222  3  3 5 0
296 240  3  4 15 6
192 269  3  5 17 7
249 175  3  6 8 0
487 382  3  7 19 9
508 274  3  8 10 1
429 304  3  9 21 11
423 267  3  10 12 2
384 280  3  11 22 13
350 260  3  12 14 3
315 280  3  13 24 15
275 271  3  14 16 5
272 320  3  15 25 17
210 377  3  16 18 6
292 449  3  17 26 19
402 451  3  18 20 8
393 367  3  19 27 21
419 340  3  20 22 10
384 320  3  21 23 12
350 340  3  22 27 24
315 320  3  23 25 14
290 353  3  24 26 16
321 374  3  25 27 18
358 379  3  26 23 20

 28
312 185  3  4 7 1
387 185  3  0 9 2
447 229  3  1 11 3
403 240  3  2 13 4
366 221  3  3 5 0
325 223  3  4 15 6
290 246  3  5 17 7
252 229  3  6 8 0
230 300  3  7 19 9
411 109  3  8 10 1
447 370  3  9 21 11
470 300  3  10 12 2
428 316  3  11 22 13
426 275  3  12 14 3
388 287  3  13 24 15
350 260  3  14 16 5
311 287  3  15 25 17
271 283  3  16 18 6
273 324  3  17 26 19
252 370  3  18 20 8
312 414  3  19 27 21
387 414  3  20 22 10
409 353  3  21 23 12
374 376  3  22 27 24
373 332  3  23 25 14
326 332  3  24 26 16
296 359  3  25 27 18
333 378  3  26 23 20

 28
350 180  3  4 7 1
279 202  3  0 9 2
411 109  3  1 11 3
464 262  3  2 13 4
420 202  3  3 5 0
405 242  3  4 15 6
366 221  3  5 17 7
322 224  3  6 8 0
286 250  3  7 19 9
235 262  3  8 10 1
235 337  3  9 21 11
288 490  3  10 12 2
420 397  3  11 22 13
464 337  3  12 14 3
426 324  3  13 24 15
427 280  3  14 16 5
388 287  3  15 25 17
350 260  3  16 18 6
311 287  3  17 26 19
270 291  3  18 20 8
283 344  3  19 27 21
279 397  3  20 22 10
350 420  3  21 23 12
361 379  3  22 27 24
401 361  3  23 25 14
373 332  3  24 26 16
326 332  3  25 27 18
317 373  3  26 23 20

 28
387 185  3  4 7 1
312 185  3  0 9 2
252 229  3  1 11 3
511 182  3  2 13 4
447 229  3  3 5 0
470 300  3  4 15 6
419 259  3  5 17 7
390 230  3  6 8 0
350 220  3  7 19 9
309 230  3  8 10 1
280 260  3  9 21 11
230 300  3  10 12 2
252 370  3  11 22 13
312 414  3  12 14 3
387 414  3  13 24 15
447 370  3  14 16 5
419 340  3  15 25 17
430 300  3  16 18 6
388 287  3  17 26 19
350 260  3  18 20 8
311 287  3  19 27 21
270 300  3  20 22 10
280 340  3  21 23 12
310 369  3  22 27 24
350 380  3  23 25 14
390 369  3  24 26 16
373 332  3  25 27 18
326 332  3  26 23 20

 28
507 327  3  4 7 1
498 240  3  0 9 2
444 170  3  1 11 3
361 140  3  2 13 4
274 158  3  3 5 0
211 220  3  4 15 6
394 453  3  5 17 7
468 407  3  6 8 0
414 347  3  7 19 9
429 308  3  8 10 1
423 267  3  9 21 11
397 235  3  10 12 2
358 220  3  11 22 13
317 226  3  12 14 3
285 252  3  13 24 15
190 305  3  14 16 5
217 389  3  15 25 17
305 453  3  16 18 6
341 379  3  17 26 19
382 373  3  18 20 8
373 332  3  19 27 21
388 287  3  20 22 10
350 260  3  21 23 12
311 287  3  22 27 24
270 291  3  23 25 14
276 332  3  24 26 16
302 364  3  25 27 18
326 332  3  26 23 20

 28
288 490  3  4 7 1
411 109  3  0 9 2
279 202  3  1 11 3
235 262  3  2 13 4
235 337  3  3 5 0
279 397  3  4 15 6
350 420  3  5 17 7
420 397  3  6 8 0
464 337  3  7 19 9
464 262  3  8 10 1
420 202  3  9 21 11
350 180  3  10 12 2
322 224  3  11 22 13
286 250  3  12 14 3
270 291  3  13 24 15
283 344  3  14 16 5
317 373  3  15 25 17
361 379  3  16 18 6
401 361  3  17 26 19
426 324  3  18 20 8
427 280  3  19 27 21
405 242  3  20 22 10
366 221  3  21 23 12
350 260  3  22 27 24
311 287  3  23 25 14
326 332  3  24 26 16
373 332  3  25 27 18
388 287  3  26 23 20

 28
350 260  3  4 7 1
388 287  3  0 9 2
373 332  3  1 12 3
326 332  3  2 14 4
311 287  3  3 5 0
280 260  3  4 16 6
309 230  3  5 18 7
350 220  3  6 8 0
390 230  3  7 20 9
419 259  3  8 10 1
430 300  3  9 21 11
419 340  3  10 23 12
390 369  3  11 13 2
350 380  3  12 24 14
310 369  3  13 15 3
280 340  3  14 25 16
270 300  3  15 17 5
235 262  3  16 26 18
279 202  3  17 19 6
350 180  3  18 27 20
420 202  3  19 21 8
464 262  3  20 22 10
464 337  3  21 27 23
420 397  3  22 24 11
350 420  3  23 25 13
279 397  3  24 26 15
235 337  3  25 27 17
540 361  3  26 22 19

 28
311 287  3  4 7 1
273 275  3  0 9 2
296 240  3  1 12 3
333 221  3  2 14 4
350 260  3  3 5 0
388 287  3  4 16 6
373 332  3  5 18 7
326 332  3  6 8 0
290 353  3  7 20 9
271 316  3  8 10 1
235 337  3  9 21 11
235 262  3  10 23 12
279 202  3  11 13 2
350 180  3  12 24 14
374 223  3  13 15 3
409 246  3  14 25 16
428 283  3  15 17 5
426 324  3  16 26 18
403 359  3  17 19 6
366 378  3  18 27 20
325 376  3  19 21 8
279 397  3  20 22 10
350 420  3  21 27 23
467 138  3  22 24 11
420 202  3  23 25 13
464 262  3  24 26 15
464 337  3  25 27 17
420 397  3  26 22 19

 28
350 260  3  4 7 1
311 287  3  0 9 2
280 260  3  1 12 3
309 230  3  2 14 4
350 220  3  3 5 0
390 230  3  4 16 6
419 259  3  5 18 7
388 287  3  6 8 0
373 332  3  7 20 9
326 332  3  8 10 1
310 369  3  9 21 11
280 340  3  10 23 12
270 300  3  11 13 2
235 262  3  12 24 14
279 202  3  13 15 3
350 180  3  14 25 16
420 202  3  15 17 5
464 262  3  16 26 18
430 300  3  17 19 6
419 340  3  18 27 20
390 369  3  19 21 8
350 380  3  20 22 10
350 420  3  21 27 23
279 397  3  22 24 11
235 337  3  23 25 13
540 361  3  24 26 15
464 337  3  25 27 17
420 397  3  26 22 19

 28
350 220  3  4 7 1
350 260  3  0 9 2
315 280  3  1 12 3
280 260  3  2 14 4
309 230  3  3 5 0
308 187  3  4 16 6
391 187  3  5 18 7
390 230  3  6 8 0
419 259  3  7 20 9
384 280  3  8 10 1
384 320  3  9 21 11
350 340  3  10 23 12
315 320  3  11 13 2
280 340  3  12 24 14
270 300  3  13 15 3
231 320  3  14 25 16
246 240  3  15 17 5
523 199  3  16 26 18
453 239  3  17 19 6
468 320  3  18 27 20
430 300  3  19 21 8
419 340  3  20 22 10
390 369  3  21 27 23
350 380  3  22 24 11
310 369  3  23 25 13
272 391  3  24 26 15
350 420  3  25 27 17
427 391  3  26 22 19

 28
302 235  3  4 7 1
341 220  3  0 9 2
350 260  3  1 12 3
311 287  3  2 14 4
276 267  3  3 5 0
270 308  3  4 16 6
235 262  3  5 18 7
279 202  3  6 8 0
350 180  3  7 20 9
382 226  3  8 10 1
414 252  3  9 21 11
429 291  3  10 23 12
388 287  3  11 13 2
373 332  3  12 24 14
326 332  3  13 15 3
317 373  3  14 25 16
285 347  3  15 17 5
279 397  3  16 26 18
235 337  3  17 19 6
467 461  3  18 27 20
420 202  3  19 21 8
464 262  3  20 22 10
464 337  3  21 27 23
423 332  3  22 24 11
397 364  3  23 25 13
358 379  3  24 26 15
350 420  3  25 27 17
420 397  3  26 22 19

 28
350 220  3  4 7 1
390 230  3  0 9 2
419 259  3  1 12 3
384 280  3  2 14 4
350 260  3  3 5 0
315 280  3  4 16 6
280 260  3  5 18 7
309 230  3  6 8 0
308 187  3  7 20 9
391 187  3  8 10 1
453 239  3  9 21 11
468 320  3  10 23 12
430 300  3  11 13 2
419 340  3  12 24 14
384 320  3  13 15 3
350 340  3  14 25 16
315 320  3  15 17 5
280 340  3  16 26 18
270 300  3  17 19 6
231 320  3  18 27 20
246 240  3  19 21 8
523 199  3  20 22 10
350 420  3  21 27 23
427 391  3  22 24 11
390 369  3  23 25 13
350 380  3  24 26 15
310 369  3  25 27 17
272 391  3  26 22 19

 28
302 235  3  4 7 1
279 202  3  0 9 2
350 180  3  1 12 3
382 226  3  2 14 4
341 220  3  3 5 0
350 260  3  4 16 6
311 287  3  5 18 7
276 267  3  6 8 0
270 308  3  7 20 9
235 262  3  8 10 1
235 337  3  9 21 11
467 461  3  10 23 12
420 202  3  11 13 2
464 262  3  12 24 14
414 252  3  13 15 3
429 291  3  14 25 16
388 287  3  15 17 5
373 332  3  16 26 18
326 332  3  17 19 6
317 373  3  18 27 20
285 347  3  19 21 8
279 397  3  20 22 10
350 420  3  21 27 23
420 397  3  22 24 11
464 337  3  23 25 13
423 332  3  24 26 15
397 364  3  25 27 17
358 379  3  26 22 19

 28
350 220  3  4 7 1
309 230  3  0 9 2
308 187  3  1 12 3
391 187  3  2 14 4
390 230  3  3 5 0
419 259  3  4 16 6
384 280  3  5 18 7
350 260  3  6 8 0
315 280  3  7 20 9
280 260  3  8 10 1
270 300  3  9 21 11
231 320  3  10 23 12
246 240  3  11 13 2
523 199  3  12 24 14
453 239  3  13 15 3
468 320  3  14 25 16
430 300  3  15 17 5
419 340  3  16 26 18
384 320  3  17 19 6
350 340  3  18 27 20
315 320  3  19 21 8
280 340  3  20 22 10
310 369  3  21 27 23
272 391  3  22 24 11
350 420  3  23 25 13
427 391  3  24 26 15
390 369  3  25 27 17
350 380  3  26 22 19

 28
397 235  3  4 7 1
358 220  3  0 9 2
317 226  3  1 12 3
350 180  3  2 14 4
420 202  3  3 5 0
464 262  3  4 16 6
429 308  3  5 18 7
423 267  3  6 8 0
388 287  3  7 20 9
350 260  3  8 10 1
311 287  3  9 21 11
270 291  3  10 23 12
285 252  3  11 13 2
235 262  3  12 24 14
279 202  3  13 15 3
540 361  3  14 25 16
464 337  3  15 17 5
420 397  3  16 26 18
414 347  3  17 19 6
382 373  3  18 27 20
373 332  3  19 21 8
326 332  3  20 22 10
302 364  3  21 27 23
276 332  3  22 24 11
235 337  3  23 25 13
279 397  3  24 26 15
350 420  3  25 27 17
341 379  3  26 22 19

 28
350 180  3  4 7 1
325 223  3  0 9 2
290 246  3  1 12 3
235 262  3  2 14 4
279 202  3  3 5 0
540 238  3  4 16 6
464 262  3  5 18 7
420 202  3  6 8 0
403 240  3  7 20 9
366 221  3  8 10 1
350 260  3  9 21 11
311 287  3  10 23 12
271 283  3  11 13 2
273 324  3  12 24 14
235 337  3  13 15 3
279 397  3  14 25 16
350 420  3  15 17 5
420 397  3  16 26 18
464 337  3  17 19 6
428 316  3  18 27 20
426 275  3  19 21 8
388 287  3  20 22 10
373 332  3  21 27 23
326 332  3  22 24 11
296 359  3  23 25 13
333 378  3  24 26 15
374 376  3  25 27 17
409 353  3  26 22 19

 28
350 180  3  4 7 1
374 223  3  0 9 2
333 221  3  1 12 3
296 240  3  2 14 4
279 202  3  3 5 0
235 262  3  4 16 6
467 138  3  5 18 7
420 202  3  6 8 0
464 262  3  7 20 9
409 246  3  8 10 1
428 283  3  9 21 11
388 287  3  10 23 12
350 260  3  11 13 2
311 287  3  12 24 14
273 275  3  13 15 3
271 316  3  14 25 16
235 337  3  15 17 5
279 397  3  16 26 18
350 420  3  17 19 6
420 397  3  18 27 20
464 337  3  19 21 8
426 324  3  20 22 10
403 359  3  21 27 23
373 332  3  22 24 11
326 332  3  23 25 13
290 353  3  24 26 15
325 376  3  25 27 17
366 378  3  26 22 19

 28
350 180  3  4 7 1
420 202  3  0 9 2
403 240  3  1 12 3
366 221  3  2 14 4
325 223  3  3 5 0
290 246  3  4 16 6
235 262  3  5 18 7
279 202  3  6 8 0
540 238  3  7 20 9
464 262  3  8 10 1
464 337  3  9 21 11
428 316  3  10 23 12
426 275  3  11 13 2
388 287  3  12 24 14
350 260  3  13 15 3
311 287  3  14 25 16
271 283  3  15 17 5
273 324  3  16 26 18
235 337  3  17 19 6
279 397  3  18 27 20
350 420  3  19 21 8
420 397  3  20 22 10
374 376  3  21 27 23
409 353  3  22 24 11
373 332  3  23 25 13
326 332  3  24 26 15
296 359  3  25 27 17
333 378  3  26 22 19

 28
350 180  3  4 7 1
420 202  3  0 9 2
464 262  3  1 12 3
409 246  3  2 14 4
374 223  3  3 5 0
333 221  3  4 16 6
296 240  3  5 18 7
279 202  3  6 8 0
235 262  3  7 20 9
467 138  3  8 10 1
350 420  3  9 21 11
420 397  3  10 23 12
464 337  3  11 13 2
426 324  3  12 24 14
428 283  3  13 15 3
388 287  3  14 25 16
350 260  3  15 17 5
311 287  3  16 26 18
273 275  3  17 19 6
271 316  3  18 27 20
235 337  3  19 21 8
279 397  3  20 22 10
325 376  3  21 27 23
366 378  3  22 24 11
403 359  3  23 25 13
373 332  3  24 26 15
326 332  3  25 27 17
290 353  3  26 22 19

 28
350 180  3  4 7 1
279 202  3  0 9 2
540 238  3  1 12 3
464 262  3  2 14 4
420 202  3  3 5 0
403 240  3  4 16 6
366 221  3  5 18 7
325 223  3  6 8 0
290 246  3  7 20 9
235 262  3  8 10 1
235 337  3  9 21 11
279 397  3  10 23 12
350 420  3  11 13 2
420 397  3  12 24 14
464 337  3  13 15 3
428 316  3  14 25 16
426 275  3  15 17 5
388 287  3  16 26 18
350 260  3  17 19 6
311 287  3  18 27 20
271 283  3  19 21 8
273 324  3  20 22 10
296 359  3  21 27 23
333 378  3  22 24 11
374 376  3  23 25 13
409 353  3  24 26 15
373 332  3  25 27 17
326 332  3  26 22 19

 28
464 262  3  4 7 1
420 202  3  0 9 2
350 180  3  1 12 3
540 361  3  2 14 4
464 337  3  3 5 0
420 397  3  4 16 6
419 340  3  5 18 7
430 300  3  6 8 0
419 259  3  7 20 9
390 230  3  8 10 1
350 220  3  9 21 11
309 230  3  10 23 12
279 202  3  11 13 2
235 262  3  12 24 14
235 337  3  13 15 3
279 397  3  14 25 16
350 420  3  15 17 5
350 380  3  16 26 18
390 369  3  17 19 6
373 332  3  18 27 20
388 287  3  19 21 8
350 260  3  20 22 10
311 287  3  21 27 23
280 260  3  22 24 11
270 300  3  23 25 13
280 340  3  24 26 15
310 369  3  25 27 17
326 332  3  26 22 19

 28
523 199  3  4 7 1
246 240  3  0 9 2
231 320  3  1 12 3
272 391  3  2 14 4
350 420  3  3 5 0
427 391  3  4 16 6
468 320  3  5 18 7
453 239  3  6 8 0
391 187  3  7 20 9
308 187  3  8 10 1
309 230  3  9 21 11
280 260  3  10 23 12
270 300  3  11 13 2
280 340  3  12 24 14
310 369  3  13 15 3
350 380  3  14 25 16
390 369  3  15 17 5
419 340  3  16 26 18
430 300  3  17 19 6
419 259  3  18 27 20
390 230  3  19 21 8
350 220  3  20 22 10
350 260  3  21 27 23
315 280  3  22 24 11
315 320  3  23 25 13
350 340  3  24 26 15
384 320  3  25 27 17
384 280  3  26 22 19

