 20
350 260  3  4 7 1
388 287  3  0 9 2
373 332  3  1 11 3
326 332  3  2 13 4
311 287  3  3 5 0
273 275  3  4 14 6
302 235  3  5 16 7
350 220  3  6 8 0
397 235  3  7 17 9
426 275  3  8 10 1
426 324  3  9 18 11
397 364  3  10 12 2
350 380  3  11 19 13
302 364  3  12 14 3
273 324  3  13 15 5
197 349  3  14 19 16
255 170  3  15 17 6
444 170  3  16 18 8
502 349  3  17 19 10
350 460  3  18 15 12

 20
311 287  3  4 7 1
273 275  3  0 9 2
302 235  3  1 11 3
350 220  3  2 13 4
350 260  3  3 5 0
388 287  3  4 14 6
373 332  3  5 16 7
326 332  3  6 8 0
302 364  3  7 17 9
273 324  3  8 10 1
197 349  3  9 18 11
255 170  3  10 12 2
444 170  3  11 19 13
397 235  3  12 14 3
426 275  3  13 15 5
426 324  3  14 19 16
397 364  3  15 17 6
350 380  3  16 18 8
350 460  3  17 19 10
502 349  3  18 15 12

 20
350 260  3  4 7 1
311 287  3  0 9 2
273 275  3  1 11 3
302 235  3  2 13 4
350 220  3  3 5 0
397 235  3  4 14 6
426 275  3  5 16 7
388 287  3  6 8 0
373 332  3  7 17 9
326 332  3  8 10 1
302 364  3  9 18 11
273 324  3  10 12 2
197 349  3  11 19 13
255 170  3  12 14 3
444 170  3  13 15 5
502 349  3  14 19 16
426 324  3  15 17 6
397 364  3  16 18 8
350 380  3  17 19 10
350 460  3  18 15 12

 20
350 220  3  4 7 1
350 260  3  0 9 2
311 287  3  1 11 3
273 275  3  2 13 4
302 235  3  3 5 0
255 170  3  4 14 6
444 170  3  5 16 7
397 235  3  6 8 0
426 275  3  7 17 9
388 287  3  8 10 1
373 332  3  9 18 11
326 332  3  10 12 2
302 364  3  11 19 13
273 324  3  12 14 3
197 349  3  13 15 5
350 460  3  14 19 16
502 349  3  15 17 6
426 324  3  16 18 8
397 364  3  17 19 10
350 380  3  18 15 12

 20
302 235  3  4 7 1
350 220  3  0 9 2
350 260  3  1 11 3
311 287  3  2 13 4
273 275  3  3 5 0
273 324  3  4 14 6
197 349  3  5 16 7
255 170  3  6 8 0
444 170  3  7 17 9
397 235  3  8 10 1
426 275  3  9 18 11
388 287  3  10 12 2
373 332  3  11 19 13
326 332  3  12 14 3
302 364  3  13 15 5
350 380  3  14 19 16
350 460  3  15 17 6
502 349  3  16 18 8
426 324  3  17 19 10
397 364  3  18 15 12

 20
350 220  3  4 7 1
397 235  3  0 9 2
426 275  3  1 11 3
388 287  3  2 13 4
350 260  3  3 5 0
311 287  3  4 14 6
273 275  3  5 16 7
302 235  3  6 8 0
255 170  3  7 17 9
444 170  3  8 10 1
502 349  3  9 18 11
426 324  3  10 12 2
397 364  3  11 19 13
373 332  3  12 14 3
326 332  3  13 15 5
302 364  3  14 19 16
273 324  3  15 17 6
197 349  3  16 18 8
350 460  3  17 19 10
350 380  3  18 15 12

 20
302 235  3  4 7 1
255 170  3  0 9 2
444 170  3  1 11 3
397 235  3  2 13 4
350 220  3  3 5 0
350 260  3  4 14 6
311 287  3  5 16 7
273 275  3  6 8 0
273 324  3  7 17 9
197 349  3  8 10 1
350 460  3  9 18 11
502 349  3  10 12 2
426 324  3  11 19 13
426 275  3  12 14 3
388 287  3  13 15 5
373 332  3  14 19 16
326 332  3  15 17 6
302 364  3  16 18 8
350 380  3  17 19 10
397 364  3  18 15 12

 20
350 220  3  4 7 1
302 235  3  0 9 2
255 170  3  1 11 3
444 170  3  2 13 4
397 235  3  3 5 0
426 275  3  4 14 6
388 287  3  5 16 7
350 260  3  6 8 0
311 287  3  7 17 9
273 275  3  8 10 1
273 324  3  9 18 11
197 349  3  10 12 2
350 460  3  11 19 13
502 349  3  12 14 3
426 324  3  13 15 5
397 364  3  14 19 16
373 332  3  15 17 6
326 332  3  16 18 8
302 364  3  17 19 10
350 380  3  18 15 12

 20
397 235  3  4 7 1
350 220  3  0 9 2
302 235  3  1 11 3
255 170  3  2 13 4
444 170  3  3 5 0
502 349  3  4 14 6
426 324  3  5 16 7
426 275  3  6 8 0
388 287  3  7 17 9
350 260  3  8 10 1
311 287  3  9 18 11
273 275  3  10 12 2
273 324  3  11 19 13
197 349  3  12 14 3
350 460  3  13 15 5
350 380  3  14 19 16
397 364  3  15 17 6
373 332  3  16 18 8
326 332  3  17 19 10
302 364  3  18 15 12

 20
444 170  3  4 7 1
397 235  3  0 9 2
350 220  3  1 11 3
302 235  3  2 13 4
255 170  3  3 5 0
197 349  3  4 14 6
350 460  3  5 16 7
502 349  3  6 8 0
426 324  3  7 17 9
426 275  3  8 10 1
388 287  3  9 18 11
350 260  3  10 12 2
311 287  3  11 19 13
273 275  3  12 14 3
273 324  3  13 15 5
302 364  3  14 19 16
350 380  3  15 17 6
397 364  3  16 18 8
373 332  3  17 19 10
326 332  3  18 15 12

 20
444 170  3  4 7 1
502 349  3  0 9 2
426 324  3  1 11 3
426 275  3  2 13 4
397 235  3  3 5 0
350 220  3  4 14 6
302 235  3  5 16 7
255 170  3  6 8 0
197 349  3  7 17 9
350 460  3  8 10 1
350 380  3  9 18 11
397 364  3  10 12 2
373 332  3  11 19 13
388 287  3  12 14 3
350 260  3  13 15 5
311 287  3  14 19 16
273 275  3  15 17 6
273 324  3  16 18 8
302 364  3  17 19 10
326 332  3  18 15 12

 20
197 349  3  4 7 1
350 460  3  0 9 2
502 349  3  1 11 3
444 170  3  2 13 4
255 170  3  3 5 0
302 235  3  4 14 6
273 275  3  5 16 7
273 324  3  6 8 0
302 364  3  7 17 9
350 380  3  8 10 1
397 364  3  9 18 11
426 324  3  10 12 2
426 275  3  11 19 13
397 235  3  12 14 3
350 220  3  13 15 5
350 260  3  14 19 16
311 287  3  15 17 6
326 332  3  16 18 8
373 332  3  17 19 10
388 287  3  18 15 12

