 32
350 260  3  4 7 1
388 287  3  0 9 2
373 332  3  1 11 3
326 332  3  2 13 4
311 287  3  3 5 0
282 257  3  4 15 6
314 228  3  5 17 7
359 220  3  6 8 0
401 238  3  7 19 9
426 275  3  8 10 1
427 320  3  9 21 11
403 359  3  10 12 2
362 379  3  11 23 13
318 373  3  12 14 3
283 344  3  13 25 15
270 301  3  14 16 5
248 236  3  15 26 17
297 192  3  16 18 6
364 180  3  17 28 19
427 208  3  18 20 8
464 262  3  19 29 21
465 331  3  20 22 10
430 389  3  21 30 23
368 418  3  22 24 12
303 410  3  23 31 25
250 367  3  24 26 14
230 302  3  25 27 16
154 258  3  26 31 28
329 101  3  27 29 18
532 218  3  28 30 20
483 448  3  29 31 22
250 473  3  30 27 24

 32
311 287  3  4 7 1
273 275  3  0 9 2
296 240  3  1 11 3
333 221  3  2 13 4
350 260  3  3 5 0
388 287  3  4 15 6
373 332  3  5 17 7
326 332  3  6 8 0
290 353  3  7 19 9
271 316  3  8 10 1
235 262  3  9 21 11
269 210  3  10 12 2
325 182  3  11 23 13
374 223  3  12 14 3
409 246  3  13 25 15
428 283  3  14 16 5
426 324  3  15 26 17
403 359  3  16 18 6
366 378  3  17 28 19
325 376  3  18 20 8
260 380  3  19 29 21
232 324  3  20 22 10
242 181  3  21 30 23
387 185  3  22 24 12
439 219  3  23 31 25
467 275  3  24 26 14
464 337  3  25 27 16
430 389  3  26 31 28
374 417  3  27 29 18
312 414  3  28 30 20
275 528  3  29 31 22
509 308  3  30 27 24

 32
350 260  3  4 7 1
311 287  3  0 9 2
276 267  3  1 11 3
302 235  3  2 13 4
341 220  3  3 5 0
382 226  3  4 15 6
414 252  3  5 17 7
388 287  3  6 8 0
373 332  3  7 19 9
326 332  3  8 10 1
285 347  3  9 21 11
270 308  3  10 12 2
240 251  3  11 23 13
279 202  3  12 14 3
337 180  3  13 25 15
398 190  3  14 16 5
447 229  3  15 26 17
429 291  3  16 18 6
423 332  3  17 28 19
397 364  3  18 20 8
358 379  3  19 29 21
317 373  3  20 22 10
252 370  3  21 30 23
230 312  3  22 24 12
462 511  3  23 31 25
450 175  3  24 26 14
469 287  3  25 27 16
459 348  3  26 31 28
420 397  3  27 29 18
362 419  3  28 30 20
301 409  3  29 31 22
407 449  3  30 27 24

 32
341 220  3  4 7 1
350 260  3  0 9 2
311 287  3  1 11 3
276 267  3  2 13 4
302 235  3  3 5 0
279 202  3  4 15 6
337 180  3  5 17 7
382 226  3  6 8 0
414 252  3  7 19 9
388 287  3  8 10 1
373 332  3  9 21 11
326 332  3  10 12 2
285 347  3  11 23 13
270 308  3  12 14 3
230 312  3  13 25 15
240 251  3  14 16 5
292 150  3  15 26 17
398 190  3  16 18 6
447 229  3  17 28 19
429 291  3  18 20 8
423 332  3  19 29 21
397 364  3  20 22 10
358 379  3  21 30 23
317 373  3  22 24 12
301 409  3  23 31 25
252 370  3  24 26 14
155 441  3  25 27 16
474 400  3  26 31 28
469 287  3  27 29 18
459 348  3  28 30 20
420 397  3  29 31 22
362 419  3  30 27 24

 32
312 229  3  4 7 1
350 220  3  0 9 2
350 260  3  1 11 3
311 287  3  2 13 4
284 254  3  3 5 0
270 290  3  4 15 6
248 236  3  5 17 7
293 194  3  6 8 0
354 180  3  7 19 9
387 229  3  8 10 1
415 254  3  9 21 11
388 287  3  10 12 2
373 332  3  11 23 13
326 332  3  12 14 3
297 360  3  13 25 15
275 328  3  14 16 5
244 356  3  15 26 17
230 295  3  16 18 6
256 123  3  17 28 19
413 198  3  18 20 8
455 243  3  19 29 21
429 290  3  20 22 10
424 328  3  21 30 23
403 359  3  22 24 12
369 377  3  23 31 25
330 377  3  24 26 14
286 401  3  25 27 16
345 419  3  26 31 28
486 446  3  27 29 18
469 304  3  28 30 20
451 363  3  29 31 22
406 405  3  30 27 24

 32
345 220  3  4 7 1
383 227  3  0 9 2
413 250  3  1 11 3
384 280  3  2 13 4
350 260  3  3 5 0
315 280  3  4 15 6
282 257  3  5 17 7
308 231  3  6 8 0
327 182  3  7 19 9
394 188  3  8 10 1
447 229  3  9 21 11
428 286  3  10 12 2
426 324  3  11 23 13
384 320  3  12 14 3
350 340  3  13 25 15
315 320  3  14 16 5
276 332  3  15 26 17
270 294  3  16 18 6
233 270  3  17 28 19
266 213  3  18 20 8
421 113  3  19 29 21
469 293  3  20 22 10
453 360  3  21 30 23
406 356  3  22 24 12
373 376  3  23 31 25
334 378  3  24 26 14
300 363  3  25 27 16
276 394  3  26 31 28
236 339  3  27 29 18
275 485  3  28 30 20
404 406  3  29 31 22
339 419  3  30 27 24

 32
306 232  3  4 7 1
299 191  3  0 9 2
366 181  3  1 11 3
381 226  3  2 13 4
343 220  3  3 5 0
350 260  3  4 15 6
311 287  3  5 17 7
280 260  3  6 8 0
270 297  3  7 19 9
249 234  3  8 10 1
157 244  3  9 21 11
431 117  3  10 12 2
428 209  3  11 23 13
411 248  3  12 14 3
428 283  3  13 25 15
388 287  3  14 16 5
373 332  3  15 26 17
326 332  3  16 18 6
302 364  3  17 28 19
278 335  3  18 20 8
249 365  3  19 29 21
230 300  3  20 22 10
377 498  3  21 30 23
464 264  3  22 24 12
465 333  3  23 31 25
426 322  3  24 26 14
408 354  3  25 27 16
376 375  3  26 31 28
337 379  3  27 29 18
301 409  3  28 30 20
366 418  3  29 31 22
428 390  3  30 27 24

 32
355 220  3  4 7 1
320 225  3  0 9 2
324 141  3  1 11 3
407 150  3  2 13 4
390 230  3  3 5 0
415 254  3  4 15 6
384 280  3  5 17 7
350 260  3  6 8 0
315 280  3  7 19 9
291 245  3  8 10 1
273 276  3  9 21 11
249 175  3  10 12 2
200 242  3  11 23 13
474 199  3  12 14 3
508 274  3  13 25 15
429 287  3  14 16 5
426 323  3  15 26 17
384 320  3  16 18 6
350 340  3  17 28 19
315 320  3  18 20 8
284 345  3  19 29 21
270 312  3  20 22 10
225 400  3  21 30 23
191 325  3  22 24 12
450 424  3  23 31 25
499 357  3  24 26 14
408 354  3  25 27 16
379 374  3  26 31 28
344 379  3  27 29 18
310 369  3  28 30 20
292 449  3  29 31 22
375 458  3  30 27 24

 32
385 228  3  4 7 1
350 220  3  0 9 2
314 228  3  1 11 3
308 145  3  2 13 4
391 145  3  3 5 0
463 186  3  4 15 6
427 282  3  5 17 7
412 249  3  6 8 0
384 280  3  7 19 9
350 260  3  8 10 1
315 280  3  9 21 11
287 249  3  10 12 2
272 282  3  11 23 13
236 186  3  12 14 3
195 258  3  13 25 15
504 258  3  14 16 5
504 341  3  15 26 17
427 317  3  16 18 6
412 350  3  17 28 19
384 320  3  18 20 8
350 340  3  19 29 21
315 320  3  20 22 10
287 350  3  21 30 23
272 317  3  22 24 12
236 413  3  23 31 25
195 341  3  24 26 14
463 413  3  25 27 16
391 454  3  26 31 28
385 371  3  27 29 18
350 380  3  28 30 20
314 371  3  29 31 22
308 454  3  30 27 24

 32
391 145  3  4 7 1
385 228  3  0 9 2
350 220  3  1 11 3
314 228  3  2 13 4
308 145  3  3 5 0
236 186  3  4 15 6
504 258  3  5 17 7
463 186  3  6 8 0
427 282  3  7 19 9
412 249  3  8 10 1
384 280  3  9 21 11
350 260  3  10 12 2
315 280  3  11 23 13
287 249  3  12 14 3
272 282  3  13 25 15
195 258  3  14 16 5
195 341  3  15 26 17
504 341  3  16 18 6
463 413  3  17 28 19
427 317  3  18 20 8
412 350  3  19 29 21
384 320  3  20 22 10
350 340  3  21 30 23
315 320  3  22 24 12
287 350  3  23 31 25
272 317  3  24 26 14
236 413  3  25 27 16
308 454  3  26 31 28
391 454  3  27 29 18
385 371  3  28 30 20
350 380  3  29 31 22
314 371  3  30 27 24

 32
324 141  3  4 7 1
407 150  3  0 9 2
388 230  3  1 11 3
355 220  3  2 13 4
320 225  3  3 5 0
290 246  3  4 15 6
200 242  3  5 17 7
249 175  3  6 8 0
508 274  3  7 19 9
474 199  3  8 10 1
429 287  3  9 21 11
415 254  3  10 12 2
384 280  3  11 23 13
350 260  3  12 14 3
315 280  3  13 25 15
273 276  3  14 16 5
270 312  3  15 26 17
191 325  3  16 18 6
225 400  3  17 28 19
499 357  3  18 20 8
450 424  3  19 29 21
426 323  3  20 22 10
409 353  3  21 30 23
384 320  3  22 24 12
350 340  3  23 31 25
315 320  3  24 26 14
284 345  3  25 27 16
311 369  3  26 31 28
292 449  3  27 29 18
375 458  3  28 30 20
379 374  3  29 31 22
344 379  3  30 27 24

 32
337 180  3  4 7 1
402 192  3  0 9 2
452 238  3  1 11 3
405 242  3  2 13 4
373 223  3  3 5 0
334 221  3  4 15 6
299 237  3  5 17 7
274 206  3  6 8 0
235 262  3  7 19 9
437 120  3  8 10 1
448 368  3  9 21 11
469 304  3  10 12 2
428 313  3  11 23 13
426 275  3  12 14 3
388 287  3  13 25 15
350 260  3  14 16 5
311 287  3  15 26 17
276 267  3  16 18 6
270 305  3  17 28 19
233 329  3  18 20 8
178 403  3  19 29 21
475 455  3  20 22 10
396 410  3  21 30 23
413 348  3  22 24 12
383 372  3  23 31 25
373 332  3  24 26 14
326 332  3  25 27 16
310 369  3  26 31 28
282 342  3  27 29 18
268 387  3  28 30 20
329 418  3  29 31 22
345 379  3  30 27 24

 32
360 180  3  4 7 1
295 193  3  0 9 2
424 114  3  1 11 3
463 260  3  2 13 4
423 205  3  3 5 0
399 236  3  4 15 6
365 221  3  5 17 7
326 223  3  6 8 0
293 243  3  7 19 9
246 240  3  8 10 1
230 306  3  9 21 11
278 486  3  10 12 2
433 386  3  11 23 13
466 329  3  12 14 3
429 305  3  13 25 15
423 267  3  14 16 5
384 280  3  15 26 17
350 260  3  16 18 6
315 280  3  17 28 19
273 275  3  18 20 8
271 313  3  19 29 21
251 368  3  20 22 10
305 411  3  21 30 23
372 417  3  22 24 12
391 368  3  23 31 25
418 341  3  24 26 14
384 320  3  25 27 16
350 340  3  26 31 28
315 320  3  27 29 18
286 349  3  28 30 20
317 373  3  29 31 22
354 379  3  30 27 24

 32
366 181  3  4 7 1
305 188  3  0 9 2
255 226  3  1 11 3
325 101  3  2 13 4
423 205  3  3 5 0
461 255  3  4 15 6
411 248  3  5 17 7
379 225  3  6 8 0
343 220  3  7 19 9
306 232  3  8 10 1
280 261  3  9 21 11
231 283  3  10 12 2
238 344  3  11 23 13
322 498  3  12 14 3
444 373  3  13 25 15
468 316  3  14 16 5
427 320  3  15 26 17
428 283  3  16 18 6
388 287  3  17 28 19
350 260  3  18 20 8
311 287  3  19 29 21
270 297  3  20 22 10
278 335  3  21 30 23
276 394  3  22 24 12
333 418  3  23 31 25
394 411  3  24 26 14
408 354  3  25 27 16
376 375  3  26 31 28
373 332  3  27 29 18
326 332  3  28 30 20
302 364  3  29 31 22
338 379  3  30 27 24

 32
410 196  3  4 7 1
350 180  3  0 9 2
289 196  3  1 11 3
246 240  3  2 13 4
308 145  3  3 5 0
590 300  3  4 15 6
470 300  3  5 17 7
453 239  3  6 8 0
419 259  3  7 19 9
390 230  3  8 10 1
350 220  3  9 21 11
309 230  3  10 12 2
280 260  3  11 23 13
230 300  3  12 14 3
246 360  3  13 25 15
308 454  3  14 16 5
410 403  3  15 26 17
453 360  3  16 18 6
419 340  3  17 28 19
430 300  3  18 20 8
388 287  3  19 29 21
350 260  3  20 22 10
311 287  3  21 30 23
270 300  3  22 24 12
280 340  3  23 31 25
290 403  3  24 26 14
350 420  3  25 27 16
350 380  3  26 31 28
390 369  3  27 29 18
373 332  3  28 30 20
326 332  3  29 31 22
310 369  3  30 27 24

 32
391 145  3  4 7 1
453 239  3  0 9 2
410 196  3  1 11 3
350 180  3  2 13 4
289 196  3  3 5 0
246 240  3  4 15 6
195 341  3  5 17 7
383 62  3  6 8 0
453 360  3  7 19 9
470 300  3  8 10 1
419 259  3  9 21 11
390 230  3  10 12 2
350 220  3  11 23 13
309 230  3  12 14 3
280 260  3  13 25 15
230 300  3  14 16 5
246 360  3  15 26 17
290 403  3  16 18 6
350 420  3  17 28 19
410 403  3  18 20 8
419 340  3  19 29 21
430 300  3  20 22 10
388 287  3  21 30 23
350 260  3  22 24 12
311 287  3  23 31 25
270 300  3  24 26 14
280 340  3  25 27 16
310 369  3  26 31 28
350 380  3  27 29 18
390 369  3  28 30 20
373 332  3  29 31 22
326 332  3  30 27 24

 32
407 150  3  4 7 1
544 441  3  0 9 2
447 370  3  1 11 3
469 312  3  2 13 4
459 251  3  3 5 0
420 202  3  4 15 6
362 180  3  5 17 7
301 190  3  6 8 0
252 229  3  7 19 9
203 365  3  8 10 1
337 419  3  9 21 11
398 409  3  10 12 2
414 347  3  11 23 13
429 308  3  12 14 3
423 267  3  13 25 15
397 235  3  14 16 5
358 220  3  15 26 17
317 226  3  16 18 6
285 252  3  17 28 19
230 287  3  18 20 8
240 348  3  19 29 21
279 397  3  20 22 10
341 379  3  21 30 23
382 373  3  22 24 12
373 332  3  23 31 25
388 287  3  24 26 14
350 260  3  25 27 16
311 287  3  26 31 28
270 291  3  27 29 18
276 332  3  28 30 20
302 364  3  29 31 22
326 332  3  30 27 24

 32
153 261  3  4 7 1
253 474  3  0 9 2
486 446  3  1 11 3
531 215  3  2 13 4
325 101  3  3 5 0
308 187  3  4 15 6
254 227  3  5 17 7
230 291  3  6 8 0
244 356  3  7 19 9
291 404  3  8 10 1
358 419  3  9 21 11
422 395  3  10 12 2
462 343  3  11 23 13
467 275  3  12 14 3
434 215  3  13 25 15
374 182  3  14 16 5
322 224  3  15 26 17
286 251  3  16 18 6
270 293  3  17 28 19
279 337  3  18 20 8
311 369  3  19 29 21
355 379  3  20 22 10
397 364  3  21 30 23
424 328  3  22 24 12
428 283  3  23 31 25
406 243  3  24 26 14
367 222  3  25 27 16
350 260  3  26 31 28
311 287  3  27 29 18
326 332  3  28 30 20
373 332  3  29 31 22
388 287  3  30 27 24

 32
350 260  3  4 7 1
388 287  3  0 9 2
373 332  3  1 11 3
326 332  3  2 13 4
311 287  3  3 5 0
282 257  3  4 15 6
314 228  3  5 18 7
359 220  3  6 8 0
401 238  3  7 19 9
426 275  3  8 10 1
427 320  3  9 21 11
403 359  3  10 12 2
362 379  3  11 23 13
318 373  3  12 14 3
283 344  3  13 25 15
270 301  3  14 16 5
248 236  3  15 26 17
297 192  3  16 28 18
364 180  3  17 19 6
427 208  3  18 20 8
464 262  3  19 29 21
465 331  3  20 22 10
430 389  3  21 30 23
368 418  3  22 24 12
303 410  3  23 31 25
250 367  3  24 26 14
230 302  3  25 27 16
150 282  3  26 31 28
305 105  3  27 29 17
521 196  3  28 30 20
500 431  3  29 31 22
271 484  3  30 27 24

 32
311 287  3  4 7 1
271 283  3  0 9 2
290 246  3  1 11 3
325 223  3  2 13 4
350 260  3  3 5 0
388 287  3  4 15 6
373 332  3  5 18 7
326 332  3  6 8 0
296 359  3  7 19 9
273 324  3  8 10 1
235 337  3  9 21 11
232 275  3  10 12 2
260 219  3  11 23 13
366 221  3  12 14 3
403 240  3  13 25 15
426 275  3  14 16 5
428 316  3  15 26 17
409 353  3  16 28 18
374 376  3  17 19 6
333 378  3  18 20 8
325 417  3  19 29 21
269 389  3  20 22 10
193 266  3  21 30 23
312 185  3  22 24 12
374 182  3  23 31 25
430 210  3  24 26 14
464 262  3  25 27 16
467 324  3  26 31 28
439 380  3  27 29 17
387 414  3  28 30 20
424 528  3  29 31 22
484 212  3  30 27 24

 32
350 260  3  4 7 1
311 287  3  0 9 2
277 266  3  1 11 3
306 232  3  2 13 4
350 220  3  3 5 0
393 232  3  4 15 6
422 266  3  5 18 7
388 287  3  6 8 0
373 332  3  7 19 9
326 332  3  8 10 1
289 352  3  9 21 11
270 311  3  10 12 2
241 249  3  11 23 13
284 199  3  12 14 3
350 180  3  13 25 15
415 199  3  14 16 5
458 249  3  15 26 17
468 316  3  16 28 18
429 311  3  17 19 6
410 352  3  18 20 8
372 376  3  19 29 21
327 376  3  20 22 10
259 378  3  21 30 23
231 316  3  22 24 12
150 282  3  23 31 25
305 105  3  24 26 14
521 196  3  25 27 16
500 431  3  26 31 28
440 378  3  27 29 17
383 415  3  28 30 20
316 415  3  29 31 22
271 484  3  30 27 24

 32
341 220  3  4 7 1
350 260  3  0 9 2
311 287  3  1 11 3
276 267  3  2 13 4
302 235  3  3 5 0
279 202  3  4 15 6
337 180  3  5 18 7
382 226  3  6 8 0
414 252  3  7 19 9
388 287  3  8 10 1
373 332  3  9 21 11
326 332  3  10 12 2
285 347  3  11 23 13
270 308  3  12 14 3
230 312  3  13 25 15
240 251  3  14 16 5
333 140  3  15 26 17
447 229  3  16 28 18
398 190  3  17 19 6
429 291  3  18 20 8
423 332  3  19 29 21
397 364  3  20 22 10
358 379  3  21 30 23
317 373  3  22 24 12
301 409  3  23 31 25
252 370  3  24 26 14
155 441  3  25 27 16
474 400  3  26 31 28
469 287  3  27 29 17
459 348  3  28 30 20
420 397  3  29 31 22
362 419  3  30 27 24

 32
312 229  3  4 7 1
350 220  3  0 9 2
350 260  3  1 11 3
311 287  3  2 13 4
284 254  3  3 5 0
270 290  3  4 15 6
259 221  3  5 18 7
314 185  3  6 8 0
383 184  3  7 19 9
387 229  3  8 10 1
415 254  3  9 21 11
388 287  3  10 12 2
373 332  3  11 23 13
326 332  3  12 14 3
297 360  3  13 25 15
275 328  3  14 16 5
241 350  3  15 26 17
231 283  3  16 28 18
167 218  3  17 19 6
455 130  3  18 20 8
440 221  3  19 29 21
429 290  3  20 22 10
424 328  3  21 30 23
403 359  3  22 24 12
369 377  3  23 31 25
330 377  3  24 26 14
286 401  3  25 27 16
350 420  3  26 31 28
350 500  3  27 29 17
468 281  3  28 30 20
459 348  3  29 31 22
415 400  3  30 27 24

 32
355 220  3  4 7 1
390 230  3  0 9 2
415 254  3  1 11 3
384 280  3  2 13 4
350 260  3  3 5 0
315 280  3  4 15 6
291 245  3  5 18 7
320 225  3  6 8 0
349 140  3  7 19 9
430 161  3  8 10 1
488 219  3  9 21 11
429 287  3  10 12 2
426 323  3  11 23 13
384 320  3  12 14 3
350 340  3  13 25 15
315 320  3  14 16 5
284 345  3  15 26 17
270 312  3  16 28 18
273 276  3  17 19 6
269 161  3  18 20 8
211 220  3  19 29 21
510 300  3  20 22 10
488 380  3  21 30 23
408 354  3  22 24 12
379 374  3  23 31 25
344 379  3  24 26 14
310 369  3  25 27 16
270 438  3  26 31 28
211 380  3  27 29 17
190 300  3  28 30 20
430 438  3  29 31 22
350 460  3  30 27 24

 32
304 234  3  4 7 1
258 168  3  0 9 2
336 140  3  1 11 3
373 223  3  2 13 4
337 220  3  3 5 0
350 260  3  4 15 6
315 280  3  5 18 7
280 260  3  6 8 0
270 294  3  7 19 9
204 232  3  8 10 1
190 313  3  9 21 11
417 154  3  10 12 2
481 208  3  11 23 13
403 240  3  12 14 3
424 270  3  13 25 15
384 280  3  14 16 5
384 320  3  15 26 17
350 340  3  16 28 18
315 320  3  17 19 6
275 329  3  18 20 8
296 359  3  19 29 21
218 391  3  20 22 10
282 445  3  21 30 23
509 286  3  22 24 12
495 367  3  23 31 25
429 305  3  24 26 14
419 340  3  25 27 16
395 365  3  26 31 28
362 379  3  27 29 17
326 376  3  28 30 20
363 459  3  29 31 22
441 431  3  30 27 24

 32
350 220  3  4 7 1
312 229  3  0 9 2
314 185  3  1 11 3
383 184  3  2 13 4
387 229  3  3 5 0
415 254  3  4 15 6
388 287  3  5 18 7
350 260  3  6 8 0
311 287  3  7 19 9
284 254  3  8 10 1
270 290  3  9 21 11
259 221  3  10 12 2
167 218  3  11 23 13
455 130  3  12 14 3
440 221  3  13 25 15
429 290  3  14 16 5
424 328  3  15 26 17
403 359  3  16 28 18
373 332  3  17 19 6
326 332  3  18 20 8
297 360  3  19 29 21
275 328  3  20 22 10
241 350  3  21 30 23
231 283  3  22 24 12
350 500  3  23 31 25
468 281  3  24 26 14
459 348  3  25 27 16
415 400  3  26 31 28
369 377  3  27 29 17
330 377  3  28 30 20
286 401  3  29 31 22
350 420  3  30 27 24

 32
390 230  3  4 7 1
355 220  3  0 9 2
320 225  3  1 11 3
349 140  3  2 13 4
430 161  3  3 5 0
488 219  3  4 15 6
429 287  3  5 18 7
415 254  3  6 8 0
384 280  3  7 19 9
350 260  3  8 10 1
315 280  3  9 21 11
291 245  3  10 12 2
273 276  3  11 23 13
269 161  3  12 14 3
211 220  3  13 25 15
510 300  3  14 16 5
488 380  3  15 26 17
408 354  3  16 28 18
426 323  3  17 19 6
384 320  3  18 20 8
350 340  3  19 29 21
315 320  3  20 22 10
284 345  3  21 30 23
270 312  3  22 24 12
211 380  3  23 31 25
190 300  3  24 26 14
430 438  3  25 27 16
350 460  3  26 31 28
379 374  3  27 29 17
344 379  3  28 30 20
310 369  3  29 31 22
270 438  3  30 27 24

 32
417 154  3  4 7 1
385 228  3  0 9 2
350 220  3  1 11 3
314 228  3  2 13 4
336 140  3  3 5 0
258 168  3  4 15 6
509 286  3  5 18 7
481 208  3  6 8 0
427 282  3  7 19 9
412 249  3  8 10 1
384 280  3  9 21 11
350 260  3  10 12 2
315 280  3  11 23 13
287 249  3  12 14 3
272 282  3  13 25 15
204 232  3  14 16 5
190 313  3  15 26 17
441 431  3  16 28 18
495 367  3  17 19 6
427 317  3  18 20 8
412 350  3  19 29 21
384 320  3  20 22 10
350 340  3  21 30 23
315 320  3  22 24 12
287 350  3  23 31 25
272 317  3  24 26 14
218 391  3  25 27 16
282 445  3  26 31 28
363 459  3  27 29 17
385 371  3  28 30 20
350 380  3  29 31 22
314 371  3  30 27 24

 32
347 140  3  4 7 1
427 160  3  0 9 2
388 230  3  1 11 3
355 220  3  2 13 4
320 225  3  3 5 0
290 246  3  4 15 6
210 222  3  5 18 7
267 162  3  6 8 0
509 297  3  7 19 9
487 217  3  8 10 1
429 287  3  9 21 11
415 254  3  10 12 2
384 280  3  11 23 13
350 260  3  12 14 3
315 280  3  13 25 15
273 276  3  14 16 5
270 312  3  15 26 17
212 382  3  16 28 18
190 302  3  17 19 6
489 377  3  18 20 8
432 437  3  19 29 21
426 323  3  20 22 10
409 353  3  21 30 23
384 320  3  22 24 12
350 340  3  23 31 25
315 320  3  24 26 14
284 345  3  25 27 16
311 369  3  26 31 28
272 439  3  27 29 17
352 459  3  28 30 20
379 374  3  29 31 22
344 379  3  30 27 24

 32
356 180  3  4 7 1
420 202  3  0 9 2
462 256  3  1 11 3
411 248  3  2 13 4
379 225  3  3 5 0
343 220  3  4 15 6
306 232  3  5 18 7
291 195  3  6 8 0
244 243  3  7 19 9
467 138  3  8 10 1
436 383  3  9 21 11
467 324  3  10 12 2
427 320  3  11 23 13
428 283  3  12 14 3
388 287  3  13 25 15
350 260  3  14 16 5
311 287  3  15 26 17
270 297  3  16 28 18
280 261  3  17 19 6
230 310  3  18 20 8
163 371  3  19 29 21
450 473  3  20 22 10
376 416  3  21 30 23
408 354  3  22 24 12
376 375  3  23 31 25
373 332  3  24 26 14
326 332  3  25 27 16
302 364  3  26 31 28
278 335  3  27 29 17
254 372  3  28 30 20
308 412  3  29 31 22
338 379  3  30 27 24

 32
269 210  3  4 7 1
190 291  3  0 9 2
424 71  3  1 11 3
387 185  3  2 13 4
325 182  3  3 5 0
333 221  3  4 15 6
296 240  3  5 18 7
235 262  3  6 8 0
232 324  3  7 19 9
260 380  3  8 10 1
312 414  3  9 21 11
457 418  3  10 12 2
467 275  3  11 23 13
439 219  3  12 14 3
409 246  3  13 25 15
374 223  3  14 16 5
350 260  3  15 26 17
311 287  3  16 28 18
273 275  3  17 19 6
271 316  3  18 20 8
290 353  3  19 29 21
374 417  3  20 22 10
430 389  3  21 30 23
464 337  3  22 24 12
426 324  3  23 31 25
428 283  3  24 26 14
388 287  3  25 27 16
373 332  3  26 31 28
326 332  3  27 29 17
325 376  3  28 30 20
366 378  3  29 31 22
403 359  3  30 27 24

 32
427 160  3  4 7 1
347 140  3  0 9 2
267 162  3  1 11 3
509 297  3  2 13 4
487 217  3  3 5 0
429 287  3  4 15 6
415 254  3  5 18 7
388 230  3  6 8 0
355 220  3  7 19 9
320 225  3  8 10 1
290 246  3  9 21 11
210 222  3  10 12 2
190 302  3  11 23 13
489 377  3  12 14 3
432 437  3  13 25 15
426 323  3  14 16 5
409 353  3  15 26 17
384 320  3  16 28 18
384 280  3  17 19 6
350 260  3  18 20 8
315 280  3  19 29 21
273 276  3  20 22 10
270 312  3  21 30 23
212 382  3  22 24 12
272 439  3  23 31 25
352 459  3  24 26 14
379 374  3  25 27 16
344 379  3  26 31 28
350 340  3  27 29 17
315 320  3  28 30 20
284 345  3  29 31 22
311 369  3  30 27 24

 32
420 202  3  4 7 1
356 180  3  0 9 2
291 195  3  1 11 3
244 243  3  2 13 4
467 138  3  3 5 0
436 383  3  4 15 6
467 324  3  5 18 7
462 256  3  6 8 0
411 248  3  7 19 9
379 225  3  8 10 1
343 220  3  9 21 11
306 232  3  10 12 2
280 261  3  11 23 13
230 310  3  12 14 3
163 371  3  13 25 15
450 473  3  14 16 5
376 416  3  15 26 17
408 354  3  16 28 18
427 320  3  17 19 6
428 283  3  18 20 8
388 287  3  19 29 21
350 260  3  20 22 10
311 287  3  21 30 23
270 297  3  22 24 12
278 335  3  23 31 25
254 372  3  24 26 14
308 412  3  25 27 16
338 379  3  26 31 28
376 375  3  27 29 17
373 332  3  28 30 20
326 332  3  29 31 22
302 364  3  30 27 24

 32
308 145  3  4 7 1
410 196  3  0 9 2
350 180  3  1 11 3
289 196  3  2 13 4
246 240  3  3 5 0
230 300  3  4 15 6
270 438  3  5 18 7
590 300  3  6 8 0
470 300  3  7 19 9
453 239  3  8 10 1
419 259  3  9 21 11
390 230  3  10 12 2
350 220  3  11 23 13
309 230  3  12 14 3
280 260  3  13 25 15
246 360  3  14 16 5
290 403  3  15 26 17
350 420  3  16 28 18
410 403  3  17 19 6
453 360  3  18 20 8
419 340  3  19 29 21
430 300  3  20 22 10
388 287  3  21 30 23
350 260  3  22 24 12
311 287  3  23 31 25
270 300  3  24 26 14
280 340  3  25 27 16
310 369  3  26 31 28
350 380  3  27 29 17
390 369  3  28 30 20
373 332  3  29 31 22
326 332  3  30 27 24

 32
519 194  3  4 7 1
503 428  3  0 9 2
449 367  3  1 11 3
469 302  3  2 13 4
451 236  3  3 5 0
400 191  3  4 15 6
335 180  3  5 18 7
301 105  3  6 8 0
150 286  3  7 19 9
275 485  3  8 10 1
331 418  3  9 21 11
398 409  3  10 12 2
416 344  3  11 23 13
429 301  3  12 14 3
417 257  3  13 25 15
385 228  3  14 16 5
340 220  3  15 26 17
298 238  3  16 28 18
272 208  3  17 19 6
235 264  3  18 20 8
234 331  3  19 29 21
269 389  3  20 22 10
337 379  3  21 30 23
381 373  3  22 24 12
373 332  3  23 31 25
388 287  3  24 26 14
350 260  3  25 27 16
311 287  3  26 31 28
273 275  3  27 29 17
272 320  3  28 30 20
296 359  3  29 31 22
326 332  3  30 27 24

 32
150 282  3  4 7 1
271 484  3  0 9 2
500 431  3  1 11 3
521 196  3  2 13 4
305 105  3  3 5 0
297 192  3  4 15 6
248 236  3  5 18 7
230 302  3  6 8 0
250 367  3  7 19 9
303 410  3  8 10 1
368 418  3  9 21 11
430 389  3  10 12 2
465 331  3  11 23 13
464 262  3  12 14 3
427 208  3  13 25 15
364 180  3  14 16 5
314 228  3  15 26 17
282 257  3  16 28 18
270 301  3  17 19 6
283 344  3  18 20 8
318 373  3  19 29 21
362 379  3  20 22 10
403 359  3  21 30 23
427 320  3  22 24 12
426 275  3  23 31 25
401 238  3  24 26 14
359 220  3  25 27 16
350 260  3  26 31 28
311 287  3  27 29 17
326 332  3  28 30 20
373 332  3  29 31 22
388 287  3  30 27 24

 32
350 260  3  4 7 1
388 287  3  0 9 2
373 332  3  1 11 3
326 332  3  2 13 4
311 287  3  3 5 0
282 257  3  4 15 6
314 228  3  5 18 7
359 220  3  6 8 0
401 238  3  7 20 9
426 275  3  8 10 1
427 320  3  9 21 11
403 359  3  10 12 2
362 379  3  11 23 13
318 373  3  12 14 3
283 344  3  13 25 15
270 301  3  14 16 5
234 268  3  15 26 17
268 212  3  16 28 18
329 181  3  17 19 6
396 189  3  18 29 20
448 231  3  19 21 8
469 295  3  20 22 10
452 361  3  21 30 23
402 407  3  22 24 12
337 419  3  23 31 25
274 393  3  24 26 14
235 337  3  25 27 16
159 361  3  26 31 28
232 138  3  27 29 17
467 138  3  28 30 19
540 361  3  29 31 22
350 500  3  30 27 24

 32
311 287  3  4 7 1
273 275  3  0 9 2
293 243  3  1 11 3
326 223  3  2 13 4
350 260  3  3 5 0
388 287  3  4 15 6
373 332  3  5 18 7
326 332  3  6 8 0
286 349  3  7 20 9
271 313  3  8 10 1
230 297  3  9 21 11
249 234  3  10 12 2
301 190  3  11 23 13
365 221  3  12 14 3
399 236  3  13 25 15
423 267  3  14 16 5
429 305  3  15 26 17
418 341  3  16 28 18
391 368  3  17 19 6
354 379  3  18 29 20
317 373  3  19 21 8
248 363  3  20 22 10
218 450  3  21 30 23
322 101  3  22 24 12
368 181  3  23 31 25
428 209  3  24 26 14
465 266  3  25 27 16
464 335  3  26 31 28
427 391  3  27 29 17
366 418  3  28 30 19
299 408  3  29 31 22
541 358  3  30 27 24

 32
350 260  3  4 7 1
311 287  3  0 9 2
273 275  3  1 11 3
298 238  3  2 13 4
340 220  3  3 5 0
385 228  3  4 15 6
417 257  3  5 18 7
388 287  3  6 8 0
373 332  3  7 20 9
326 332  3  8 10 1
296 359  3  9 21 11
272 320  3  10 12 2
230 297  3  11 23 13
249 234  3  12 14 3
301 190  3  13 25 15
368 181  3  14 16 5
428 209  3  15 26 17
465 266  3  16 28 18
429 301  3  17 19 6
416 344  3  18 29 20
381 373  3  19 21 8
337 379  3  20 22 10
299 408  3  21 30 23
248 363  3  22 24 12
160 365  3  23 31 25
229 140  3  24 26 14
464 136  3  25 27 16
541 358  3  26 31 28
464 335  3  27 29 17
427 391  3  28 30 19
366 418  3  29 31 22
353 499  3  30 27 24

 32
350 220  3  4 7 1
350 260  3  0 9 2
311 287  3  1 11 3
277 266  3  2 13 4
306 232  3  3 5 0
314 185  3  4 15 6
383 184  3  5 18 7
393 232  3  6 8 0
422 266  3  7 20 9
388 287  3  8 10 1
373 332  3  9 21 11
326 332  3  10 12 2
289 352  3  11 23 13
270 311  3  12 14 3
231 283  3  13 25 15
258 222  3  14 16 5
229 140  3  15 26 17
464 136  3  16 28 18
439 219  3  17 19 6
468 281  3  18 29 20
429 311  3  19 21 8
410 352  3  20 22 10
372 376  3  21 30 23
327 376  3  22 24 12
286 401  3  23 31 25
241 350  3  24 26 14
160 365  3  25 27 16
353 499  3  26 31 28
541 358  3  27 29 17
459 348  3  28 30 19
415 400  3  29 31 22
352 419  3  30 27 24

 32
312 229  3  4 7 1
350 220  3  0 9 2
350 260  3  1 11 3
311 287  3  2 13 4
284 254  3  3 5 0
270 290  3  4 15 6
259 221  3  5 18 7
314 185  3  6 8 0
383 184  3  7 20 9
387 229  3  8 10 1
415 254  3  9 21 11
388 287  3  10 12 2
373 332  3  11 23 13
326 332  3  12 14 3
297 360  3  13 25 15
275 328  3  14 16 5
241 350  3  15 26 17
231 283  3  16 28 18
167 218  3  17 19 6
531 215  3  18 29 20
440 221  3  19 21 8
429 290  3  20 22 10
424 328  3  21 30 23
403 359  3  22 24 12
369 377  3  23 31 25
330 377  3  24 26 14
286 401  3  25 27 16
350 420  3  26 31 28
350 500  3  27 29 17
468 281  3  28 30 19
459 348  3  29 31 22
415 400  3  30 27 24

 32
355 220  3  4 7 1
390 230  3  0 9 2
415 254  3  1 11 3
384 280  3  2 13 4
350 260  3  3 5 0
315 280  3  4 15 6
291 245  3  5 18 7
320 225  3  6 8 0
349 140  3  7 20 9
430 161  3  8 10 1
488 219  3  9 21 11
429 287  3  10 12 2
426 323  3  11 23 13
384 320  3  12 14 3
350 340  3  13 25 15
315 320  3  14 16 5
284 345  3  15 26 17
270 312  3  16 28 18
273 276  3  17 19 6
211 220  3  18 29 20
269 161  3  19 21 8
510 300  3  20 22 10
488 380  3  21 30 23
408 354  3  22 24 12
379 374  3  23 31 25
344 379  3  24 26 14
310 369  3  25 27 16
270 438  3  26 31 28
211 380  3  27 29 17
190 300  3  28 30 19
430 438  3  29 31 22
350 460  3  30 27 24

 32
309 230  3  4 7 1
269 161  3  0 9 2
349 140  3  1 11 3
379 225  3  2 13 4
344 220  3  3 5 0
350 260  3  4 15 6
315 280  3  5 18 7
284 254  3  6 8 0
270 287  3  7 20 9
211 220  3  8 10 1
190 300  3  9 21 11
430 161  3  10 12 2
488 219  3  11 23 13
408 245  3  12 14 3
426 276  3  13 25 15
384 280  3  14 16 5
384 320  3  15 26 17
350 340  3  16 28 18
315 320  3  17 19 6
291 354  3  18 29 20
273 323  3  19 21 8
211 380  3  20 22 10
270 438  3  21 30 23
510 300  3  22 24 12
488 380  3  23 31 25
429 312  3  24 26 14
415 345  3  25 27 16
390 369  3  26 31 28
355 379  3  27 29 17
320 374  3  28 30 19
350 460  3  29 31 22
430 438  3  30 27 24

 32
344 220  3  4 7 1
309 230  3  0 9 2
269 161  3  1 11 3
349 140  3  2 13 4
379 225  3  3 5 0
408 245  3  4 15 6
384 280  3  5 18 7
350 260  3  6 8 0
315 280  3  7 20 9
284 254  3  8 10 1
270 287  3  9 21 11
211 220  3  10 12 2
190 300  3  11 23 13
430 161  3  12 14 3
488 219  3  13 25 15
426 276  3  14 16 5
429 312  3  15 26 17
415 345  3  16 28 18
384 320  3  17 19 6
350 340  3  18 29 20
315 320  3  19 21 8
273 323  3  20 22 10
291 354  3  21 30 23
211 380  3  22 24 12
270 438  3  23 31 25
510 300  3  24 26 14
488 380  3  25 27 16
430 438  3  26 31 28
390 369  3  27 29 17
355 379  3  28 30 19
320 374  3  29 31 22
350 460  3  30 27 24

 32
387 229  3  4 7 1
350 220  3  0 9 2
312 229  3  1 11 3
314 185  3  2 13 4
383 184  3  3 5 0
440 221  3  4 15 6
429 290  3  5 18 7
415 254  3  6 8 0
388 287  3  7 20 9
350 260  3  8 10 1
311 287  3  9 21 11
284 254  3  10 12 2
270 290  3  11 23 13
259 221  3  12 14 3
167 218  3  13 25 15
531 215  3  14 16 5
468 281  3  15 26 17
459 348  3  16 28 18
424 328  3  17 19 6
403 359  3  18 29 20
373 332  3  19 21 8
326 332  3  20 22 10
297 360  3  21 30 23
275 328  3  22 24 12
241 350  3  23 31 25
231 283  3  24 26 14
350 500  3  25 27 16
350 420  3  26 31 28
415 400  3  27 29 17
369 377  3  28 30 19
330 377  3  29 31 22
286 401  3  30 27 24

 32
430 161  3  4 7 1
390 230  3  0 9 2
355 220  3  1 11 3
320 225  3  2 13 4
349 140  3  3 5 0
269 161  3  4 15 6
510 300  3  5 18 7
488 219  3  6 8 0
429 287  3  7 20 9
415 254  3  8 10 1
384 280  3  9 21 11
350 260  3  10 12 2
315 280  3  11 23 13
291 245  3  12 14 3
273 276  3  13 25 15
211 220  3  14 16 5
190 300  3  15 26 17
430 438  3  16 28 18
488 380  3  17 19 6
408 354  3  18 29 20
426 323  3  19 21 8
384 320  3  20 22 10
350 340  3  21 30 23
315 320  3  22 24 12
284 345  3  23 31 25
270 312  3  24 26 14
211 380  3  25 27 16
270 438  3  26 31 28
350 460  3  27 29 17
379 374  3  28 30 19
344 379  3  29 31 22
310 369  3  30 27 24

 32
347 140  3  4 7 1
427 160  3  0 9 2
388 230  3  1 11 3
355 220  3  2 13 4
320 225  3  3 5 0
290 246  3  4 15 6
210 222  3  5 18 7
267 162  3  6 8 0
509 297  3  7 20 9
487 217  3  8 10 1
429 287  3  9 21 11
415 254  3  10 12 2
384 280  3  11 23 13
350 260  3  12 14 3
315 280  3  13 25 15
273 276  3  14 16 5
270 312  3  15 26 17
212 382  3  16 28 18
190 302  3  17 19 6
432 437  3  18 29 20
489 377  3  19 21 8
426 323  3  20 22 10
409 353  3  21 30 23
384 320  3  22 24 12
350 340  3  23 31 25
315 320  3  24 26 14
284 345  3  25 27 16
311 369  3  26 31 28
272 439  3  27 29 17
352 459  3  28 30 19
379 374  3  29 31 22
344 379  3  30 27 24

 32
356 180  3  4 7 1
420 202  3  0 9 2
462 256  3  1 11 3
411 248  3  2 13 4
379 225  3  3 5 0
343 220  3  4 15 6
306 232  3  5 18 7
291 195  3  6 8 0
244 243  3  7 20 9
467 138  3  8 10 1
436 383  3  9 21 11
467 324  3  10 12 2
427 320  3  11 23 13
428 283  3  12 14 3
388 287  3  13 25 15
350 260  3  14 16 5
311 287  3  15 26 17
270 297  3  16 28 18
280 261  3  17 19 6
230 310  3  18 29 20
153 261  3  19 21 8
450 473  3  20 22 10
376 416  3  21 30 23
408 354  3  22 24 12
376 375  3  23 31 25
373 332  3  24 26 14
326 332  3  25 27 16
302 364  3  26 31 28
278 335  3  27 29 17
254 372  3  28 30 19
308 412  3  29 31 22
338 379  3  30 27 24

 32
277 204  3  4 7 1
229 140  3  0 9 2
464 136  3  1 11 3
406 194  3  2 13 4
339 180  3  3 5 0
322 224  3  4 15 6
286 251  3  5 18 7
237 258  3  6 8 0
233 326  3  7 20 9
160 365  3  8 10 1
353 499  3  9 21 11
541 358  3  10 12 2
469 308  3  11 23 13
454 241  3  12 14 3
406 243  3  13 25 15
367 222  3  14 16 5
350 260  3  15 26 17
311 287  3  16 28 18
270 293  3  17 19 6
279 337  3  18 29 20
265 384  3  19 21 8
325 417  3  20 22 10
393 412  3  21 30 23
447 370  3  22 24 12
424 328  3  23 31 25
428 283  3  24 26 14
388 287  3  25 27 16
373 332  3  26 31 28
326 332  3  27 29 17
311 369  3  28 30 19
355 379  3  29 31 22
397 364  3  30 27 24

 32
343 180  3  4 7 1
279 202  3  0 9 2
526 206  3  1 11 3
455 243  3  2 13 4
408 195  3  3 5 0
393 232  3  4 15 6
358 220  3  5 18 7
320 225  3  6 8 0
288 248  3  7 20 9
237 256  3  8 10 1
232 322  3  9 21 11
263 383  3  10 12 2
253 474  3  11 23 13
545 258  3  12 14 3
469 310  3  13 25 15
419 261  3  14 16 5
429 298  3  15 26 17
388 287  3  16 28 18
350 260  3  17 19 6
311 287  3  18 29 20
272 282  3  19 21 8
272 320  3  20 22 10
291 354  3  21 30 23
323 416  3  22 24 12
391 412  3  23 31 25
444 373  3  24 26 14
421 335  3  25 27 16
397 364  3  26 31 28
373 332  3  27 29 17
326 332  3  28 30 19
323 375  3  29 31 22
361 379  3  30 27 24

 32
487 217  3  4 7 1
427 160  3  0 9 2
347 140  3  1 11 3
267 162  3  2 13 4
509 297  3  3 5 0
489 377  3  4 15 6
426 323  3  5 18 7
429 287  3  6 8 0
415 254  3  7 20 9
388 230  3  8 10 1
355 220  3  9 21 11
320 225  3  10 12 2
290 246  3  11 23 13
210 222  3  12 14 3
190 302  3  13 25 15
432 437  3  14 16 5
352 459  3  15 26 17
379 374  3  16 28 18
409 353  3  17 19 6
384 320  3  18 29 20
384 280  3  19 21 8
350 260  3  20 22 10
315 280  3  21 30 23
273 276  3  22 24 12
270 312  3  23 31 25
212 382  3  24 26 14
272 439  3  25 27 16
311 369  3  26 31 28
344 379  3  27 29 17
350 340  3  28 30 19
315 320  3  29 31 22
284 345  3  30 27 24

 32
467 138  3  4 7 1
420 202  3  0 9 2
356 180  3  1 11 3
291 195  3  2 13 4
244 243  3  3 5 0
153 261  3  4 15 6
450 473  3  5 18 7
436 383  3  6 8 0
467 324  3  7 20 9
462 256  3  8 10 1
411 248  3  9 21 11
379 225  3  10 12 2
343 220  3  11 23 13
306 232  3  12 14 3
280 261  3  13 25 15
230 310  3  14 16 5
254 372  3  15 26 17
308 412  3  16 28 18
376 416  3  17 19 6
408 354  3  18 29 20
427 320  3  19 21 8
428 283  3  20 22 10
388 287  3  21 30 23
350 260  3  22 24 12
311 287  3  23 31 25
270 297  3  24 26 14
278 335  3  25 27 16
302 364  3  26 31 28
338 379  3  27 29 17
376 375  3  28 30 19
373 332  3  29 31 22
326 332  3  30 27 24

 32
464 136  3  4 7 1
541 358  3  0 9 2
464 335  3  1 11 3
465 266  3  2 13 4
428 209  3  3 5 0
368 181  3  4 15 6
301 190  3  5 18 7
229 140  3  6 8 0
160 365  3  7 20 9
353 499  3  8 10 1
366 418  3  9 21 11
427 391  3  10 12 2
416 344  3  11 23 13
429 301  3  12 14 3
417 257  3  13 25 15
385 228  3  14 16 5
340 220  3  15 26 17
298 238  3  16 28 18
249 234  3  17 19 6
230 297  3  18 29 20
248 363  3  19 21 8
299 408  3  20 22 10
337 379  3  21 30 23
381 373  3  22 24 12
373 332  3  23 31 25
388 287  3  24 26 14
350 260  3  25 27 16
311 287  3  26 31 28
273 275  3  27 29 17
272 320  3  28 30 19
296 359  3  29 31 22
326 332  3  30 27 24

 32
160 365  3  4 7 1
353 499  3  0 9 2
541 358  3  1 11 3
464 136  3  2 13 4
229 140  3  3 5 0
258 222  3  4 15 6
231 283  3  5 18 7
241 350  3  6 8 0
286 401  3  7 20 9
352 419  3  8 10 1
415 400  3  9 21 11
459 348  3  10 12 2
468 281  3  11 23 13
439 219  3  12 14 3
383 184  3  13 25 15
314 185  3  14 16 5
306 232  3  15 26 17
277 266  3  16 28 18
270 311  3  17 19 6
289 352  3  18 29 20
327 376  3  19 21 8
372 376  3  20 22 10
410 352  3  21 30 23
429 311  3  22 24 12
422 266  3  23 31 25
393 232  3  24 26 14
350 220  3  25 27 16
350 260  3  26 31 28
311 287  3  27 29 17
326 332  3  28 30 19
373 332  3  29 31 22
388 287  3  30 27 24

 32
350 260  3  4 7 1
388 287  3  0 9 2
373 332  3  1 11 3
326 332  3  2 14 4
311 287  3  3 5 0
285 252  3  4 16 6
317 226  3  5 18 7
358 220  3  6 8 0
397 235  3  7 20 9
423 267  3  8 10 1
429 308  3  9 22 11
414 347  3  10 12 2
382 373  3  11 23 13
341 379  3  12 25 14
302 364  3  13 15 3
276 332  3  14 26 16
270 291  3  15 17 5
252 229  3  16 28 18
301 190  3  17 19 6
362 180  3  18 29 20
420 202  3  19 21 8
459 251  3  20 30 22
469 312  3  21 23 10
447 370  3  22 24 12
398 409  3  23 31 25
337 419  3  24 26 13
279 397  3  25 27 15
240 348  3  26 31 28
230 287  3  27 29 17
249 175  3  28 30 19
177 133  3  29 31 21
292 449  3  30 27 24

 32
311 287  3  4 7 1
273 275  3  0 9 2
296 240  3  1 11 3
333 221  3  2 14 4
350 260  3  3 5 0
388 287  3  4 16 6
373 332  3  5 18 7
326 332  3  6 8 0
290 353  3  7 20 9
271 316  3  8 10 1
232 324  3  9 22 11
235 262  3  10 12 2
269 210  3  11 23 13
325 182  3  12 25 14
374 223  3  13 15 3
409 246  3  14 26 16
428 283  3  15 17 5
426 324  3  16 28 18
403 359  3  17 19 6
366 378  3  18 29 20
325 376  3  19 21 8
312 414  3  20 30 22
260 380  3  21 23 10
190 291  3  22 24 12
424 71  3  23 31 25
387 185  3  24 26 13
439 219  3  25 27 15
467 275  3  26 31 28
464 337  3  27 29 17
430 389  3  28 30 19
374 417  3  29 31 21
484 387  3  30 27 24

 32
350 260  3  4 7 1
311 287  3  0 9 2
276 267  3  1 11 3
302 235  3  2 14 4
341 220  3  3 5 0
382 226  3  4 16 6
414 252  3  5 18 7
388 287  3  6 8 0
373 332  3  7 20 9
326 332  3  8 10 1
285 347  3  9 22 11
270 308  3  10 12 2
230 312  3  11 23 13
240 251  3  12 25 14
279 202  3  13 15 3
337 180  3  14 26 16
398 190  3  15 17 5
447 229  3  16 28 18
429 291  3  17 19 6
423 332  3  18 29 20
397 364  3  19 21 8
358 379  3  20 30 22
317 373  3  21 23 10
252 370  3  22 24 12
301 409  3  23 31 25
200 357  3  24 26 13
138 412  3  25 27 15
474 400  3  26 31 28
469 287  3  27 29 17
459 348  3  28 30 19
420 397  3  29 31 21
362 419  3  30 27 24

 32
350 220  3  4 7 1
350 260  3  0 9 2
311 287  3  1 11 3
280 260  3  2 14 4
309 230  3  3 5 0
289 196  3  4 16 6
350 180  3  5 18 7
390 230  3  6 8 0
419 259  3  7 20 9
388 287  3  8 10 1
373 332  3  9 22 11
326 332  3  10 12 2
310 369  3  11 23 13
280 340  3  12 25 14
270 300  3  13 15 3
230 300  3  14 26 16
246 240  3  15 17 5
308 145  3  16 28 18
410 196  3  17 19 6
453 239  3  18 29 20
430 300  3  19 21 8
419 340  3  20 30 22
390 369  3  21 23 10
350 380  3  22 24 12
350 420  3  23 31 25
290 403  3  24 26 13
246 360  3  25 27 15
308 454  3  26 31 28
590 300  3  27 29 17
470 300  3  28 30 19
453 360  3  29 31 21
410 403  3  30 27 24

 32
321 225  3  4 7 1
359 220  3  0 9 2
350 260  3  1 11 3
315 280  3  2 14 4
290 246  3  3 5 0
272 280  3  4 16 6
256 224  3  5 18 7
310 186  3  6 8 0
379 183  3  7 20 9
395 234  3  8 10 1
420 262  3  9 22 11
384 280  3  10 12 2
384 320  3  11 23 13
350 340  3  12 25 14
315 320  3  13 15 3
290 353  3  14 26 16
272 319  3  15 17 5
243 354  3  16 28 18
230 287  3  17 19 6
284 110  3  18 29 20
437 218  3  19 21 8
467 277  3  20 30 22
430 300  3  21 23 10
420 337  3  22 24 12
395 365  3  23 31 25
359 379  3  24 26 13
321 374  3  25 27 15
354 419  3  26 31 28
290 403  3  27 29 17
415 489  3  28 30 19
461 344  3  29 31 21
418 398  3  30 27 24

 32
344 220  3  4 7 1
379 225  3  0 9 2
408 245  3  1 11 3
384 280  3  2 14 4
350 260  3  3 5 0
315 280  3  4 16 6
284 254  3  5 18 7
309 230  3  6 8 0
320 183  3  7 20 9
389 186  3  8 10 1
443 224  3  9 22 11
426 276  3  10 12 2
429 312  3  11 23 13
415 345  3  12 25 14
384 320  3  13 15 3
350 340  3  14 26 16
315 320  3  15 17 5
273 323  3  16 28 18
270 287  3  17 19 6
232 277  3  18 29 20
262 218  3  19 21 8
548 279  3  20 30 22
469 287  3  21 23 10
456 354  3  22 24 12
410 403  3  23 31 25
390 369  3  24 26 13
355 379  3  25 27 15
320 374  3  26 31 28
291 354  3  27 29 17
238 344  3  28 30 19
281 398  3  29 31 21
345 419  3  30 27 24

 32
299 237  3  4 7 1
268 212  3  0 9 2
329 181  3  1 11 3
373 223  3  2 14 4
334 221  3  3 5 0
350 260  3  4 16 6
311 287  3  5 18 7
276 267  3  6 8 0
270 305  3  7 20 9
234 268  3  8 10 1
150 306  3  9 22 11
370 101  3  10 12 2
396 189  3  11 23 13
448 231  3  12 25 14
405 242  3  13 15 3
426 275  3  14 26 16
388 287  3  15 17 5
373 332  3  16 28 18
326 332  3  17 19 6
310 369  3  18 29 20
282 342  3  19 21 8
274 393  3  20 30 22
235 337  3  21 23 10
521 403  3  22 24 12
452 361  3  23 31 25
469 295  3  24 26 13
428 313  3  25 27 15
413 348  3  26 31 28
383 372  3  27 29 17
345 379  3  28 30 19
337 419  3  29 31 21
402 407  3  30 27 24

 32
359 220  3  4 7 1
321 225  3  0 9 2
310 186  3  1 11 3
379 183  3  2 14 4
395 234  3  3 5 0
420 262  3  4 16 6
384 280  3  5 18 7
350 260  3  6 8 0
315 280  3  7 20 9
290 246  3  8 10 1
272 280  3  9 22 11
256 224  3  10 12 2
230 287  3  11 23 13
284 110  3  12 25 14
437 218  3  13 15 3
467 277  3  14 26 16
430 300  3  15 17 5
420 337  3  16 28 18
384 320  3  17 19 6
350 340  3  18 29 20
315 320  3  19 21 8
290 353  3  20 30 22
272 319  3  21 23 10
243 354  3  22 24 12
290 403  3  23 31 25
415 489  3  24 26 13
461 344  3  25 27 15
418 398  3  26 31 28
395 365  3  27 29 17
359 379  3  28 30 19
321 374  3  29 31 21
354 419  3  30 27 24

 32
379 225  3  4 7 1
344 220  3  0 9 2
309 230  3  1 11 3
320 183  3  2 14 4
389 186  3  3 5 0
443 224  3  4 16 6
426 276  3  5 18 7
408 245  3  6 8 0
384 280  3  7 20 9
350 260  3  8 10 1
315 280  3  9 22 11
284 254  3  10 12 2
270 287  3  11 23 13
232 277  3  12 25 14
262 218  3  13 15 3
548 279  3  14 26 16
469 287  3  15 17 5
456 354  3  16 28 18
429 312  3  17 19 6
415 345  3  18 29 20
384 320  3  19 21 8
350 340  3  20 30 22
315 320  3  21 23 10
273 323  3  22 24 12
291 354  3  23 31 25
238 344  3  24 26 13
281 398  3  25 27 15
345 419  3  26 31 28
410 403  3  27 29 17
390 369  3  28 30 19
355 379  3  29 31 21
320 374  3  30 27 24

 32
408 195  3  4 7 1
393 232  3  0 9 2
358 220  3  1 11 3
320 225  3  2 14 4
343 180  3  3 5 0
281 112  3  4 16 6
545 258  3  5 18 7
455 243  3  6 8 0
429 298  3  7 20 9
419 261  3  8 10 1
388 287  3  9 22 11
350 260  3  10 12 2
311 287  3  11 23 13
272 282  3  12 25 14
288 248  3  13 15 3
237 256  3  14 26 16
279 202  3  15 17 5
549 317  3  16 28 18
469 310  3  17 19 6
444 373  3  18 29 20
421 335  3  19 21 8
397 364  3  20 30 22
373 332  3  21 23 10
326 332  3  22 24 12
291 354  3  23 31 25
272 320  3  24 26 13
232 322  3  25 27 15
263 383  3  26 31 28
323 416  3  27 29 17
391 412  3  28 30 19
361 379  3  29 31 21
323 375  3  30 27 24

 32
301 190  3  4 7 1
362 180  3  0 9 2
317 226  3  1 11 3
285 252  3  2 14 4
252 229  3  3 5 0
230 287  3  4 16 6
111 274  3  5 18 7
407 150  3  6 8 0
459 251  3  7 20 9
420 202  3  8 10 1
397 235  3  9 22 11
358 220  3  10 12 2
350 260  3  11 23 13
311 287  3  12 25 14
270 291  3  13 15 3
276 332  3  14 26 16
240 348  3  15 17 5
279 397  3  16 28 18
375 458  3  17 19 6
447 370  3  18 29 20
469 312  3  19 21 8
429 308  3  20 30 22
423 267  3  21 23 10
388 287  3  22 24 12
373 332  3  23 31 25
326 332  3  24 26 13
302 364  3  25 27 15
341 379  3  26 31 28
337 419  3  27 29 17
398 409  3  28 30 19
414 347  3  29 31 21
382 373  3  30 27 24

 32
337 180  3  4 7 1
398 190  3  0 9 2
393 232  3  1 11 3
358 220  3  2 14 4
320 225  3  3 5 0
288 248  3  4 16 6
240 251  3  5 18 7
279 202  3  6 8 0
381 102  3  7 20 9
447 229  3  8 10 1
469 287  3  9 22 11
419 261  3  10 12 2
429 298  3  11 23 13
388 287  3  12 25 14
350 260  3  13 15 3
311 287  3  14 26 16
272 282  3  15 17 5
272 320  3  16 28 18
230 312  3  17 19 6
252 370  3  18 29 20
318 497  3  19 21 8
420 397  3  20 30 22
459 348  3  21 23 10
421 335  3  22 24 12
397 364  3  23 31 25
373 332  3  24 26 13
326 332  3  25 27 15
323 375  3  26 31 28
291 354  3  27 29 17
301 409  3  28 30 19
362 419  3  29 31 21
361 379  3  30 27 24

 32
331 181  3  4 7 1
396 189  3  0 9 2
449 232  3  1 11 3
404 241  3  2 14 4
372 223  3  3 5 0
333 221  3  4 16 6
298 238  3  5 18 7
269 210  3  6 8 0
234 268  3  7 20 9
262 120  3  8 10 1
483 448  3  9 22 11
469 297  3  10 12 2
451 363  3  11 23 13
429 312  3  12 25 14
425 273  3  13 15 3
384 280  3  14 26 16
350 260  3  15 17 5
315 280  3  16 28 18
276 268  3  17 19 6
270 306  3  18 29 20
235 335  3  19 21 8
272 391  3  20 30 22
335 419  3  21 23 10
402 407  3  22 24 12
385 371  3  23 31 25
414 347  3  24 26 13
384 320  3  25 27 15
350 340  3  26 31 28
315 320  3  27 29 17
282 343  3  28 30 19
311 369  3  29 31 21
347 379  3  30 27 24

 32
362 180  3  4 7 1
301 190  3  0 9 2
407 150  3  1 11 3
459 251  3  2 14 4
420 202  3  3 5 0
397 235  3  4 16 6
358 220  3  5 18 7
317 226  3  6 8 0
285 252  3  7 20 9
252 229  3  8 10 1
230 287  3  9 22 11
111 274  3  10 12 2
375 458  3  11 23 13
447 370  3  12 25 14
469 312  3  13 15 3
429 308  3  14 26 16
423 267  3  15 17 5
388 287  3  16 28 18
350 260  3  17 19 6
311 287  3  18 29 20
270 291  3  19 21 8
276 332  3  20 30 22
240 348  3  21 23 10
279 397  3  22 24 12
337 419  3  23 31 25
398 409  3  24 26 13
414 347  3  25 27 15
382 373  3  26 31 28
373 332  3  27 29 17
326 332  3  28 30 19
302 364  3  29 31 21
341 379  3  30 27 24

 32
398 190  3  4 7 1
337 180  3  0 9 2
279 202  3  1 11 3
381 102  3  2 14 4
447 229  3  3 5 0
469 287  3  4 16 6
419 261  3  5 18 7
393 232  3  6 8 0
358 220  3  7 20 9
320 225  3  8 10 1
288 248  3  9 22 11
240 251  3  10 12 2
230 312  3  11 23 13
252 370  3  12 25 14
318 497  3  13 15 3
420 397  3  14 26 16
459 348  3  15 17 5
421 335  3  16 28 18
429 298  3  17 19 6
388 287  3  18 29 20
350 260  3  19 21 8
311 287  3  20 30 22
272 282  3  21 23 10
272 320  3  22 24 12
291 354  3  23 31 25
301 409  3  24 26 13
362 419  3  25 27 15
361 379  3  26 31 28
397 364  3  27 29 17
373 332  3  28 30 19
326 332  3  29 31 21
323 375  3  30 27 24

 32
469 285  3  4 7 1
441 222  3  0 9 2
387 185  3  1 11 3
318 184  3  2 14 4
461 134  3  3 5 0
288 490  3  4 16 6
411 402  3  5 18 7
457 352  3  6 8 0
427 319  3  7 20 9
427 280  3  8 10 1
409 246  3  9 22 11
378 225  3  10 12 2
340 220  3  11 23 13
304 234  3  12 25 14
260 219  3  13 15 3
231 279  3  14 26 16
239 346  3  15 17 5
282 399  3  16 28 18
347 419  3  17 19 6
378 374  3  18 29 20
410 352  3  19 21 8
384 320  3  20 30 22
384 280  3  21 23 10
350 260  3  22 24 12
315 280  3  23 31 25
279 262  3  24 26 13
270 300  3  25 27 15
279 337  3  26 31 28
305 366  3  27 29 17
340 379  3  28 30 19
350 340  3  29 31 21
315 320  3  30 27 24

 32
370 60  3  4 7 1
492 372  3  0 9 2
464 262  3  1 11 3
430 210  3  2 14 4
374 182  3  3 5 0
312 185  3  4 16 6
260 219  3  5 18 7
197 349  3  6 8 0
325 417  3  7 20 9
387 414  3  8 10 1
439 380  3  9 22 11
467 324  3  10 12 2
428 316  3  11 23 13
426 275  3  12 25 14
403 240  3  13 15 3
366 221  3  14 26 16
325 223  3  15 17 5
290 246  3  16 28 18
232 275  3  17 19 6
235 337  3  18 29 20
269 389  3  19 21 8
333 378  3  20 30 22
374 376  3  21 23 10
409 353  3  22 24 12
373 332  3  23 31 25
388 287  3  24 26 13
350 260  3  25 27 15
311 287  3  26 31 28
271 283  3  27 29 17
273 324  3  28 30 19
296 359  3  29 31 21
326 332  3  30 27 24

 32
191 325  3  4 7 1
473 505  3  0 9 2
444 170  3  1 11 3
301 190  3  2 14 4
252 229  3  3 5 0
230 287  3  4 16 6
240 348  3  5 18 7
279 397  3  6 8 0
337 419  3  7 20 9
398 409  3  8 10 1
447 370  3  9 22 11
469 312  3  10 12 2
459 251  3  11 23 13
420 202  3  12 25 14
362 180  3  13 15 3
317 226  3  14 26 16
285 252  3  15 17 5
270 291  3  16 28 18
276 332  3  17 19 6
302 364  3  18 29 20
341 379  3  19 21 8
382 373  3  20 30 22
414 347  3  21 23 10
429 308  3  22 24 12
423 267  3  23 31 25
397 235  3  24 26 13
358 220  3  25 27 15
350 260  3  26 31 28
311 287  3  27 29 17
326 332  3  28 30 19
373 332  3  29 31 21
388 287  3  30 27 24

 32
350 260  3  4 7 1
388 287  3  0 9 2
373 332  3  1 11 3
326 332  3  2 14 4
311 287  3  3 5 0
285 252  3  4 16 6
317 226  3  5 18 7
358 220  3  6 8 0
397 235  3  7 20 9
423 267  3  8 10 1
429 308  3  9 22 11
414 347  3  10 12 2
382 373  3  11 23 13
341 379  3  12 25 14
302 364  3  13 15 3
276 332  3  14 27 16
270 291  3  15 17 5
252 229  3  16 28 18
301 190  3  17 19 6
362 180  3  18 29 20
420 202  3  19 21 8
459 251  3  20 31 22
469 312  3  21 23 10
447 370  3  22 24 12
398 409  3  23 31 25
337 419  3  24 26 13
279 397  3  25 30 27
240 348  3  26 28 15
230 287  3  27 29 17
249 175  3  28 30 19
208 494  3  29 26 31
499 357  3  30 24 21

 32
311 287  3  4 7 1
273 275  3  0 9 2
296 240  3  1 11 3
333 221  3  2 14 4
350 260  3  3 5 0
388 287  3  4 16 6
373 332  3  5 18 7
326 332  3  6 8 0
290 353  3  7 20 9
271 316  3  8 10 1
230 295  3  9 22 11
250 232  3  10 12 2
303 189  3  11 23 13
370 181  3  12 25 14
374 223  3  13 15 3
409 246  3  14 27 16
428 283  3  15 17 5
426 324  3  16 28 18
403 359  3  17 19 6
366 378  3  18 29 20
325 376  3  19 21 8
297 407  3  20 31 22
247 361  3  21 23 10
159 238  3  22 24 12
541 358  3  23 31 25
430 210  3  24 26 13
519 194  3  25 30 27
465 268  3  26 28 15
464 337  3  27 29 17
425 393  3  28 30 19
428 484  3  29 26 31
364 419  3  30 24 21

 32
350 260  3  4 7 1
311 287  3  0 9 2
276 267  3  1 11 3
302 235  3  2 14 4
341 220  3  3 5 0
382 226  3  4 16 6
414 252  3  5 18 7
388 287  3  6 8 0
373 332  3  7 20 9
326 332  3  8 10 1
285 347  3  9 22 11
270 308  3  10 12 2
230 312  3  11 23 13
240 251  3  12 25 14
279 202  3  13 15 3
337 180  3  14 27 16
398 190  3  15 17 5
447 229  3  16 28 18
429 291  3  17 19 6
423 332  3  18 29 20
397 364  3  19 21 8
358 379  3  20 31 22
317 373  3  21 23 10
252 370  3  22 24 12
301 409  3  23 31 25
200 357  3  24 26 13
491 494  3  25 30 27
450 175  3  26 28 15
469 287  3  27 29 17
459 348  3  28 30 19
420 397  3  29 26 31
362 419  3  30 24 21

 32
350 220  3  4 7 1
350 260  3  0 9 2
311 287  3  1 11 3
280 260  3  2 14 4
309 230  3  3 5 0
316 184  3  4 16 6
385 185  3  5 18 7
390 230  3  6 8 0
419 259  3  7 20 9
388 287  3  8 10 1
373 332  3  9 22 11
326 332  3  10 12 2
310 369  3  11 23 13
280 340  3  12 25 14
270 300  3  13 15 3
231 281  3  14 27 16
259 221  3  15 17 5
349 100  3  16 28 18
440 221  3  17 19 6
468 283  3  18 29 20
430 300  3  19 21 8
419 340  3  20 31 22
390 369  3  21 23 10
350 380  3  22 24 12
350 420  3  23 31 25
284 400  3  24 26 13
199 431  3  25 30 27
240 348  3  26 28 15
350 500  3  27 29 17
458 350  3  28 30 19
500 431  3  29 26 31
413 401  3  30 24 21

 32
326 223  3  4 7 1
362 220  3  0 9 2
350 260  3  1 11 3
315 280  3  2 14 4
296 240  3  3 5 0
275 270  3  4 16 6
276 205  3  5 18 7
337 180  3  6 8 0
404 193  3  7 20 9
395 234  3  8 10 1
419 259  3  9 22 11
384 280  3  10 12 2
384 320  3  11 23 13
350 340  3  12 25 14
315 320  3  13 15 3
280 340  3  14 27 16
270 305  3  15 17 5
233 329  3  16 28 18
236 260  3  17 19 6
311 496  3  18 29 20
453 239  3  19 21 8
469 304  3  20 31 22
429 294  3  21 23 10
424 329  3  22 24 12
403 359  3  23 31 25
373 376  3  24 26 13
337 379  3  25 30 27
304 365  3  26 28 15
268 387  3  27 29 17
327 417  3  28 30 19
394 411  3  29 26 31
448 368  3  30 24 21

 32
337 220  3  4 7 1
373 223  3  0 9 2
403 240  3  1 11 3
384 280  3  2 14 4
350 260  3  3 5 0
315 280  3  4 16 6
280 260  3  5 18 7
304 234  3  6 8 0
293 194  3  7 20 9
360 180  3  8 10 1
422 204  3  9 22 11
424 270  3  10 12 2
429 305  3  11 23 13
419 340  3  12 25 14
384 320  3  13 15 3
350 340  3  14 27 16
315 320  3  15 17 5
275 329  3  16 28 18
270 294  3  17 19 6
230 306  3  18 29 20
245 241  3  19 21 8
537 231  3  20 31 22
462 258  3  21 23 10
466 326  3  22 24 12
433 386  3  23 31 25
395 365  3  24 26 13
362 379  3  25 30 27
326 376  3  26 28 15
296 359  3  27 29 17
252 370  3  28 30 19
306 412  3  29 26 31
374 417  3  30 24 21

 32
302 235  3  4 7 1
279 202  3  0 9 2
343 180  3  1 11 3
382 226  3  2 14 4
341 220  3  3 5 0
350 260  3  4 16 6
311 287  3  5 18 7
276 267  3  6 8 0
270 308  3  7 20 9
238 255  3  8 10 1
150 282  3  9 22 11
394 105  3  10 12 2
410 196  3  11 23 13
455 243  3  12 25 14
414 252  3  13 15 3
429 291  3  14 27 16
388 287  3  15 17 5
373 332  3  16 28 18
326 332  3  17 19 6
317 373  3  18 29 20
285 347  3  19 21 8
263 383  3  20 31 22
232 322  3  21 23 10
232 138  3  22 24 12
467 461  3  23 31 25
469 310  3  24 26 13
444 373  3  25 30 27
423 332  3  26 28 15
397 364  3  27 29 17
358 379  3  28 30 19
389 413  3  29 26 31
323 416  3  30 24 21

 32
362 220  3  4 7 1
326 223  3  0 9 2
337 180  3  1 11 3
404 193  3  2 14 4
395 234  3  3 5 0
419 259  3  4 16 6
384 280  3  5 18 7
350 260  3  6 8 0
315 280  3  7 20 9
296 240  3  8 10 1
275 270  3  9 22 11
276 205  3  10 12 2
236 260  3  11 23 13
311 496  3  12 25 14
453 239  3  13 15 3
469 304  3  14 27 16
429 294  3  15 17 5
424 329  3  16 28 18
384 320  3  17 19 6
350 340  3  18 29 20
315 320  3  19 21 8
280 340  3  20 31 22
270 305  3  21 23 10
233 329  3  22 24 12
268 387  3  23 31 25
327 417  3  24 26 13
394 411  3  25 30 27
448 368  3  26 28 15
403 359  3  27 29 17
373 376  3  28 30 19
337 379  3  29 26 31
304 365  3  30 24 21

 32
373 223  3  4 7 1
337 220  3  0 9 2
304 234  3  1 11 3
293 194  3  2 14 4
360 180  3  3 5 0
422 204  3  4 16 6
424 270  3  5 18 7
403 240  3  6 8 0
384 280  3  7 20 9
350 260  3  8 10 1
315 280  3  9 22 11
280 260  3  10 12 2
270 294  3  11 23 13
230 306  3  12 25 14
245 241  3  13 15 3
537 231  3  14 27 16
462 258  3  15 17 5
466 326  3  16 28 18
429 305  3  17 19 6
419 340  3  18 29 20
384 320  3  19 21 8
350 340  3  20 31 22
315 320  3  21 23 10
275 329  3  22 24 12
296 359  3  23 31 25
252 370  3  24 26 13
306 412  3  25 30 27
374 417  3  26 28 15
433 386  3  27 29 17
395 365  3  28 30 19
362 379  3  29 26 31
326 376  3  30 24 21

 32
420 202  3  4 7 1
397 235  3  0 9 2
358 220  3  1 11 3
317 226  3  2 14 4
356 180  3  3 5 0
305 105  3  4 16 6
549 282  3  5 18 7
462 256  3  6 8 0
429 308  3  7 20 9
423 267  3  8 10 1
388 287  3  9 22 11
350 260  3  10 12 2
311 287  3  11 23 13
270 291  3  12 25 14
285 252  3  13 15 3
244 243  3  14 27 16
291 195  3  15 17 5
467 138  3  16 28 18
467 324  3  17 19 6
436 383  3  18 29 20
414 347  3  19 21 8
382 373  3  20 31 22
373 332  3  21 23 10
326 332  3  22 24 12
302 364  3  23 31 25
276 332  3  24 26 13
254 372  3  25 30 27
230 310  3  26 28 15
232 461  3  27 29 17
376 416  3  28 30 19
308 412  3  29 26 31
341 379  3  30 24 21

 32
325 182  3  4 7 1
387 185  3  0 9 2
333 221  3  1 11 3
296 240  3  2 14 4
269 210  3  3 5 0
235 262  3  4 16 6
121 225  3  5 18 7
437 165  3  6 8 0
467 275  3  7 20 9
439 219  3  8 10 1
409 246  3  9 22 11
374 223  3  10 12 2
350 260  3  11 23 13
311 287  3  12 25 14
273 275  3  13 15 3
271 316  3  14 27 16
232 324  3  15 17 5
260 380  3  16 28 18
341 459  3  17 19 6
430 389  3  18 29 20
464 337  3  19 21 8
426 324  3  20 31 22
428 283  3  21 23 10
388 287  3  22 24 12
373 332  3  23 31 25
326 332  3  24 26 13
325 376  3  25 30 27
290 353  3  26 28 15
312 414  3  27 29 17
374 417  3  28 30 19
366 378  3  29 26 31
403 359  3  30 24 21

 32
314 185  3  4 7 1
381 184  3  0 9 2
383 227  3  1 11 3
350 220  3  2 14 4
314 228  3  3 5 0
286 250  3  4 16 6
230 285  3  5 18 7
258 222  3  6 8 0
498 166  3  7 20 9
439 219  3  8 10 1
468 281  3  9 22 11
412 249  3  10 12 2
427 282  3  11 23 13
384 280  3  12 25 14
350 260  3  13 15 3
315 280  3  14 27 16
272 282  3  15 17 5
272 317  3  16 28 18
241 350  3  17 19 6
286 401  3  18 29 20
352 419  3  19 21 8
417 399  3  20 31 22
459 348  3  21 23 10
427 317  3  22 24 12
413 349  3  23 31 25
384 320  3  24 26 13
350 340  3  25 30 27
315 320  3  26 28 15
287 350  3  27 29 17
316 372  3  28 30 19
350 380  3  29 26 31
385 371  3  30 24 21

 32
312 185  3  4 7 1
374 182  3  0 9 2
430 210  3  1 11 3
403 240  3  2 14 4
366 221  3  3 5 0
325 223  3  4 16 6
290 246  3  5 18 7
260 219  3  6 8 0
232 275  3  7 20 9
262 165  3  8 10 1
578 225  3  9 22 11
464 262  3  10 12 2
467 324  3  11 23 13
428 316  3  12 25 14
426 275  3  13 15 3
388 287  3  14 27 16
350 260  3  15 17 5
311 287  3  16 28 18
271 283  3  17 19 6
273 324  3  18 29 20
235 337  3  19 21 8
269 389  3  20 31 22
358 459  3  21 23 10
439 380  3  22 24 12
387 414  3  23 31 25
409 353  3  24 26 13
374 376  3  25 30 27
373 332  3  26 28 15
326 332  3  27 29 17
296 359  3  28 30 19
333 378  3  29 26 31
325 417  3  30 24 21

 32
387 185  3  4 7 1
325 182  3  0 9 2
437 165  3  1 11 3
467 275  3  2 14 4
439 219  3  3 5 0
409 246  3  4 16 6
374 223  3  5 18 7
333 221  3  6 8 0
296 240  3  7 20 9
269 210  3  8 10 1
235 262  3  9 22 11
121 225  3  10 12 2
341 459  3  11 23 13
430 389  3  12 25 14
464 337  3  13 15 3
426 324  3  14 27 16
428 283  3  15 17 5
388 287  3  16 28 18
350 260  3  17 19 6
311 287  3  18 29 20
273 275  3  19 21 8
271 316  3  20 31 22
232 324  3  21 23 10
260 380  3  22 24 12
312 414  3  23 31 25
374 417  3  24 26 13
366 378  3  25 30 27
403 359  3  26 28 15
373 332  3  27 29 17
326 332  3  28 30 19
325 376  3  29 26 31
290 353  3  30 24 21

 32
381 184  3  4 7 1
314 185  3  0 9 2
258 222  3  1 11 3
498 166  3  2 14 4
439 219  3  3 5 0
468 281  3  4 16 6
412 249  3  5 18 7
383 227  3  6 8 0
350 220  3  7 20 9
314 228  3  8 10 1
286 250  3  9 22 11
230 285  3  10 12 2
241 350  3  11 23 13
286 401  3  12 25 14
352 419  3  13 15 3
417 399  3  14 27 16
459 348  3  15 17 5
427 317  3  16 28 18
427 282  3  17 19 6
384 280  3  18 29 20
350 260  3  19 21 8
315 280  3  20 31 22
272 282  3  21 23 10
272 317  3  22 24 12
287 350  3  23 31 25
316 372  3  24 26 13
350 380  3  25 30 27
385 371  3  26 28 15
413 349  3  27 29 17
384 320  3  28 30 19
350 340  3  29 26 31
315 320  3  30 24 21

 32
469 287  3  4 7 1
447 229  3  0 9 2
398 190  3  1 11 3
337 180  3  2 14 4
450 175  3  3 5 0
491 494  3  4 16 6
420 397  3  5 18 7
459 348  3  6 8 0
423 332  3  7 20 9
429 291  3  8 10 1
414 252  3  9 22 11
382 226  3  10 12 2
341 220  3  11 23 13
302 235  3  12 25 14
279 202  3  13 15 3
240 251  3  14 27 16
200 357  3  15 17 5
301 409  3  16 28 18
362 419  3  17 19 6
358 379  3  18 29 20
397 364  3  19 21 8
373 332  3  20 31 22
388 287  3  21 23 10
350 260  3  22 24 12
311 287  3  23 31 25
276 267  3  24 26 13
270 308  3  25 30 27
230 312  3  26 28 15
252 370  3  27 29 17
317 373  3  28 30 19
285 347  3  29 26 31
326 332  3  30 24 21

 32
160 365  3  4 7 1
539 234  3  0 9 2
394 188  3  1 11 3
329 181  3  2 14 4
268 212  3  3 5 0
176 199  3  4 16 6
275 485  3  5 18 7
337 419  3  6 8 0
404 406  3  7 20 9
452 361  3  8 10 1
469 295  3  9 22 11
448 231  3  10 12 2
403 240  3  11 23 13
366 221  3  12 25 14
325 223  3  13 15 3
290 246  3  14 27 16
233 270  3  15 17 5
235 337  3  16 28 18
274 393  3  17 19 6
333 378  3  18 29 20
374 376  3  19 21 8
409 353  3  20 31 22
428 316  3  21 23 10
426 275  3  22 24 12
388 287  3  23 31 25
350 260  3  24 26 13
311 287  3  25 30 27
271 283  3  26 28 15
273 324  3  27 29 17
296 359  3  28 30 19
326 332  3  29 26 31
373 332  3  30 24 21

 32
232 461  3  4 7 1
467 138  3  0 9 2
291 195  3  1 11 3
244 243  3  2 14 4
230 310  3  3 5 0
254 372  3  4 16 6
308 412  3  5 18 7
376 416  3  6 8 0
436 383  3  7 20 9
467 324  3  8 10 1
549 282  3  9 22 11
305 105  3  10 12 2
356 180  3  11 23 13
317 226  3  12 25 14
285 252  3  13 15 3
270 291  3  14 27 16
276 332  3  15 17 5
302 364  3  16 28 18
341 379  3  17 19 6
382 373  3  18 29 20
414 347  3  19 21 8
429 308  3  20 31 22
462 256  3  21 23 10
420 202  3  22 24 12
397 235  3  23 31 25
358 220  3  24 26 13
350 260  3  25 30 27
311 287  3  26 28 15
326 332  3  27 29 17
373 332  3  28 30 19
388 287  3  29 26 31
423 267  3  30 24 21

 32
350 260  3  4 7 1
388 287  3  0 9 2
373 332  3  1 12 3
326 332  3  2 14 4
311 287  3  3 5 0
280 260  3  4 16 6
309 230  3  5 18 7
350 220  3  6 8 0
390 230  3  7 20 9
419 259  3  8 10 1
430 300  3  9 21 11
419 340  3  10 23 12
390 369  3  11 13 2
350 380  3  12 25 14
310 369  3  13 15 3
280 340  3  14 26 16
270 300  3  15 17 5
246 240  3  16 28 18
289 196  3  17 19 6
350 180  3  18 29 20
410 196  3  19 21 8
453 239  3  20 22 10
470 300  3  21 30 23
453 360  3  22 24 11
410 403  3  23 31 25
350 420  3  24 26 13
290 403  3  25 27 15
246 360  3  26 31 28
230 300  3  27 29 17
236 186  3  28 30 19
287 531  3  29 31 22
308 454  3  30 27 24

 32
311 287  3  4 7 1
273 275  3  0 9 2
296 240  3  1 12 3
333 221  3  2 14 4
350 260  3  3 5 0
388 287  3  4 16 6
373 332  3  5 18 7
326 332  3  6 8 0
290 353  3  7 20 9
271 316  3  8 10 1
232 324  3  9 21 11
235 262  3  10 23 12
269 210  3  11 13 2
325 182  3  12 25 14
374 223  3  13 15 3
409 246  3  14 26 16
428 283  3  15 17 5
426 324  3  16 28 18
403 359  3  17 19 6
366 378  3  18 29 20
325 376  3  19 21 8
260 380  3  20 22 10
312 414  3  21 30 23
207 372  3  22 24 11
551 430  3  23 31 25
387 185  3  24 26 13
439 219  3  25 27 15
467 275  3  26 31 28
464 337  3  27 29 17
430 389  3  28 30 19
374 417  3  29 31 22
484 387  3  30 27 24

 32
350 260  3  4 7 1
311 287  3  0 9 2
280 260  3  1 12 3
309 230  3  2 14 4
350 220  3  3 5 0
390 230  3  4 16 6
419 259  3  5 18 7
388 287  3  6 8 0
373 332  3  7 20 9
326 332  3  8 10 1
310 369  3  9 21 11
280 340  3  10 23 12
270 300  3  11 13 2
246 240  3  12 25 14
289 196  3  13 15 3
350 180  3  14 26 16
410 196  3  15 17 5
453 239  3  16 28 18
430 300  3  17 19 6
419 340  3  18 29 20
390 369  3  19 21 8
350 380  3  20 22 10
350 420  3  21 30 23
290 403  3  22 24 11
246 360  3  23 31 25
230 300  3  24 26 13
236 186  3  25 27 15
287 531  3  26 31 28
470 300  3  27 29 17
453 360  3  28 30 19
410 403  3  29 31 22
308 454  3  30 27 24

 32
352 220  3  4 7 1
350 260  3  0 9 2
315 280  3  1 12 3
286 251  3  2 14 4
314 228  3  3 5 0
310 186  3  4 16 6
379 183  3  5 18 7
390 230  3  6 8 0
417 256  3  7 20 9
384 280  3  8 10 1
384 320  3  9 21 11
350 340  3  10 23 12
315 320  3  11 13 2
274 326  3  12 25 14
270 287  3  13 15 3
230 287  3  14 26 16
255 226  3  15 17 5
339 100  3  16 28 18
436 216  3  17 19 6
467 277  3  18 29 20
429 293  3  19 21 8
423 331  3  20 22 10
401 361  3  21 30 23
366 378  3  22 24 11
327 376  3  23 31 25
295 358  3  24 26 13
243 354  3  25 27 15
290 403  3  26 31 28
415 489  3  27 29 17
461 344  3  28 30 19
418 398  3  29 31 22
356 419  3  30 27 24

 32
299 237  3  4 7 1
334 221  3  0 9 2
350 260  3  1 12 3
311 287  3  2 14 4
276 267  3  3 5 0
270 305  3  4 16 6
237 256  3  5 18 7
274 206  3  6 8 0
331 181  3  7 20 9
373 223  3  8 10 1
405 242  3  9 21 11
426 275  3  10 23 12
388 287  3  11 13 2
373 332  3  12 25 14
326 332  3  13 15 3
310 369  3  14 26 16
282 342  3  15 17 5
256 375  3  16 28 18
231 318  3  17 19 6
224 144  3  18 29 20
393 187  3  19 21 8
443 224  3  20 22 10
468 281  3  21 30 23
428 313  3  22 24 11
413 348  3  23 31 25
383 372  3  24 26 13
345 379  3  25 27 15
368 418  3  26 31 28
306 412  3  27 29 17
431 482  3  28 30 19
462 343  3  29 31 22
425 393  3  30 27 24

 32
352 220  3  4 7 1
390 230  3  0 9 2
417 256  3  1 12 3
384 280  3  2 14 4
350 260  3  3 5 0
315 280  3  4 16 6
286 251  3  5 18 7
314 228  3  6 8 0
310 186  3  7 20 9
379 183  3  8 10 1
436 216  3  9 21 11
467 277  3  10 23 12
429 293  3  11 13 2
423 331  3  12 25 14
384 320  3  13 15 3
350 340  3  14 26 16
315 320  3  15 17 5
274 326  3  16 28 18
270 287  3  17 19 6
230 287  3  18 29 20
255 226  3  19 21 8
339 100  3  20 22 10
415 489  3  21 30 23
461 344  3  22 24 11
418 398  3  23 31 25
401 361  3  24 26 13
366 378  3  25 27 15
327 376  3  26 31 28
295 358  3  27 29 17
243 354  3  28 30 19
290 403  3  29 31 22
356 419  3  30 27 24

 32
299 237  3  4 7 1
274 206  3  0 9 2
331 181  3  1 12 3
373 223  3  2 14 4
334 221  3  3 5 0
350 260  3  4 16 6
311 287  3  5 18 7
276 267  3  6 8 0
270 305  3  7 20 9
237 256  3  8 10 1
231 318  3  9 21 11
224 144  3  10 23 12
393 187  3  11 13 2
443 224  3  12 25 14
405 242  3  13 15 3
426 275  3  14 26 16
388 287  3  15 17 5
373 332  3  16 28 18
326 332  3  17 19 6
310 369  3  18 29 20
282 342  3  19 21 8
256 375  3  20 22 10
306 412  3  21 30 23
431 482  3  22 24 11
462 343  3  23 31 25
468 281  3  24 26 13
428 313  3  25 27 15
413 348  3  26 31 28
383 372  3  27 29 17
345 379  3  28 30 19
368 418  3  29 31 22
425 393  3  30 27 24

 32
352 220  3  4 7 1
314 228  3  0 9 2
310 186  3  1 12 3
379 183  3  2 14 4
390 230  3  3 5 0
417 256  3  4 16 6
384 280  3  5 18 7
350 260  3  6 8 0
315 280  3  7 20 9
286 251  3  8 10 1
270 287  3  9 21 11
230 287  3  10 23 12
255 226  3  11 13 2
339 100  3  12 25 14
436 216  3  13 15 3
467 277  3  14 26 16
429 293  3  15 17 5
423 331  3  16 28 18
384 320  3  17 19 6
350 340  3  18 29 20
315 320  3  19 21 8
274 326  3  20 22 10
295 358  3  21 30 23
243 354  3  22 24 11
290 403  3  23 31 25
415 489  3  24 26 13
461 344  3  25 27 15
418 398  3  26 31 28
401 361  3  27 29 17
366 378  3  28 30 19
327 376  3  29 31 22
356 419  3  30 27 24

 32
393 232  3  4 7 1
358 220  3  0 9 2
320 225  3  1 12 3
356 180  3  2 14 4
415 199  3  3 5 0
456 245  3  4 16 6
429 298  3  5 18 7
419 261  3  6 8 0
388 287  3  7 20 9
350 260  3  8 10 1
311 287  3  9 21 11
272 282  3  10 23 12
288 248  3  11 13 2
249 234  3  12 25 14
295 193  3  13 15 3
458 132  3  14 26 16
469 306  3  15 17 5
450 365  3  16 28 18
421 335  3  17 19 6
397 364  3  18 29 20
373 332  3  19 21 8
326 332  3  20 22 10
291 354  3  21 30 23
272 320  3  22 24 11
243 354  3  23 31 25
230 293  3  24 26 13
201 433  3  25 27 15
343 419  3  26 31 28
404 406  3  27 29 17
361 379  3  28 30 19
323 375  3  29 31 22
284 400  3  30 27 24

 32
343 180  3  4 7 1
326 223  3  0 9 2
293 243  3  1 12 3
243 245  3  2 14 4
284 199  3  3 5 0
391 104  3  4 16 6
450 234  3  5 18 7
404 193  3  6 8 0
399 236  3  7 20 9
365 221  3  8 10 1
350 260  3  9 21 11
311 287  3  10 23 12
273 275  3  11 13 2
271 313  3  12 25 14
230 306  3  13 15 3
249 365  3  14 26 16
360 499  3  15 17 5
456 354  3  16 28 18
469 293  3  17 19 6
429 305  3  18 29 20
423 267  3  19 21 8
388 287  3  20 22 10
373 332  3  21 30 23
326 332  3  22 24 11
317 373  3  23 31 25
286 349  3  24 26 13
295 406  3  25 27 15
356 419  3  26 31 28
415 400  3  27 29 17
418 341  3  28 30 19
391 368  3  29 31 22
354 379  3  30 27 24

 32
343 180  3  4 7 1
372 223  3  0 9 2
333 221  3  1 12 3
298 238  3  2 14 4
279 202  3  3 5 0
237 256  3  4 16 6
281 112  3  5 18 7
408 195  3  6 8 0
455 243  3  7 20 9
404 241  3  8 10 1
425 273  3  9 21 11
384 280  3  10 23 12
350 260  3  11 13 2
315 280  3  12 25 14
276 268  3  13 15 3
270 306  3  14 26 16
232 322  3  15 17 5
263 383  3  16 28 18
360 499  3  17 19 6
444 373  3  18 29 20
469 310  3  19 21 8
429 312  3  20 22 10
414 347  3  21 30 23
384 320  3  22 24 11
350 340  3  23 31 25
315 320  3  24 26 13
282 343  3  25 27 15
311 369  3  26 31 28
323 416  3  27 29 17
391 412  3  28 30 19
385 371  3  29 31 22
347 379  3  30 27 24

 32
343 180  3  4 7 1
404 193  3  0 9 2
399 236  3  1 12 3
365 221  3  2 14 4
326 223  3  3 5 0
293 243  3  4 16 6
243 245  3  5 18 7
284 199  3  6 8 0
391 104  3  7 20 9
450 234  3  8 10 1
469 293  3  9 21 11
429 305  3  10 23 12
423 267  3  11 13 2
388 287  3  12 25 14
350 260  3  13 15 3
311 287  3  14 26 16
273 275  3  15 17 5
271 313  3  16 28 18
230 306  3  17 19 6
249 365  3  18 29 20
360 499  3  19 21 8
456 354  3  20 22 10
415 400  3  21 30 23
418 341  3  22 24 11
391 368  3  23 31 25
373 332  3  24 26 13
326 332  3  25 27 15
317 373  3  26 31 28
286 349  3  27 29 17
295 406  3  28 30 19
356 419  3  29 31 22
354 379  3  30 27 24

 32
343 180  3  4 7 1
408 195  3  0 9 2
455 243  3  1 12 3
404 241  3  2 14 4
372 223  3  3 5 0
333 221  3  4 16 6
298 238  3  5 18 7
279 202  3  6 8 0
237 256  3  7 20 9
281 112  3  8 10 1
360 499  3  9 21 11
444 373  3  10 23 12
469 310  3  11 13 2
429 312  3  12 25 14
425 273  3  13 15 3
384 280  3  14 26 16
350 260  3  15 17 5
315 280  3  16 28 18
276 268  3  17 19 6
270 306  3  18 29 20
232 322  3  19 21 8
263 383  3  20 22 10
323 416  3  21 30 23
391 412  3  22 24 11
385 371  3  23 31 25
414 347  3  24 26 13
384 320  3  25 27 15
350 340  3  26 31 28
315 320  3  27 29 17
282 343  3  28 30 19
311 369  3  29 31 22
347 379  3  30 27 24

 32
343 180  3  4 7 1
284 199  3  0 9 2
391 104  3  1 12 3
450 234  3  2 14 4
404 193  3  3 5 0
399 236  3  4 16 6
365 221  3  5 18 7
326 223  3  6 8 0
293 243  3  7 20 9
243 245  3  8 10 1
230 306  3  9 21 11
249 365  3  10 23 12
360 499  3  11 13 2
456 354  3  12 25 14
469 293  3  13 15 3
429 305  3  14 26 16
423 267  3  15 17 5
388 287  3  16 28 18
350 260  3  17 19 6
311 287  3  18 29 20
273 275  3  19 21 8
271 313  3  20 22 10
286 349  3  21 30 23
295 406  3  22 24 11
356 419  3  23 31 25
415 400  3  24 26 13
418 341  3  25 27 15
391 368  3  26 31 28
373 332  3  27 29 17
326 332  3  28 30 19
317 373  3  29 31 22
354 379  3  30 27 24

 32
450 234  3  4 7 1
398 190  3  0 9 2
333 181  3  1 12 3
481 149  3  2 14 4
470 300  3  3 5 0
450 365  3  4 16 6
427 319  3  5 18 7
427 280  3  6 8 0
409 246  3  7 20 9
378 225  3  8 10 1
340 220  3  9 21 11
304 234  3  10 23 12
271 209  3  11 13 2
234 266  3  12 25 14
182 408  3  13 15 3
333 418  3  14 26 16
400 408  3  15 17 5
378 374  3  16 28 18
410 352  3  17 19 6
384 320  3  18 29 20
384 280  3  19 21 8
350 260  3  20 22 10
315 280  3  21 30 23
279 262  3  22 24 11
270 300  3  23 31 25
234 333  3  24 26 13
271 390  3  25 27 15
305 366  3  26 31 28
340 379  3  27 29 17
350 340  3  28 30 19
315 320  3  29 31 22
279 337  3  30 27 24

 32
474 199  3  4 7 1
362 180  3  0 9 2
301 190  3  1 12 3
252 229  3  2 14 4
536 148  3  3 5 0
375 458  3  4 16 6
447 370  3  5 18 7
469 312  3  6 8 0
459 251  3  7 20 9
420 202  3  8 10 1
397 235  3  9 21 11
358 220  3  10 23 12
317 226  3  11 13 2
285 252  3  12 25 14
230 287  3  13 15 3
240 348  3  14 26 16
279 397  3  15 17 5
337 419  3  16 28 18
398 409  3  17 19 6
414 347  3  18 29 20
429 308  3  19 21 8
423 267  3  20 22 10
388 287  3  21 30 23
350 260  3  22 24 11
311 287  3  23 31 25
270 291  3  24 26 13
276 332  3  25 27 15
302 364  3  26 31 28
341 379  3  27 29 17
382 373  3  28 30 19
373 332  3  29 31 22
326 332  3  30 27 24

 32
474 199  3  4 7 1
469 312  3  0 9 2
459 251  3  1 12 3
420 202  3  2 14 4
362 180  3  3 5 0
301 190  3  4 16 6
252 229  3  5 18 7
536 148  3  6 8 0
375 458  3  7 20 9
447 370  3  8 10 1
398 409  3  9 21 11
414 347  3  10 23 12
429 308  3  11 13 2
423 267  3  12 25 14
397 235  3  13 15 3
358 220  3  14 26 16
317 226  3  15 17 5
285 252  3  16 28 18
230 287  3  17 19 6
240 348  3  18 29 20
279 397  3  19 21 8
337 419  3  20 22 10
341 379  3  21 30 23
382 373  3  22 24 11
373 332  3  23 31 25
388 287  3  24 26 13
350 260  3  25 27 15
311 287  3  26 31 28
270 291  3  27 29 17
276 332  3  28 30 19
302 364  3  29 31 22
326 332  3  30 27 24

 32
190 308  3  4 7 1
110 312  3  0 9 2
422 157  3  1 12 3
312 185  3  2 14 4
260 219  3  3 5 0
232 275  3  4 16 6
235 337  3  5 18 7
269 389  3  6 8 0
325 417  3  7 20 9
387 414  3  8 10 1
439 380  3  9 21 11
467 324  3  10 23 12
464 262  3  11 13 2
430 210  3  12 25 14
374 182  3  13 15 3
325 223  3  14 26 16
290 246  3  15 17 5
271 283  3  16 28 18
273 324  3  17 19 6
296 359  3  18 29 20
333 378  3  19 21 8
374 376  3  20 22 10
409 353  3  21 30 23
428 316  3  22 24 11
426 275  3  23 31 25
403 240  3  24 26 13
366 221  3  25 27 15
350 260  3  26 31 28
311 287  3  27 29 17
326 332  3  28 30 19
373 332  3  29 31 22
388 287  3  30 27 24

