 28
350 260  3  4 7 1
388 287  3  0 9 2
373 332  3  1 11 3
326 332  3  2 13 4
311 287  3  3 5 0
282 257  3  4 15 6
314 228  3  5 17 7
359 220  3  6 8 0
401 238  3  7 19 9
426 275  3  8 10 1
427 320  3  9 21 11
403 359  3  10 12 2
362 379  3  11 22 13
318 373  3  12 14 3
283 344  3  13 24 15
270 301  3  14 16 5
238 255  3  15 25 17
286 198  3  16 18 6
358 180  3  17 26 19
427 208  3  18 20 8
466 270  3  19 27 21
461 344  3  20 22 10
413 401  3  21 23 12
341 419  3  22 27 24
272 391  3  23 25 14
233 329  3  24 26 16
196 171  3  25 27 18
503 428  3  26 23 20

 28
311 287  3  4 7 1
273 275  3  0 9 2
296 240  3  1 11 3
333 221  3  2 13 4
350 260  3  3 5 0
388 287  3  4 15 6
373 332  3  5 17 7
326 332  3  6 8 0
290 353  3  7 19 9
271 316  3  8 10 1
190 294  3  9 21 11
217 210  3  10 12 2
287 152  3  11 22 13
374 223  3  12 14 3
409 246  3  13 24 15
428 283  3  14 16 5
426 324  3  15 25 17
403 359  3  16 18 6
366 378  3  17 26 19
325 376  3  18 20 8
279 443  3  19 27 21
212 382  3  20 22 10
377 142  3  21 23 12
457 181  3  22 27 24
504 258  3  23 25 14
502 349  3  24 26 16
450 424  3  25 27 18
369 458  3  26 23 20

 28
350 260  3  4 7 1
311 287  3  0 9 2
276 267  3  1 11 3
302 235  3  2 13 4
341 220  3  3 5 0
382 226  3  4 15 6
414 252  3  5 17 7
388 287  3  6 8 0
373 332  3  7 19 9
326 332  3  8 10 1
285 347  3  9 21 11
270 308  3  10 12 2
230 300  3  11 22 13
252 229  3  12 14 3
312 185  3  13 24 15
387 185  3  14 16 5
447 229  3  15 25 17
429 291  3  16 18 6
423 332  3  17 26 19
397 364  3  18 20 8
358 379  3  19 27 21
317 373  3  20 22 10
252 370  3  21 23 12
312 414  3  22 27 24
550 300  3  23 25 14
470 300  3  24 26 16
447 370  3  25 27 18
387 414  3  26 23 20

 28
340 220  3  4 7 1
350 260  3  0 9 2
311 287  3  1 11 3
273 275  3  2 13 4
298 238  3  3 5 0
284 199  3  4 15 6
356 180  3  5 17 7
385 228  3  6 8 0
417 257  3  7 19 9
388 287  3  8 10 1
373 332  3  9 21 11
326 332  3  10 12 2
296 359  3  11 22 13
272 320  3  12 14 3
234 331  3  13 24 15
237 256  3  14 16 5
298 106  3  15 25 17
425 206  3  16 18 6
465 268  3  17 26 19
429 301  3  18 20 8
416 344  3  19 27 21
381 373  3  20 22 10
337 379  3  21 23 12
343 419  3  22 27 24
274 393  3  23 25 14
401 493  3  24 26 16
462 343  3  25 27 18
415 400  3  26 23 20

 28
317 226  3  4 7 1
358 220  3  0 9 2
350 260  3  1 11 3
311 287  3  2 13 4
285 252  3  3 5 0
270 291  3  4 15 6
252 229  3  5 17 7
312 185  3  6 8 0
387 185  3  7 19 9
397 235  3  8 10 1
423 267  3  9 21 11
388 287  3  10 12 2
373 332  3  11 22 13
326 332  3  12 14 3
302 364  3  13 24 15
276 332  3  14 16 5
252 370  3  15 25 17
230 300  3  16 18 6
411 490  3  17 26 19
447 229  3  18 20 8
470 300  3  19 27 21
429 308  3  20 22 10
414 347  3  21 23 12
382 373  3  22 27 24
341 379  3  23 25 14
312 414  3  24 26 16
387 414  3  25 27 18
447 370  3  26 23 20

 28
345 220  3  4 7 1
383 227  3  0 9 2
413 250  3  1 11 3
384 280  3  2 13 4
350 260  3  3 5 0
315 280  3  4 15 6
282 257  3  5 17 7
308 231  3  6 8 0
308 145  3  7 19 9
417 154  3  8 10 1
495 232  3  9 21 11
428 286  3  10 12 2
426 324  3  11 22 13
384 320  3  12 14 3
350 340  3  13 24 15
315 320  3  14 16 5
276 332  3  15 25 17
270 294  3  16 18 6
190 313  3  17 26 19
218 208  3  18 20 8
441 431  3  19 27 21
504 341  3  20 22 10
406 356  3  21 23 12
373 376  3  22 27 24
334 378  3  23 25 14
300 363  3  24 26 16
236 413  3  25 27 18
336 459  3  26 23 20

 28
302 235  3  4 7 1
255 170  3  0 9 2
341 140  3  1 11 3
382 226  3  2 13 4
341 220  3  3 5 0
350 260  3  4 15 6
311 287  3  5 17 7
276 267  3  6 8 0
270 308  3  7 19 9
201 240  3  8 10 1
192 330  3  9 21 11
430 161  3  10 12 2
491 224  3  11 22 13
414 252  3  12 14 3
429 291  3  13 24 15
388 287  3  14 16 5
373 332  3  15 25 17
326 332  3  16 18 6
317 373  3  17 26 19
285 347  3  18 20 8
314 455  3  19 27 21
234 411  3  20 22 10
509 313  3  21 23 12
476 398  3  22 27 24
423 332  3  23 25 14
397 364  3  24 26 16
358 379  3  25 27 18
402 451  3  26 23 20

 28
359 220  3  4 7 1
321 225  3  0 9 2
308 145  3  1 11 3
417 154  3  2 13 4
395 234  3  3 5 0
420 262  3  4 15 6
384 280  3  5 17 7
350 260  3  6 8 0
315 280  3  7 19 9
290 246  3  8 10 1
272 280  3  9 21 11
218 208  3  10 12 2
190 313  3  11 22 13
495 232  3  12 14 3
504 341  3  13 24 15
430 300  3  14 16 5
420 337  3  15 25 17
384 320  3  16 18 6
350 340  3  17 26 19
315 320  3  18 20 8
290 353  3  19 27 21
272 319  3  20 22 10
236 413  3  21 23 12
336 459  3  22 27 24
441 431  3  23 25 14
395 365  3  24 26 16
359 379  3  25 27 18
321 374  3  26 23 20

 28
378 225  3  4 7 1
340 220  3  0 9 2
304 234  3  1 11 3
258 168  3  2 13 4
363 140  3  3 5 0
463 186  3  4 15 6
427 280  3  5 17 7
409 246  3  6 8 0
384 280  3  7 19 9
350 260  3  8 10 1
315 280  3  9 21 11
279 262  3  10 12 2
270 300  3  11 22 13
195 258  3  12 14 3
204 367  3  13 24 15
509 286  3  14 16 5
481 391  3  15 25 17
427 319  3  16 18 6
410 352  3  17 26 19
384 320  3  18 20 8
350 340  3  19 27 21
315 320  3  20 22 10
279 337  3  21 23 12
305 366  3  22 27 24
282 445  3  23 25 14
391 454  3  24 26 16
378 374  3  25 27 18
340 379  3  26 23 20

 28
396 146  3  4 7 1
390 230  3  0 9 2
350 220  3  1 11 3
309 230  3  2 13 4
305 146  3  3 5 0
229 195  3  4 15 6
508 277  3  5 17 7
470 195  3  6 8 0
430 300  3  7 19 9
419 259  3  8 10 1
388 287  3  9 21 11
350 260  3  10 12 2
311 287  3  11 22 13
280 260  3  12 14 3
270 300  3  13 24 15
191 274  3  14 16 5
203 365  3  15 25 17
495 367  3  16 18 6
434 435  3  17 26 19
419 340  3  18 20 8
390 369  3  19 27 21
373 332  3  20 22 10
326 332  3  21 23 12
310 369  3  22 27 24
280 340  3  23 25 14
262 434  3  24 26 16
350 460  3  25 27 18
350 380  3  26 23 20

 28
361 140  3  4 7 1
461 184  3  0 9 2
399 236  3  1 11 3
365 221  3  2 13 4
326 223  3  3 5 0
293 243  3  4 15 6
194 261  3  5 17 7
255 170  3  6 8 0
482 389  3  7 19 9
509 283  3  8 10 1
429 305  3  9 21 11
423 267  3  10 12 2
384 280  3  11 22 13
350 260  3  12 14 3
315 280  3  13 24 15
273 275  3  14 16 5
271 313  3  15 25 17
206 370  3  16 18 6
284 446  3  17 26 19
394 453  3  18 20 8
391 368  3  19 27 21
418 341  3  20 22 10
384 320  3  21 23 12
350 340  3  22 27 24
315 320  3  23 25 14
286 349  3  24 26 16
317 373  3  25 27 18
354 379  3  26 23 20

 28
312 185  3  4 7 1
387 185  3  0 9 2
447 229  3  1 11 3
403 240  3  2 13 4
366 221  3  3 5 0
325 223  3  4 15 6
290 246  3  5 17 7
252 229  3  6 8 0
230 300  3  7 19 9
411 109  3  8 10 1
447 370  3  9 21 11
470 300  3  10 12 2
428 316  3  11 22 13
426 275  3  12 14 3
388 287  3  13 24 15
350 260  3  14 16 5
311 287  3  15 25 17
271 283  3  16 18 6
273 324  3  17 26 19
252 370  3  18 20 8
312 414  3  19 27 21
387 414  3  20 22 10
409 353  3  21 23 12
374 376  3  22 27 24
373 332  3  23 25 14
326 332  3  24 26 16
296 359  3  25 27 18
333 378  3  26 23 20

 28
356 180  3  4 7 1
284 199  3  0 9 2
421 113  3  1 11 3
465 268  3  2 13 4
425 206  3  3 5 0
406 243  3  4 15 6
367 222  3  5 17 7
322 224  3  6 8 0
286 251  3  7 19 9
237 256  3  8 10 1
234 331  3  9 21 11
278 486  3  10 12 2
415 400  3  11 22 13
462 343  3  12 14 3
424 328  3  13 24 15
428 283  3  14 16 5
388 287  3  15 25 17
350 260  3  16 18 6
311 287  3  17 26 19
270 293  3  18 20 8
279 337  3  19 27 21
274 393  3  20 22 10
343 419  3  21 23 12
355 379  3  22 27 24
397 364  3  23 25 14
373 332  3  24 26 16
326 332  3  25 27 18
311 369  3  26 23 20

 28
387 185  3  4 7 1
312 185  3  0 9 2
252 229  3  1 11 3
511 182  3  2 13 4
447 229  3  3 5 0
470 300  3  4 15 6
419 259  3  5 17 7
390 230  3  6 8 0
350 220  3  7 19 9
309 230  3  8 10 1
280 260  3  9 21 11
230 300  3  10 12 2
252 370  3  11 22 13
312 414  3  12 14 3
387 414  3  13 24 15
447 370  3  14 16 5
419 340  3  15 25 17
430 300  3  16 18 6
388 287  3  17 26 19
350 260  3  18 20 8
311 287  3  19 27 21
270 300  3  20 22 10
280 340  3  21 23 12
310 369  3  22 27 24
350 380  3  23 25 14
390 369  3  24 26 16
373 332  3  25 27 18
326 332  3  26 23 20

 28
506 333  3  4 7 1
499 242  3  0 9 2
444 170  3  1 11 3
358 140  3  2 13 4
272 160  3  3 5 0
208 224  3  4 15 6
385 455  3  5 17 7
465 411  3  6 8 0
414 347  3  7 19 9
429 308  3  8 10 1
423 267  3  9 21 11
397 235  3  10 12 2
358 220  3  11 22 13
317 226  3  12 14 3
285 252  3  13 24 15
190 313  3  14 16 5
222 396  3  15 25 17
295 450  3  16 18 6
341 379  3  17 26 19
382 373  3  18 20 8
373 332  3  19 27 21
388 287  3  20 22 10
350 260  3  21 23 12
311 287  3  22 27 24
270 291  3  23 25 14
276 332  3  24 26 16
302 364  3  25 27 18
326 332  3  26 23 20

 28
278 486  3  4 7 1
421 113  3  0 9 2
284 199  3  1 11 3
237 256  3  2 13 4
234 331  3  3 5 0
274 393  3  4 15 6
343 419  3  5 17 7
415 400  3  6 8 0
462 343  3  7 19 9
465 268  3  8 10 1
425 206  3  9 21 11
356 180  3  10 12 2
322 224  3  11 22 13
286 251  3  12 14 3
270 293  3  13 24 15
279 337  3  14 16 5
311 369  3  15 25 17
355 379  3  16 18 6
397 364  3  17 26 19
424 328  3  18 20 8
428 283  3  19 27 21
406 243  3  20 22 10
367 222  3  21 23 12
350 260  3  22 27 24
311 287  3  23 25 14
326 332  3  24 26 16
373 332  3  25 27 18
388 287  3  26 23 20

 28
350 260  3  4 7 1
388 287  3  0 9 2
373 332  3  1 12 3
326 332  3  2 14 4
311 287  3  3 5 0
280 260  3  4 16 6
309 230  3  5 18 7
350 220  3  6 8 0
390 230  3  7 20 9
419 259  3  8 10 1
430 300  3  9 21 11
419 340  3  10 23 12
390 369  3  11 13 2
350 380  3  12 24 14
310 369  3  13 15 3
280 340  3  14 25 16
270 300  3  15 17 5
235 262  3  16 26 18
279 202  3  17 19 6
350 180  3  18 27 20
420 202  3  19 21 8
464 262  3  20 22 10
464 337  3  21 27 23
420 397  3  22 24 11
350 420  3  23 25 13
279 397  3  24 26 15
235 337  3  25 27 17
540 361  3  26 22 19

 28
311 287  3  4 7 1
273 275  3  0 9 2
296 240  3  1 12 3
333 221  3  2 14 4
350 260  3  3 5 0
388 287  3  4 16 6
373 332  3  5 18 7
326 332  3  6 8 0
290 353  3  7 20 9
271 316  3  8 10 1
235 337  3  9 21 11
235 262  3  10 23 12
279 202  3  11 13 2
350 180  3  12 24 14
374 223  3  13 15 3
409 246  3  14 25 16
428 283  3  15 17 5
426 324  3  16 26 18
403 359  3  17 19 6
366 378  3  18 27 20
325 376  3  19 21 8
279 397  3  20 22 10
350 420  3  21 27 23
467 138  3  22 24 11
420 202  3  23 25 13
464 262  3  24 26 15
464 337  3  25 27 17
420 397  3  26 22 19

 28
350 260  3  4 7 1
311 287  3  0 9 2
280 260  3  1 12 3
309 230  3  2 14 4
350 220  3  3 5 0
390 230  3  4 16 6
419 259  3  5 18 7
388 287  3  6 8 0
373 332  3  7 20 9
326 332  3  8 10 1
310 369  3  9 21 11
280 340  3  10 23 12
270 300  3  11 13 2
235 262  3  12 24 14
279 202  3  13 15 3
350 180  3  14 25 16
420 202  3  15 17 5
464 262  3  16 26 18
430 300  3  17 19 6
419 340  3  18 27 20
390 369  3  19 21 8
350 380  3  20 22 10
350 420  3  21 27 23
279 397  3  22 24 11
235 337  3  23 25 13
540 361  3  24 26 15
464 337  3  25 27 17
420 397  3  26 22 19

 28
350 220  3  4 7 1
350 260  3  0 9 2
315 280  3  1 12 3
280 260  3  2 14 4
309 230  3  3 5 0
308 187  3  4 16 6
391 187  3  5 18 7
390 230  3  6 8 0
419 259  3  7 20 9
384 280  3  8 10 1
384 320  3  9 21 11
350 340  3  10 23 12
315 320  3  11 13 2
280 340  3  12 24 14
270 300  3  13 15 3
231 320  3  14 25 16
246 240  3  15 17 5
523 199  3  16 26 18
453 239  3  17 19 6
468 320  3  18 27 20
430 300  3  19 21 8
419 340  3  20 22 10
390 369  3  21 27 23
350 380  3  22 24 11
310 369  3  23 25 13
272 391  3  24 26 15
350 420  3  25 27 17
427 391  3  26 22 19

 28
302 235  3  4 7 1
341 220  3  0 9 2
350 260  3  1 12 3
311 287  3  2 14 4
276 267  3  3 5 0
270 308  3  4 16 6
235 262  3  5 18 7
279 202  3  6 8 0
350 180  3  7 20 9
382 226  3  8 10 1
414 252  3  9 21 11
429 291  3  10 23 12
388 287  3  11 13 2
373 332  3  12 24 14
326 332  3  13 15 3
317 373  3  14 25 16
285 347  3  15 17 5
279 397  3  16 26 18
235 337  3  17 19 6
467 461  3  18 27 20
420 202  3  19 21 8
464 262  3  20 22 10
464 337  3  21 27 23
423 332  3  22 24 11
397 364  3  23 25 13
358 379  3  24 26 15
350 420  3  25 27 17
420 397  3  26 22 19

 28
350 220  3  4 7 1
390 230  3  0 9 2
419 259  3  1 12 3
384 280  3  2 14 4
350 260  3  3 5 0
315 280  3  4 16 6
280 260  3  5 18 7
309 230  3  6 8 0
308 187  3  7 20 9
391 187  3  8 10 1
453 239  3  9 21 11
468 320  3  10 23 12
430 300  3  11 13 2
419 340  3  12 24 14
384 320  3  13 15 3
350 340  3  14 25 16
315 320  3  15 17 5
280 340  3  16 26 18
270 300  3  17 19 6
231 320  3  18 27 20
246 240  3  19 21 8
523 199  3  20 22 10
350 420  3  21 27 23
427 391  3  22 24 11
390 369  3  23 25 13
350 380  3  24 26 15
310 369  3  25 27 17
272 391  3  26 22 19

 28
302 235  3  4 7 1
279 202  3  0 9 2
350 180  3  1 12 3
382 226  3  2 14 4
341 220  3  3 5 0
350 260  3  4 16 6
311 287  3  5 18 7
276 267  3  6 8 0
270 308  3  7 20 9
235 262  3  8 10 1
235 337  3  9 21 11
467 461  3  10 23 12
420 202  3  11 13 2
464 262  3  12 24 14
414 252  3  13 15 3
429 291  3  14 25 16
388 287  3  15 17 5
373 332  3  16 26 18
326 332  3  17 19 6
317 373  3  18 27 20
285 347  3  19 21 8
279 397  3  20 22 10
350 420  3  21 27 23
420 397  3  22 24 11
464 337  3  23 25 13
423 332  3  24 26 15
397 364  3  25 27 17
358 379  3  26 22 19

 28
350 220  3  4 7 1
309 230  3  0 9 2
308 187  3  1 12 3
391 187  3  2 14 4
390 230  3  3 5 0
419 259  3  4 16 6
384 280  3  5 18 7
350 260  3  6 8 0
315 280  3  7 20 9
280 260  3  8 10 1
270 300  3  9 21 11
231 320  3  10 23 12
246 240  3  11 13 2
523 199  3  12 24 14
453 239  3  13 15 3
468 320  3  14 25 16
430 300  3  15 17 5
419 340  3  16 26 18
384 320  3  17 19 6
350 340  3  18 27 20
315 320  3  19 21 8
280 340  3  20 22 10
310 369  3  21 27 23
272 391  3  22 24 11
350 420  3  23 25 13
427 391  3  24 26 15
390 369  3  25 27 17
350 380  3  26 22 19

 28
397 235  3  4 7 1
358 220  3  0 9 2
317 226  3  1 12 3
350 180  3  2 14 4
420 202  3  3 5 0
464 262  3  4 16 6
429 308  3  5 18 7
423 267  3  6 8 0
388 287  3  7 20 9
350 260  3  8 10 1
311 287  3  9 21 11
270 291  3  10 23 12
285 252  3  11 13 2
235 262  3  12 24 14
279 202  3  13 15 3
540 361  3  14 25 16
464 337  3  15 17 5
420 397  3  16 26 18
414 347  3  17 19 6
382 373  3  18 27 20
373 332  3  19 21 8
326 332  3  20 22 10
302 364  3  21 27 23
276 332  3  22 24 11
235 337  3  23 25 13
279 397  3  24 26 15
350 420  3  25 27 17
341 379  3  26 22 19

 28
350 180  3  4 7 1
325 223  3  0 9 2
290 246  3  1 12 3
235 262  3  2 14 4
279 202  3  3 5 0
540 238  3  4 16 6
464 262  3  5 18 7
420 202  3  6 8 0
403 240  3  7 20 9
366 221  3  8 10 1
350 260  3  9 21 11
311 287  3  10 23 12
271 283  3  11 13 2
273 324  3  12 24 14
235 337  3  13 15 3
279 397  3  14 25 16
350 420  3  15 17 5
420 397  3  16 26 18
464 337  3  17 19 6
428 316  3  18 27 20
426 275  3  19 21 8
388 287  3  20 22 10
373 332  3  21 27 23
326 332  3  22 24 11
296 359  3  23 25 13
333 378  3  24 26 15
374 376  3  25 27 17
409 353  3  26 22 19

 28
350 180  3  4 7 1
374 223  3  0 9 2
333 221  3  1 12 3
296 240  3  2 14 4
279 202  3  3 5 0
235 262  3  4 16 6
467 138  3  5 18 7
420 202  3  6 8 0
464 262  3  7 20 9
409 246  3  8 10 1
428 283  3  9 21 11
388 287  3  10 23 12
350 260  3  11 13 2
311 287  3  12 24 14
273 275  3  13 15 3
271 316  3  14 25 16
235 337  3  15 17 5
279 397  3  16 26 18
350 420  3  17 19 6
420 397  3  18 27 20
464 337  3  19 21 8
426 324  3  20 22 10
403 359  3  21 27 23
373 332  3  22 24 11
326 332  3  23 25 13
290 353  3  24 26 15
325 376  3  25 27 17
366 378  3  26 22 19

 28
350 180  3  4 7 1
420 202  3  0 9 2
403 240  3  1 12 3
366 221  3  2 14 4
325 223  3  3 5 0
290 246  3  4 16 6
235 262  3  5 18 7
279 202  3  6 8 0
540 238  3  7 20 9
464 262  3  8 10 1
464 337  3  9 21 11
428 316  3  10 23 12
426 275  3  11 13 2
388 287  3  12 24 14
350 260  3  13 15 3
311 287  3  14 25 16
271 283  3  15 17 5
273 324  3  16 26 18
235 337  3  17 19 6
279 397  3  18 27 20
350 420  3  19 21 8
420 397  3  20 22 10
374 376  3  21 27 23
409 353  3  22 24 11
373 332  3  23 25 13
326 332  3  24 26 15
296 359  3  25 27 17
333 378  3  26 22 19

 28
350 180  3  4 7 1
420 202  3  0 9 2
464 262  3  1 12 3
409 246  3  2 14 4
374 223  3  3 5 0
333 221  3  4 16 6
296 240  3  5 18 7
279 202  3  6 8 0
235 262  3  7 20 9
467 138  3  8 10 1
350 420  3  9 21 11
420 397  3  10 23 12
464 337  3  11 13 2
426 324  3  12 24 14
428 283  3  13 15 3
388 287  3  14 25 16
350 260  3  15 17 5
311 287  3  16 26 18
273 275  3  17 19 6
271 316  3  18 27 20
235 337  3  19 21 8
279 397  3  20 22 10
325 376  3  21 27 23
366 378  3  22 24 11
403 359  3  23 25 13
373 332  3  24 26 15
326 332  3  25 27 17
290 353  3  26 22 19

 28
350 180  3  4 7 1
279 202  3  0 9 2
540 238  3  1 12 3
464 262  3  2 14 4
420 202  3  3 5 0
403 240  3  4 16 6
366 221  3  5 18 7
325 223  3  6 8 0
290 246  3  7 20 9
235 262  3  8 10 1
235 337  3  9 21 11
279 397  3  10 23 12
350 420  3  11 13 2
420 397  3  12 24 14
464 337  3  13 15 3
428 316  3  14 25 16
426 275  3  15 17 5
388 287  3  16 26 18
350 260  3  17 19 6
311 287  3  18 27 20
271 283  3  19 21 8
273 324  3  20 22 10
296 359  3  21 27 23
333 378  3  22 24 11
374 376  3  23 25 13
409 353  3  24 26 15
373 332  3  25 27 17
326 332  3  26 22 19

 28
464 262  3  4 7 1
420 202  3  0 9 2
350 180  3  1 12 3
540 361  3  2 14 4
464 337  3  3 5 0
420 397  3  4 16 6
419 340  3  5 18 7
430 300  3  6 8 0
419 259  3  7 20 9
390 230  3  8 10 1
350 220  3  9 21 11
309 230  3  10 23 12
279 202  3  11 13 2
235 262  3  12 24 14
235 337  3  13 15 3
279 397  3  14 25 16
350 420  3  15 17 5
350 380  3  16 26 18
390 369  3  17 19 6
373 332  3  18 27 20
388 287  3  19 21 8
350 260  3  20 22 10
311 287  3  21 27 23
280 260  3  22 24 11
270 300  3  23 25 13
280 340  3  24 26 15
310 369  3  25 27 17
326 332  3  26 22 19

 28
523 199  3  4 7 1
246 240  3  0 9 2
231 320  3  1 12 3
272 391  3  2 14 4
350 420  3  3 5 0
427 391  3  4 16 6
468 320  3  5 18 7
453 239  3  6 8 0
391 187  3  7 20 9
308 187  3  8 10 1
309 230  3  9 21 11
280 260  3  10 23 12
270 300  3  11 13 2
280 340  3  12 24 14
310 369  3  13 15 3
350 380  3  14 25 16
390 369  3  15 17 5
419 340  3  16 26 18
430 300  3  17 19 6
419 259  3  18 27 20
390 230  3  19 21 8
350 220  3  20 22 10
350 260  3  21 27 23
315 280  3  22 24 11
315 320  3  23 25 13
350 340  3  24 26 15
384 320  3  25 27 17
384 280  3  26 22 19

