  17    1  0   20   0  1  2  3  4  5  6  7  8  9 10 11
  17    1  1   20   0  1  2  3  4  5  6  7  8  9 10 11
  17    1  2   20   0  1  2  3  4  5  6  7  8  9 10 11
  17    1  3   20   0  1  2  3  4  5  6  7  8  9 10 11
  17    1  4   20   0  1  2  3  4  5  6  7  8  9 10 11
  17    1  5   20   0  1  2  3  4  5  6  7  8  9 10 11
  17    1  6   20   0  1  2  3  4  5  6  7  8  9 10 11
  17    1  7   20   0  1  2  3  4  5  6  7  8  9 10 11
  17    1  8   20   0  1  2  3  4  5  6  7  8  9 10 11
  17    1  9   20   0  1  2  3  4  5  6  7  8  9 10 11
  17    1 10   20   0  1  2  3  4  5  6  7  8  9 10 11
  17    1 11   20   0  1  2  3  4  5  6  7  8  9 10 11
