  68    1  1   26   0  1  2  3  4  6  8 10 11 12 13 14
  68    1  4   26   0  1  2  3  4  6  8 10 11 12 13 14
  68    1  5   26   0  1  2  3  4  6  8 10 11 12 13 14
  68    1  7   26   0  1  2  3  4  6  8 10 11 12 13 14
  68    1  8   26   0  1  2  3  4  6  8 10 11 12 13 14
  68    1  9   26   0  1  2  3  4  6  8 10 11 12 13 14
  69    1  6   26   0  1  2  3  4  6  8 10 11 12 13 14
  69    1 10   26   0  1  2  3  4  6  8 10 11 12 13 14
  69    1 13   26   0  1  2  3  4  6  8 10 11 12 13 14
  77    1  2   26   0  1  2  3  4  6  8 10 11 12 13 14
  77    1  3   26   0  1  2  3  4  6  8 10 11 12 13 14
  77    1 11   26   0  1  2  3  4  6  8 10 11 12 13 14
  77    1 12   26   0  1  2  3  4  6  8 10 11 12 13 14
  77    1 14   26   0  1  2  3  4  6  8 10 11 12 13 14
  78    1  0   26   0  1  2  3  4  6  8 10 11 12 13 14
