 34
350 260  3  4 7 1
388 287  3  0 9 2
373 332  3  1 11 3
326 332  3  2 13 4
311 287  3  3 5 0
282 257  3  4 15 6
314 228  3  5 17 7
359 220  3  6 8 0
401 238  3  7 19 9
426 275  3  8 10 1
427 320  3  9 21 11
403 359  3  10 12 2
362 379  3  11 23 13
318 373  3  12 14 3
283 344  3  13 25 15
270 301  3  14 16 5
258 222  3  15 27 17
308 187  3  16 18 6
370 181  3  17 28 19
427 208  3  18 20 8
462 258  3  19 30 21
468 320  3  20 22 10
441 377  3  21 31 23
391 412  3  22 24 12
329 418  3  23 32 25
272 391  3  24 26 14
237 341  3  25 33 27
231 279  3  26 28 16
258 168  3  27 29 18
244 84  3  28 33 30
522 133  3  29 31 20
561 412  3  30 32 22
308 536  3  31 33 24
112 333  3  32 29 26

 34
311 287  3  4 7 1
273 275  3  0 9 2
296 240  3  1 11 3
333 221  3  2 13 4
350 260  3  3 5 0
388 287  3  4 15 6
373 332  3  5 17 7
326 332  3  6 8 0
290 353  3  7 19 9
271 316  3  8 10 1
230 289  3  9 21 11
248 236  3  10 12 2
289 196  3  11 23 13
374 223  3  12 14 3
409 246  3  13 25 15
428 283  3  14 16 5
426 324  3  15 27 17
403 359  3  16 18 6
366 378  3  17 28 19
325 376  3  18 20 8
274 393  3  19 30 21
239 346  3  20 22 10
214 215  3  21 31 23
345 180  3  22 24 12
400 191  3  23 32 25
445 227  3  24 26 14
468 281  3  25 33 27
464 337  3  26 28 16
433 386  3  27 29 18
383 415  3  28 33 30
327 417  3  29 31 20
129 393  3  30 32 22
570 206  3  31 33 24
485 384  3  32 29 26

 34
350 260  3  4 7 1
311 287  3  0 9 2
276 267  3  1 11 3
302 235  3  2 13 4
341 220  3  3 5 0
382 226  3  4 15 6
414 252  3  5 17 7
388 287  3  6 8 0
373 332  3  7 19 9
326 332  3  8 10 1
285 347  3  9 21 11
270 308  3  10 12 2
240 251  3  11 23 13
279 202  3  12 14 3
337 180  3  13 25 15
398 190  3  14 16 5
447 229  3  15 27 17
429 291  3  16 18 6
423 332  3  17 28 19
397 364  3  18 20 8
358 379  3  19 30 21
317 373  3  20 22 10
252 370  3  21 31 23
230 312  3  22 24 12
154 258  3  23 32 25
329 101  3  24 26 14
532 218  3  25 33 27
469 287  3  26 28 16
459 348  3  27 29 18
420 397  3  28 33 30
362 419  3  29 31 20
301 409  3  30 32 22
250 473  3  31 33 24
483 448  3  32 29 26

 34
341 220  3  4 7 1
350 260  3  0 9 2
311 287  3  1 11 3
276 267  3  2 13 4
302 235  3  3 5 0
279 202  3  4 15 6
333 181  3  5 17 7
382 226  3  6 8 0
414 252  3  7 19 9
388 287  3  8 10 1
373 332  3  9 21 11
326 332  3  10 12 2
285 347  3  11 23 13
270 308  3  12 14 3
230 302  3  13 25 15
242 247  3  14 16 5
287 152  3  15 27 17
389 186  3  16 18 6
437 218  3  17 28 19
429 291  3  18 20 8
423 332  3  19 30 21
397 364  3  20 22 10
358 379  3  21 31 23
317 373  3  22 24 12
284 400  3  23 32 25
245 358  3  24 26 14
271 526  3  25 33 27
428 73  3  26 28 16
465 268  3  27 29 18
467 324  3  28 33 30
441 377  3  29 31 20
394 411  3  30 32 22
339 419  3  31 33 24
446 427  3  32 29 26

 34
312 229  3  4 7 1
350 220  3  0 9 2
350 260  3  1 11 3
311 287  3  2 13 4
284 254  3  3 5 0
270 290  3  4 15 6
251 231  3  5 17 7
293 194  3  6 8 0
350 180  3  7 19 9
387 229  3  8 10 1
415 254  3  9 21 11
388 287  3  10 12 2
373 332  3  11 23 13
326 332  3  12 14 3
297 360  3  13 25 15
275 328  3  14 16 5
237 343  3  15 27 17
230 285  3  16 18 6
274 158  3  17 28 19
406 194  3  18 20 8
448 231  3  19 30 21
429 290  3  20 22 10
424 328  3  21 31 23
403 359  3  22 24 12
369 377  3  23 32 25
330 377  3  24 26 14
320 416  3  25 33 27
271 390  3  26 28 16
192 481  3  27 29 18
482 389  3  28 33 30
469 285  3  29 31 20
462 343  3  30 32 22
430 389  3  31 33 24
379 416  3  32 29 26

 34
350 220  3  4 7 1
385 228  3  0 9 2
412 249  3  1 11 3
384 280  3  2 13 4
350 260  3  3 5 0
315 280  3  4 15 6
287 249  3  5 17 7
314 228  3  6 8 0
327 182  3  7 19 9
389 186  3  8 10 1
440 221  3  9 21 11
427 282  3  10 12 2
427 317  3  11 23 13
384 320  3  12 14 3
350 340  3  13 25 15
315 320  3  14 16 5
272 317  3  15 27 17
272 282  3  16 18 6
236 260  3  17 28 19
271 209  3  18 20 8
415 110  3  19 30 21
467 277  3  20 22 10
463 339  3  21 31 23
412 350  3  22 24 12
385 371  3  23 32 25
350 380  3  24 26 14
314 371  3  25 33 27
287 350  3  26 28 16
232 322  3  27 29 18
259 378  3  28 33 30
336 499  3  29 31 20
428 390  3  30 32 22
372 417  3  31 33 24
310 413  3  32 29 26

 34
299 237  3  4 7 1
286 198  3  0 9 2
345 180  3  1 11 3
373 223  3  2 13 4
334 221  3  3 5 0
350 260  3  4 15 6
311 287  3  5 17 7
276 267  3  6 8 0
270 305  3  7 19 9
244 243  3  8 10 1
155 255  3  9 21 11
394 105  3  10 12 2
406 194  3  11 23 13
405 242  3  12 14 3
426 275  3  13 25 15
388 287  3  14 16 5
373 332  3  15 27 17
326 332  3  16 18 6
310 369  3  17 28 19
282 342  3  18 20 8
248 363  3  19 30 21
230 304  3  20 22 10
291 108  3  21 31 23
451 236  3  22 24 12
469 295  3  23 32 25
428 313  3  24 26 14
413 348  3  25 33 27
383 372  3  26 28 16
345 379  3  27 29 18
354 419  3  28 33 30
293 405  3  29 31 20
408 491  3  30 32 22
455 356  3  31 33 24
413 401  3  32 29 26

 34
362 220  3  4 7 1
326 223  3  0 9 2
354 180  3  1 11 3
418 201  3  2 13 4
395 234  3  3 5 0
419 259  3  4 15 6
384 280  3  5 17 7
350 260  3  6 8 0
315 280  3  7 19 9
296 240  3  8 10 1
275 270  3  9 21 11
289 196  3  10 12 2
203 163  3  11 23 13
505 174  3  12 14 3
461 255  3  13 25 15
429 294  3  14 16 5
424 329  3  15 27 17
384 320  3  16 18 6
350 340  3  17 28 19
315 320  3  18 20 8
280 340  3  19 30 21
270 305  3  20 22 10
230 312  3  21 31 23
243 245  3  22 24 12
284 489  3  23 32 25
468 320  3  24 26 14
437 381  3  25 33 27
403 359  3  26 28 16
373 376  3  27 29 18
337 379  3  28 33 30
304 365  3  29 31 20
256 375  3  30 32 22
310 413  3  31 33 24
379 416  3  32 29 26

 34
382 226  3  4 7 1
350 220  3  0 9 2
317 226  3  1 11 3
311 144  3  2 13 4
388 144  3  3 5 0
457 181  3  4 15 6
426 275  3  5 17 7
409 246  3  6 8 0
384 280  3  7 19 9
350 260  3  8 10 1
315 280  3  9 21 11
290 246  3  10 12 2
273 275  3  11 23 13
245 179  3  12 14 3
200 242  3  13 25 15
499 242  3  14 16 5
508 319  3  15 27 17
429 308  3  16 18 6
419 340  3  17 28 19
384 320  3  18 20 8
350 340  3  19 30 21
315 320  3  20 22 10
280 340  3  21 31 23
270 308  3  22 24 12
218 391  3  23 32 25
191 319  3  24 26 14
425 441  3  25 33 27
481 391  3  26 28 16
397 364  3  27 29 18
366 378  3  28 33 30
333 378  3  29 31 20
302 364  3  30 32 22
274 441  3  31 33 24
350 460  3  32 29 26

 34
420 156  3  4 7 1
385 228  3  0 9 2
350 220  3  1 11 3
314 228  3  2 13 4
349 140  3  3 5 0
279 156  3  4 15 6
505 264  3  5 17 7
474 199  3  6 8 0
427 282  3  7 19 9
412 249  3  8 10 1
384 280  3  9 21 11
350 260  3  10 12 2
315 280  3  11 23 13
287 249  3  12 14 3
272 282  3  13 25 15
225 199  3  14 16 5
194 264  3  15 27 17
505 335  3  16 18 6
474 400  3  17 28 19
427 317  3  18 20 8
412 350  3  19 30 21
384 320  3  20 22 10
350 340  3  21 31 23
315 320  3  22 24 12
287 350  3  23 32 25
272 317  3  24 26 14
225 400  3  25 33 27
194 335  3  26 28 16
420 443  3  27 29 18
350 460  3  28 33 30
385 371  3  29 31 20
350 380  3  30 32 22
314 371  3  31 33 24
279 443  3  32 29 26

 34
352 140  3  4 7 1
425 158  3  0 9 2
397 235  3  1 11 3
366 221  3  2 13 4
333 221  3  3 5 0
302 235  3  4 15 6
218 208  3  5 17 7
277 157  3  6 8 0
509 283  3  7 19 9
482 210  3  8 10 1
429 291  3  9 21 11
419 259  3  10 12 2
384 280  3  11 23 13
350 260  3  12 14 3
315 280  3  13 25 15
280 260  3  14 16 5
270 291  3  15 27 17
191 277  3  16 18 6
199 354  3  17 28 19
499 357  3  18 20 8
454 420  3  19 30 21
426 324  3  20 22 10
409 353  3  21 31 23
384 320  3  22 24 12
350 340  3  23 32 25
315 320  3  24 26 14
290 353  3  25 33 27
273 324  3  26 28 16
242 418  3  27 29 18
311 455  3  28 33 30
385 455  3  29 31 20
382 373  3  30 32 22
350 380  3  31 33 24
317 373  3  32 29 26

 34
318 184  3  4 7 1
385 185  3  0 9 2
441 222  3  1 11 3
394 233  3  2 13 4
362 220  3  3 5 0
326 223  3  4 15 6
295 241  3  5 17 7
260 219  3  6 8 0
231 281  3  7 19 9
408 108  3  8 10 1
457 352  3  9 21 11
469 285  3  10 12 2
429 294  3  11 23 13
419 259  3  12 14 3
384 280  3  13 25 15
350 260  3  14 16 5
315 280  3  15 27 17
275 270  3  16 18 6
270 305  3  17 28 19
239 346  3  18 20 8
196 428  3  19 30 21
498 433  3  20 22 10
413 401  3  21 31 23
424 329  3  22 24 12
404 358  3  23 32 25
384 320  3  24 26 14
350 340  3  25 33 27
315 320  3  26 28 16
280 340  3  27 29 18
305 366  3  28 33 30
282 399  3  29 31 20
347 419  3  30 32 22
373 376  3  31 33 24
337 379  3  32 29 26

 34
358 180  3  4 7 1
297 192  3  0 9 2
415 110  3  1 11 3
457 247  3  2 13 4
417 200  3  3 5 0
399 236  3  4 15 6
365 221  3  5 17 7
326 223  3  6 8 0
293 243  3  7 19 9
250 232  3  8 10 1
230 291  3  9 21 11
284 489  3  10 12 2
449 367  3  11 23 13
469 308  3  12 14 3
429 305  3  13 25 15
423 267  3  14 16 5
388 287  3  15 27 17
350 260  3  16 18 6
311 287  3  17 28 19
273 275  3  18 20 8
271 313  3  19 30 21
242 352  3  20 22 10
199 431  3  21 31 23
481 450  3  22 24 12
402 407  3  23 32 25
418 341  3  24 26 14
391 368  3  25 33 27
373 332  3  26 28 16
326 332  3  27 29 18
317 373  3  28 33 30
286 349  3  29 31 20
282 399  3  30 32 22
341 419  3  31 33 24
354 379  3  32 29 26

 34
389 186  3  4 7 1
327 182  3  0 9 2
271 209  3  1 11 3
363 100  3  2 13 4
440 221  3  3 5 0
467 277  3  4 15 6
412 249  3  5 17 7
383 227  3  6 8 0
350 220  3  7 19 9
314 228  3  8 10 1
286 250  3  9 21 11
236 260  3  10 12 2
232 322  3  11 23 13
284 489  3  12 14 3
428 390  3  13 25 15
463 339  3  14 16 5
427 317  3  15 27 17
427 282  3  16 18 6
384 280  3  17 28 19
350 260  3  18 20 8
315 280  3  19 30 21
272 282  3  20 22 10
272 317  3  21 31 23
259 378  3  22 24 12
310 413  3  23 32 25
372 417  3  24 26 14
385 371  3  25 33 27
413 349  3  26 28 16
384 320  3  27 29 18
350 340  3  28 33 30
315 320  3  29 31 20
287 350  3  30 32 22
316 372  3  31 33 24
350 380  3  32 29 26

 34
396 189  3  4 7 1
339 180  3  0 9 2
284 199  3  1 11 3
246 240  3  2 13 4
297 148  3  3 5 0
584 250  3  4 15 6
467 275  3  5 17 7
441 222  3  6 8 0
411 248  3  7 19 9
379 225  3  8 10 1
343 220  3  9 21 11
306 232  3  10 12 2
280 261  3  11 23 13
230 295  3  12 14 3
242 352  3  13 25 15
327 458  3  14 16 5
437 381  3  15 27 17
465 333  3  16 18 6
427 320  3  17 28 19
428 283  3  18 20 8
388 287  3  19 30 21
350 260  3  20 22 10
311 287  3  21 31 23
270 297  3  22 24 12
278 335  3  23 32 25
277 395  3  24 26 14
331 418  3  25 33 27
389 413  3  26 28 16
408 354  3  27 29 18
376 375  3  28 33 30
373 332  3  29 31 20
326 332  3  30 32 22
302 364  3  31 33 24
338 379  3  32 29 26

 34
347 140  3  4 7 1
428 209  3  0 9 2
379 183  3  1 11 3
320 183  3  2 13 4
269 210  3  3 5 0
237 256  3  4 15 6
153 437  3  5 17 7
546 162  3  6 8 0
469 314  3  7 19 9
462 256  3  8 10 1
419 259  3  9 21 11
390 230  3  10 12 2
350 220  3  11 23 13
309 230  3  12 14 3
280 260  3  13 25 15
230 314  3  14 16 5
251 368  3  15 27 17
314 455  3  16 18 6
406 405  3  17 28 19
449 367  3  18 20 8
419 340  3  19 30 21
430 300  3  20 22 10
388 287  3  21 31 23
350 260  3  22 24 12
311 287  3  23 32 25
270 300  3  24 26 14
280 340  3  25 33 27
293 405  3  26 28 16
350 420  3  27 29 18
350 380  3  28 33 30
390 369  3  29 31 20
373 332  3  30 32 22
326 332  3  31 33 24
310 369  3  32 29 26

 34
329 101  3  4 7 1
532 218  3  0 9 2
453 239  3  1 11 3
410 196  3  2 13 4
350 180  3  3 5 0
289 196  3  4 15 6
246 240  3  5 17 7
154 258  3  6 8 0
250 473  3  7 19 9
483 448  3  8 10 1
453 360  3  9 21 11
470 300  3  10 12 2
419 259  3  11 23 13
390 230  3  12 14 3
350 220  3  13 25 15
309 230  3  14 16 5
280 260  3  15 27 17
230 300  3  16 18 6
246 360  3  17 28 19
290 403  3  18 20 8
350 420  3  19 30 21
410 403  3  20 22 10
419 340  3  21 31 23
430 300  3  22 24 12
388 287  3  23 32 25
350 260  3  24 26 14
311 287  3  25 33 27
270 300  3  26 28 16
280 340  3  27 29 18
310 369  3  28 33 30
350 380  3  29 31 20
390 369  3  30 32 22
373 332  3  31 33 24
326 332  3  32 29 26

 34
470 195  3  4 7 1
324 61  3  0 9 2
375 538  3  1 11 3
454 358  3  2 13 4
469 302  3  3 5 0
456 245  3  4 15 6
420 202  3  5 17 7
366 181  3  6 8 0
308 187  3  7 19 9
262 218  3  8 10 1
234 268  3  9 21 11
229 404  3  10 12 2
362 419  3  11 23 13
417 399  3  12 14 3
414 347  3  13 25 15
429 308  3  14 16 5
423 267  3  15 27 17
397 235  3  16 18 6
358 220  3  17 28 19
317 226  3  18 20 8
285 252  3  19 30 21
233 326  3  20 22 10
258 377  3  21 31 23
305 411  3  22 24 12
341 379  3  23 32 25
382 373  3  24 26 14
373 332  3  25 33 27
388 287  3  26 28 16
350 260  3  27 29 18
311 287  3  28 33 30
270 291  3  29 31 20
276 332  3  30 32 22
302 364  3  31 33 24
326 332  3  32 29 26

 34
241 86  3  4 7 1
112 337  3  0 9 2
312 537  3  1 11 3
563 408  3  2 13 4
519 130  3  3 5 0
444 170  3  4 15 6
331 181  3  5 17 7
274 206  3  6 8 0
237 256  3  7 19 9
231 318  3  8 10 1
256 375  3  9 21 11
306 412  3  10 12 2
368 418  3  11 23 13
425 393  3  12 14 3
462 343  3  13 25 15
468 281  3  14 16 5
443 224  3  15 27 17
393 187  3  16 18 6
322 224  3  17 28 19
286 251  3  18 20 8
270 293  3  19 30 21
279 337  3  20 22 10
311 369  3  21 31 23
355 379  3  22 24 12
397 364  3  23 32 25
424 328  3  24 26 14
428 283  3  25 33 27
406 243  3  26 28 16
367 222  3  27 29 18
350 260  3  28 33 30
311 287  3  29 31 20
326 332  3  30 32 22
373 332  3  31 33 24
388 287  3  32 29 26

 34
350 260  3  4 7 1
388 287  3  0 9 2
373 332  3  1 11 3
326 332  3  2 13 4
311 287  3  3 5 0
282 257  3  4 15 6
314 228  3  5 18 7
359 220  3  6 8 0
401 238  3  7 20 9
426 275  3  8 10 1
427 320  3  9 22 11
403 359  3  10 12 2
362 379  3  11 24 13
318 373  3  12 14 3
283 344  3  13 26 15
270 301  3  14 16 5
232 275  3  15 27 17
260 219  3  16 29 18
312 185  3  17 19 6
374 182  3  18 30 20
430 210  3  19 21 8
464 262  3  20 31 22
467 324  3  21 23 10
439 380  3  22 32 24
387 414  3  23 25 12
325 417  3  24 33 26
269 389  3  25 27 14
235 337  3  26 28 16
159 361  3  27 33 29
201 166  3  28 30 17
391 104  3  29 31 19
540 238  3  30 32 21
498 433  3  31 33 23
308 495  3  32 28 25

 34
311 287  3  4 7 1
273 275  3  0 9 2
293 243  3  1 11 3
326 223  3  2 13 4
350 260  3  3 5 0
388 287  3  4 15 6
373 332  3  5 18 7
326 332  3  6 8 0
286 349  3  7 20 9
271 313  3  8 10 1
235 262  3  9 22 11
265 215  3  10 12 2
314 185  3  11 24 13
365 221  3  12 14 3
399 236  3  13 26 15
423 267  3  14 16 5
429 305  3  15 27 17
418 341  3  16 29 18
391 368  3  17 19 6
354 379  3  18 30 20
317 373  3  19 21 8
255 373  3  20 31 22
231 320  3  21 23 10
236 186  3  22 32 24
372 182  3  23 25 12
423 205  3  24 33 26
459 251  3  25 27 14
469 308  3  26 28 16
452 361  3  27 33 29
411 402  3  28 30 17
356 419  3  29 31 19
301 409  3  30 32 21
180 130  3  31 33 23
507 269  3  32 28 25

 34
350 260  3  4 7 1
311 287  3  0 9 2
276 267  3  1 11 3
302 235  3  2 13 4
341 220  3  3 5 0
382 226  3  4 15 6
414 252  3  5 18 7
388 287  3  6 8 0
373 332  3  7 20 9
326 332  3  8 10 1
285 347  3  9 22 11
270 308  3  10 12 2
231 281  3  11 24 13
256 224  3  12 14 3
306 187  3  13 26 15
368 181  3  14 16 5
425 206  3  15 27 17
462 256  3  16 29 18
429 291  3  17 19 6
423 332  3  18 30 20
397 364  3  19 21 8
358 379  3  20 31 22
317 373  3  21 23 10
274 393  3  22 32 24
237 343  3  23 25 12
156 351  3  24 33 26
241 132  3  25 27 14
475 144  3  26 28 16
536 371  3  27 33 29
468 318  3  28 30 17
443 375  3  29 31 19
393 412  3  30 32 21
331 418  3  31 33 23
339 499  3  32 28 25

 34
341 220  3  4 7 1
350 260  3  0 9 2
311 287  3  1 11 3
276 267  3  2 13 4
302 235  3  3 5 0
279 202  3  4 15 6
337 180  3  5 18 7
382 226  3  6 8 0
414 252  3  7 20 9
388 287  3  8 10 1
373 332  3  9 22 11
326 332  3  10 12 2
285 347  3  11 24 13
270 308  3  12 14 3
230 312  3  13 26 15
240 251  3  14 16 5
188 182  3  15 27 17
411 109  3  16 29 18
398 190  3  17 19 6
447 229  3  18 30 20
429 291  3  19 21 8
423 332  3  20 31 22
397 364  3  21 23 10
358 379  3  22 32 24
317 373  3  23 25 12
301 409  3  24 33 26
252 370  3  25 27 14
188 417  3  26 28 16
411 490  3  27 33 29
550 300  3  28 30 17
469 287  3  29 31 19
459 348  3  30 32 21
420 397  3  31 33 23
362 419  3  32 28 25

 34
312 229  3  4 7 1
350 220  3  0 9 2
350 260  3  1 11 3
311 287  3  2 13 4
284 254  3  3 5 0
270 290  3  4 15 6
251 231  3  5 18 7
293 194  3  6 8 0
350 180  3  7 20 9
387 229  3  8 10 1
415 254  3  9 22 11
388 287  3  10 12 2
373 332  3  11 24 13
326 332  3  12 14 3
297 360  3  13 26 15
275 328  3  14 16 5
271 390  3  15 27 17
237 343  3  16 29 18
230 285  3  17 19 6
274 158  3  18 30 20
406 194  3  19 21 8
448 231  3  20 31 22
429 290  3  21 23 10
424 328  3  22 32 24
403 359  3  23 25 12
369 377  3  24 33 26
330 377  3  25 27 14
320 416  3  26 28 16
379 416  3  27 33 29
277 442  3  28 30 17
588 270  3  29 31 19
469 285  3  30 32 21
462 343  3  31 33 23
430 389  3  32 28 25

 34
355 220  3  4 7 1
390 230  3  0 9 2
415 254  3  1 11 3
384 280  3  2 13 4
350 260  3  3 5 0
315 280  3  4 15 6
291 245  3  5 18 7
320 225  3  6 8 0
350 180  3  7 20 9
410 196  3  8 10 1
453 239  3  9 22 11
429 287  3  10 12 2
426 323  3  11 24 13
384 320  3  12 14 3
350 340  3  13 26 15
315 320  3  14 16 5
284 345  3  15 27 17
270 312  3  16 29 18
273 276  3  17 19 6
246 240  3  18 30 20
289 196  3  19 21 8
450 126  3  20 31 22
470 300  3  21 23 10
453 360  3  22 32 24
408 354  3  23 25 12
379 374  3  24 33 26
344 379  3  25 27 14
310 369  3  26 28 16
290 403  3  27 33 29
246 360  3  28 30 17
230 300  3  29 31 19
250 473  3  30 32 21
410 403  3  31 33 23
350 420  3  32 28 25

 34
309 230  3  4 7 1
295 193  3  0 9 2
362 180  3  1 11 3
379 225  3  2 13 4
344 220  3  3 5 0
350 260  3  4 15 6
315 280  3  5 18 7
284 254  3  6 8 0
270 287  3  7 20 9
247 238  3  8 10 1
155 251  3  9 22 11
424 114  3  10 12 2
425 206  3  11 24 13
408 245  3  12 14 3
426 276  3  13 26 15
384 280  3  14 16 5
384 320  3  15 27 17
350 340  3  16 29 18
315 320  3  17 19 6
291 354  3  18 30 20
273 323  3  19 21 8
251 368  3  20 31 22
230 304  3  21 23 10
384 496  3  22 32 24
463 260  3  23 25 12
466 329  3  24 33 26
429 312  3  25 27 14
415 345  3  26 28 16
390 369  3  27 33 29
355 379  3  28 30 17
320 374  3  29 31 19
305 411  3  30 32 21
370 418  3  31 33 23
431 387  3  32 28 25

 34
350 220  3  4 7 1
314 228  3  0 9 2
314 185  3  1 11 3
383 184  3  2 13 4
385 228  3  3 5 0
412 249  3  4 15 6
384 280  3  5 18 7
350 260  3  6 8 0
315 280  3  7 20 9
287 249  3  8 10 1
272 282  3  9 22 11
259 221  3  10 12 2
167 218  3  11 24 13
455 130  3  12 14 3
440 221  3  13 26 15
427 282  3  14 16 5
427 317  3  15 27 17
412 350  3  16 29 18
384 320  3  17 19 6
350 340  3  18 30 20
315 320  3  19 21 8
287 350  3  20 31 22
272 317  3  21 23 10
241 350  3  22 32 24
231 283  3  23 25 12
350 500  3  24 33 26
468 281  3  25 27 14
459 348  3  26 28 16
415 400  3  27 33 29
385 371  3  28 30 17
350 380  3  29 31 19
314 371  3  30 32 21
286 401  3  31 33 23
350 420  3  32 28 25

 34
385 228  3  4 7 1
350 220  3  0 9 2
314 228  3  1 11 3
314 185  3  2 13 4
383 184  3  3 5 0
440 221  3  4 15 6
427 282  3  5 18 7
412 249  3  6 8 0
384 280  3  7 20 9
350 260  3  8 10 1
315 280  3  9 22 11
287 249  3  10 12 2
272 282  3  11 24 13
259 221  3  12 14 3
167 218  3  13 26 15
531 215  3  14 16 5
468 281  3  15 27 17
459 348  3  16 29 18
427 317  3  17 19 6
412 350  3  18 30 20
384 320  3  19 21 8
350 340  3  20 31 22
315 320  3  21 23 10
287 350  3  22 32 24
272 317  3  23 25 12
241 350  3  24 33 26
231 283  3  25 27 14
350 500  3  26 28 16
350 420  3  27 33 29
415 400  3  28 30 17
385 371  3  29 31 19
350 380  3  30 32 21
314 371  3  31 33 23
286 401  3  32 28 25

 34
383 184  3  4 7 1
385 228  3  0 9 2
350 220  3  1 11 3
314 228  3  2 13 4
314 185  3  3 5 0
241 132  3  4 15 6
531 215  3  5 18 7
440 221  3  6 8 0
427 282  3  7 20 9
412 249  3  8 10 1
384 280  3  9 22 11
350 260  3  10 12 2
315 280  3  11 24 13
287 249  3  12 14 3
272 282  3  13 26 15
259 221  3  14 16 5
231 283  3  15 27 17
350 500  3  16 29 18
468 281  3  17 19 6
459 348  3  18 30 20
427 317  3  19 21 8
412 350  3  20 31 22
384 320  3  21 23 10
350 340  3  22 32 24
315 320  3  23 25 12
287 350  3  24 33 26
272 317  3  25 27 14
241 350  3  26 28 16
286 401  3  27 33 29
350 420  3  28 30 17
415 400  3  29 31 19
385 371  3  30 32 21
350 380  3  31 33 23
314 371  3  32 28 25

 34
339 180  3  4 7 1
404 193  3  0 9 2
388 230  3  1 11 3
355 220  3  2 13 4
320 225  3  3 5 0
290 246  3  4 15 6
276 205  3  5 18 7
275 114  3  6 8 0
544 251  3  7 20 9
453 239  3  8 10 1
429 287  3  9 22 11
415 254  3  10 12 2
384 280  3  11 24 13
350 260  3  12 14 3
315 280  3  13 26 15
273 276  3  14 16 5
270 312  3  15 27 17
233 326  3  16 29 18
236 260  3  17 19 6
549 310  3  18 30 20
469 306  3  19 21 8
447 370  3  20 31 22
426 323  3  21 23 10
409 353  3  22 32 24
384 320  3  23 25 12
350 340  3  24 33 26
315 320  3  25 27 14
284 345  3  26 28 16
311 369  3  27 33 29
266 386  3  28 30 17
327 417  3  29 31 19
394 411  3  30 32 21
379 374  3  31 33 23
344 379  3  32 28 25

 34
370 181  3  4 7 1
420 202  3  0 9 2
455 243  3  1 11 3
411 248  3  2 13 4
379 225  3  3 5 0
343 220  3  4 15 6
306 232  3  5 18 7
316 184  3  6 8 0
271 209  3  7 20 9
467 138  3  8 10 1
460 346  3  9 22 11
469 293  3  10 12 2
427 320  3  11 24 13
428 283  3  12 14 3
388 287  3  13 26 15
350 260  3  14 16 5
311 287  3  15 27 17
270 297  3  16 29 18
280 261  3  17 19 6
230 306  3  18 30 20
239 253  3  19 21 8
481 450  3  20 31 22
428 390  3  21 23 10
383 415  3  22 32 24
408 354  3  23 25 12
376 375  3  24 33 26
373 332  3  25 27 14
326 332  3  26 28 16
302 364  3  27 33 29
278 335  3  28 30 17
244 356  3  29 31 19
279 397  3  30 32 21
329 418  3  31 33 23
338 379  3  32 28 25

 34
260 219  3  4 7 1
188 182  3  0 9 2
411 109  3  1 11 3
374 182  3  2 13 4
312 185  3  3 5 0
325 223  3  4 15 6
290 246  3  5 18 7
232 275  3  6 8 0
235 337  3  7 20 9
188 417  3  8 10 1
411 490  3  9 22 11
550 300  3  10 12 2
464 262  3  11 24 13
430 210  3  12 14 3
403 240  3  13 26 15
366 221  3  14 16 5
350 260  3  15 27 17
311 287  3  16 29 18
271 283  3  17 19 6
273 324  3  18 30 20
269 389  3  19 21 8
325 417  3  20 31 22
387 414  3  21 23 10
439 380  3  22 32 24
467 324  3  23 25 12
428 316  3  24 33 26
426 275  3  25 27 14
388 287  3  26 28 16
373 332  3  27 33 29
326 332  3  28 30 17
296 359  3  29 31 19
333 378  3  30 32 21
374 376  3  31 33 23
409 353  3  32 28 25

 34
293 194  3  4 7 1
251 231  3  0 9 2
311 144  3  1 11 3
406 194  3  2 13 4
350 180  3  3 5 0
386 228  3  4 15 6
350 220  3  5 18 7
312 229  3  6 8 0
283 255  3  7 20 9
230 285  3  8 10 1
237 343  3  9 22 11
291 67  3  10 12 2
500 354  3  11 24 13
448 231  3  12 14 3
469 285  3  13 26 15
415 254  3  14 16 5
429 290  3  15 27 17
388 287  3  16 29 18
350 260  3  17 19 6
311 287  3  18 30 20
270 290  3  19 21 8
275 328  3  20 31 22
269 389  3  21 23 10
320 416  3  22 32 24
379 416  3  23 25 12
430 389  3  24 33 26
462 343  3  25 27 14
425 327  3  26 28 16
403 359  3  27 33 29
373 332  3  28 30 17
326 332  3  29 31 19
297 360  3  30 32 21
332 377  3  31 33 23
369 377  3  32 28 25

 34
376 183  3  4 7 1
318 184  3  0 9 2
269 210  3  1 11 3
347 140  3  2 13 4
428 209  3  3 5 0
461 255  3  4 15 6
415 254  3  5 18 7
386 228  3  6 8 0
350 220  3  7 20 9
312 229  3  8 10 1
283 255  3  9 22 11
237 258  3  10 12 2
231 316  3  11 24 13
127 389  3  12 14 3
459 417  3  13 26 15
469 312  3  14 16 5
449 367  3  15 27 17
425 327  3  16 29 18
429 290  3  17 19 6
388 287  3  18 30 20
350 260  3  19 21 8
311 287  3  20 31 22
270 290  3  21 23 10
275 328  3  22 32 24
251 368  3  23 25 12
295 406  3  24 33 26
352 419  3  25 27 14
408 404  3  26 28 16
369 377  3  27 33 29
403 359  3  28 30 17
373 332  3  29 31 19
326 332  3  30 32 21
297 360  3  31 33 23
332 377  3  32 28 25

 34
428 209  3  4 7 1
376 183  3  0 9 2
318 184  3  1 11 3
269 210  3  2 13 4
347 140  3  3 5 0
588 325  3  4 15 6
469 312  3  5 18 7
461 255  3  6 8 0
415 254  3  7 20 9
386 228  3  8 10 1
350 220  3  9 22 11
312 229  3  10 12 2
283 255  3  11 24 13
237 258  3  12 14 3
231 316  3  13 26 15
247 422  3  14 16 5
352 419  3  15 27 17
408 404  3  16 29 18
449 367  3  17 19 6
425 327  3  18 30 20
429 290  3  19 21 8
388 287  3  20 31 22
350 260  3  21 23 10
311 287  3  22 32 24
270 290  3  23 25 12
275 328  3  24 33 26
251 368  3  25 27 14
295 406  3  26 28 16
332 377  3  27 33 29
369 377  3  28 30 17
403 359  3  29 31 19
373 332  3  30 32 21
326 332  3  31 33 23
297 360  3  32 28 25

 34
385 144  3  4 7 1
448 231  3  0 9 2
404 193  3  1 11 3
347 180  3  2 13 4
293 194  3  3 5 0
250 232  3  4 15 6
201 359  3  5 18 7
349 60  3  6 8 0
462 341  3  7 20 9
468 283  3  8 10 1
415 254  3  9 22 11
386 228  3  10 12 2
350 220  3  11 24 13
312 229  3  12 14 3
283 255  3  13 26 15
230 287  3  14 16 5
237 343  3  15 27 17
271 390  3  16 29 18
323 416  3  17 19 6
381 415  3  18 30 20
430 389  3  19 21 8
425 327  3  20 31 22
429 290  3  21 23 10
388 287  3  22 32 24
350 260  3  23 25 12
311 287  3  24 33 26
270 290  3  25 27 14
275 328  3  26 28 16
297 360  3  27 33 29
332 377  3  28 30 17
369 377  3  29 31 19
403 359  3  30 32 21
373 332  3  31 33 23
326 332  3  32 28 25

 34
475 144  3  4 7 1
536 371  3  0 9 2
465 331  3  1 11 3
465 268  3  2 13 4
434 215  3  3 5 0
381 184  3  4 15 6
318 184  3  5 18 7
241 132  3  6 8 0
156 351  3  7 20 9
339 499  3  8 10 1
381 415  3  9 22 11
434 384  3  10 12 2
419 340  3  11 24 13
430 300  3  12 14 3
419 259  3  13 26 15
390 230  3  14 16 5
350 220  3  15 27 17
309 230  3  16 29 18
265 215  3  17 19 6
234 268  3  18 30 20
234 331  3  19 21 8
265 384  3  20 31 22
318 415  3  21 23 10
350 380  3  22 32 24
390 369  3  23 25 12
373 332  3  24 33 26
388 287  3  25 27 14
350 260  3  26 28 16
311 287  3  27 33 29
280 260  3  28 30 17
270 300  3  29 31 19
280 340  3  30 32 21
310 369  3  31 33 23
326 332  3  32 28 25

 34
160 365  3  4 7 1
353 499  3  0 9 2
541 358  3  1 11 3
464 136  3  2 13 4
229 140  3  3 5 0
258 222  3  4 15 6
231 283  3  5 18 7
241 350  3  6 8 0
286 401  3  7 20 9
352 419  3  8 10 1
415 400  3  9 22 11
459 348  3  10 12 2
468 281  3  11 24 13
439 219  3  12 14 3
383 184  3  13 26 15
314 185  3  14 16 5
309 230  3  15 27 17
280 260  3  16 29 18
270 300  3  17 19 6
280 340  3  18 30 20
310 369  3  19 21 8
350 380  3  20 31 22
390 369  3  21 23 10
419 340  3  22 32 24
430 300  3  23 25 12
419 259  3  24 33 26
390 230  3  25 27 14
350 220  3  26 28 16
350 260  3  27 33 29
315 280  3  28 30 17
315 320  3  29 31 19
350 340  3  30 32 21
384 320  3  31 33 23
384 280  3  32 28 25

 34
350 260  3  4 7 1
388 287  3  0 9 2
373 332  3  1 11 3
326 332  3  2 14 4
311 287  3  3 5 0
285 252  3  4 16 6
317 226  3  5 18 7
358 220  3  6 8 0
397 235  3  7 20 9
423 267  3  8 10 1
429 308  3  9 22 11
414 347  3  10 12 2
382 373  3  11 23 13
341 379  3  12 25 14
302 364  3  13 15 3
276 332  3  14 27 16
270 291  3  15 17 5
252 229  3  16 28 18
301 190  3  17 19 6
362 180  3  18 30 20
420 202  3  19 21 8
459 251  3  20 31 22
469 312  3  21 23 10
447 370  3  22 24 12
398 409  3  23 32 25
337 419  3  24 26 13
279 397  3  25 33 27
240 348  3  26 28 15
230 287  3  27 29 17
159 238  3  28 33 30
349 100  3  29 31 19
540 238  3  30 32 21
467 461  3  31 33 24
232 461  3  32 29 26

 34
311 287  3  4 7 1
273 275  3  0 9 2
296 240  3  1 11 3
333 221  3  2 14 4
350 260  3  3 5 0
388 287  3  4 16 6
373 332  3  5 18 7
326 332  3  6 8 0
290 353  3  7 20 9
271 316  3  8 10 1
230 302  3  9 22 11
242 247  3  10 12 2
279 202  3  11 23 13
333 181  3  12 25 14
374 223  3  13 15 3
409 246  3  14 27 16
428 283  3  15 17 5
426 324  3  16 28 18
403 359  3  17 19 6
366 378  3  18 30 20
325 376  3  19 21 8
284 400  3  20 31 22
245 358  3  21 23 10
193 266  3  22 24 12
205 108  3  23 32 25
389 186  3  24 26 13
437 218  3  25 33 27
465 268  3  26 28 15
467 324  3  27 29 17
441 377  3  28 33 30
394 411  3  29 31 19
339 419  3  30 32 21
494 491  3  31 33 24
509 294  3  32 29 26

 34
350 260  3  4 7 1
311 287  3  0 9 2
276 267  3  1 11 3
302 235  3  2 14 4
341 220  3  3 5 0
382 226  3  4 16 6
414 252  3  5 18 7
388 287  3  6 8 0
373 332  3  7 20 9
326 332  3  8 10 1
285 347  3  9 22 11
270 308  3  10 12 2
230 302  3  11 23 13
242 247  3  12 25 14
279 202  3  13 15 3
333 181  3  14 27 16
389 186  3  15 17 5
437 218  3  16 28 18
429 291  3  17 19 6
423 332  3  18 30 20
397 364  3  19 21 8
358 379  3  20 31 22
317 373  3  21 23 10
245 358  3  22 24 12
284 400  3  23 32 25
196 344  3  24 26 13
494 491  3  25 33 27
437 165  3  26 28 15
465 268  3  27 29 17
467 324  3  28 33 30
441 377  3  29 31 19
394 411  3  30 32 21
339 419  3  31 33 24
446 427  3  32 29 26

 34
350 220  3  4 7 1
350 260  3  0 9 2
311 287  3  1 11 3
280 260  3  2 14 4
309 230  3  3 5 0
320 183  3  4 16 6
379 183  3  5 18 7
390 230  3  6 8 0
419 259  3  7 20 9
388 287  3  8 10 1
373 332  3  9 22 11
326 332  3  10 12 2
310 369  3  11 23 13
280 340  3  12 25 14
270 300  3  13 15 3
237 256  3  14 27 16
269 210  3  15 17 5
347 140  3  16 28 18
428 209  3  17 19 6
462 256  3  18 30 20
430 300  3  19 21 8
419 340  3  20 31 22
390 369  3  21 23 10
350 380  3  22 24 12
350 420  3  23 32 25
295 406  3  24 26 13
251 368  3  25 33 27
230 314  3  26 28 15
189 121  3  27 29 17
510 478  3  28 33 30
469 314  3  29 31 19
449 367  3  30 32 21
406 405  3  31 33 24
314 455  3  32 29 26

 34
326 223  3  4 7 1
362 220  3  0 9 2
350 260  3  1 11 3
315 280  3  2 14 4
296 240  3  3 5 0
275 270  3  4 16 6
269 210  3  5 18 7
325 182  3  6 8 0
387 185  3  7 20 9
395 234  3  8 10 1
419 259  3  9 22 11
384 280  3  10 12 2
384 320  3  11 23 13
350 340  3  12 25 14
315 320  3  13 15 3
280 340  3  14 27 16
270 305  3  15 17 5
232 324  3  16 28 18
235 262  3  17 19 6
308 104  3  18 30 20
439 219  3  19 21 8
467 275  3  20 31 22
429 294  3  21 23 10
424 329  3  22 24 12
403 359  3  23 32 25
373 376  3  24 26 13
337 379  3  25 33 27
304 365  3  26 28 15
260 380  3  27 29 17
312 414  3  28 33 30
440 478  3  29 31 19
464 337  3  30 32 21
430 389  3  31 33 24
374 417  3  32 29 26

 34
337 220  3  4 7 1
373 223  3  0 9 2
403 240  3  1 11 3
384 280  3  2 14 4
350 260  3  3 5 0
315 280  3  4 16 6
280 260  3  5 18 7
304 234  3  6 8 0
312 185  3  7 20 9
374 182  3  8 10 1
430 210  3  9 22 11
424 270  3  10 12 2
429 305  3  11 23 13
419 340  3  12 25 14
384 320  3  13 15 3
350 340  3  14 27 16
315 320  3  15 17 5
275 329  3  16 28 18
270 294  3  17 19 6
232 275  3  18 30 20
260 219  3  19 21 8
391 104  3  20 31 22
464 262  3  21 23 10
467 324  3  22 24 12
439 380  3  23 32 25
395 365  3  24 26 13
362 379  3  25 33 27
326 376  3  26 28 15
296 359  3  27 29 17
269 389  3  28 33 30
235 337  3  29 31 19
259 478  3  30 32 21
387 414  3  31 33 24
325 417  3  32 29 26

 34
306 232  3  4 7 1
284 199  3  0 9 2
343 180  3  1 11 3
381 226  3  2 14 4
343 220  3  3 5 0
350 260  3  4 16 6
311 287  3  5 18 7
280 260  3  6 8 0
270 297  3  7 20 9
243 245  3  8 10 1
154 258  3  9 22 11
391 104  3  10 12 2
404 193  3  11 23 13
450 234  3  12 25 14
411 248  3  13 15 3
428 283  3  14 27 16
388 287  3  15 17 5
373 332  3  16 28 18
326 332  3  17 19 6
302 364  3  18 30 20
278 335  3  19 21 8
249 365  3  20 31 22
230 306  3  21 23 10
241 132  3  22 24 12
498 433  3  23 32 25
469 293  3  24 26 13
456 354  3  25 33 27
426 322  3  26 28 15
408 354  3  27 29 17
376 375  3  28 33 30
337 379  3  29 31 19
295 406  3  30 32 21
356 419  3  31 33 24
415 400  3  32 29 26

 34
355 220  3  4 7 1
320 225  3  0 9 2
331 181  3  1 11 3
393 187  3  2 14 4
390 230  3  3 5 0
415 254  3  4 16 6
384 280  3  5 18 7
350 260  3  6 8 0
315 280  3  7 20 9
291 245  3  8 10 1
273 276  3  9 22 11
274 206  3  10 12 2
237 256  3  11 23 13
318 102  3  12 25 14
443 224  3  13 15 3
468 281  3  14 27 16
429 287  3  15 17 5
426 323  3  16 28 18
384 320  3  17 19 6
350 340  3  18 30 20
315 320  3  19 21 8
284 345  3  20 31 22
270 312  3  21 23 10
231 318  3  22 24 12
256 375  3  23 32 25
329 498  3  24 26 13
425 393  3  25 33 27
462 343  3  26 28 15
408 354  3  27 29 17
379 374  3  28 33 30
344 379  3  29 31 19
310 369  3  30 32 21
306 412  3  31 33 24
368 418  3  32 29 26

 34
379 225  3  4 7 1
344 220  3  0 9 2
309 230  3  1 11 3
306 187  3  2 14 4
368 181  3  3 5 0
425 206  3  4 16 6
426 276  3  5 18 7
408 245  3  6 8 0
384 280  3  7 20 9
350 260  3  8 10 1
315 280  3  9 22 11
284 254  3  10 12 2
270 287  3  11 23 13
231 281  3  12 25 14
256 224  3  13 15 3
381 102  3  14 27 16
462 256  3  15 17 5
468 318  3  16 28 18
429 312  3  17 19 6
415 345  3  18 30 20
384 320  3  19 21 8
350 340  3  20 31 22
315 320  3  21 23 10
273 323  3  22 24 12
291 354  3  23 32 25
237 343  3  24 26 13
274 393  3  25 33 27
370 498  3  26 28 15
443 375  3  27 29 17
393 412  3  28 33 30
390 369  3  29 31 19
355 379  3  30 32 21
320 374  3  31 33 24
331 418  3  32 29 26

 34
415 199  3  4 7 1
393 232  3  0 9 2
358 220  3  1 11 3
320 225  3  2 14 4
356 180  3  3 5 0
308 104  3  4 16 6
545 258  3  5 18 7
456 245  3  6 8 0
429 298  3  7 20 9
419 261  3  8 10 1
388 287  3  9 22 11
350 260  3  10 12 2
311 287  3  11 23 13
272 282  3  12 25 14
288 248  3  13 15 3
249 234  3  14 27 16
295 193  3  15 17 5
458 132  3  16 28 18
469 306  3  17 19 6
450 365  3  18 30 20
421 335  3  19 21 8
397 364  3  20 31 22
373 332  3  21 23 10
326 332  3  22 24 12
291 354  3  23 32 25
272 320  3  24 26 13
243 354  3  25 33 27
230 293  3  26 28 15
201 433  3  27 29 17
343 419  3  28 33 30
404 406  3  29 31 19
361 379  3  30 32 21
323 375  3  31 33 24
284 400  3  32 29 26

 34
314 185  3  4 7 1
370 181  3  0 9 2
326 223  3  1 11 3
293 243  3  2 14 4
265 215  3  3 5 0
235 264  3  4 16 6
113 258  3  5 18 7
415 153  3  6 8 0
459 251  3  7 20 9
423 205  3  8 10 1
399 236  3  9 22 11
365 221  3  10 12 2
350 260  3  11 23 13
311 287  3  12 25 14
273 275  3  13 15 3
271 313  3  14 27 16
231 320  3  15 17 5
255 373  3  16 28 18
361 459  3  17 19 6
452 361  3  18 30 20
469 306  3  19 21 8
429 305  3  20 31 22
423 267  3  21 23 10
388 287  3  22 24 12
373 332  3  23 32 25
326 332  3  24 26 13
317 373  3  25 33 27
286 349  3  26 28 15
301 409  3  27 29 17
358 419  3  28 33 30
411 402  3  29 31 19
418 341  3  30 32 21
391 368  3  31 33 24
354 379  3  32 29 26

 34
316 184  3  4 7 1
379 183  3  0 9 2
383 227  3  1 11 3
350 220  3  2 14 4
314 228  3  3 5 0
286 250  3  4 16 6
233 270  3  5 18 7
263 216  3  6 8 0
346 100  3  7 20 9
433 213  3  8 10 1
465 266  3  9 22 11
412 249  3  10 12 2
427 282  3  11 23 13
384 280  3  12 25 14
350 260  3  13 15 3
315 280  3  14 27 16
272 282  3  15 17 5
272 317  3  16 28 18
234 333  3  17 19 6
266 386  3  18 30 20
353 499  3  19 21 8
436 383  3  20 31 22
466 329  3  21 23 10
427 317  3  22 24 12
413 349  3  23 32 25
384 320  3  24 26 13
350 340  3  25 33 27
315 320  3  26 28 15
287 350  3  27 29 17
316 372  3  28 33 30
320 416  3  29 31 19
383 415  3  30 32 21
385 371  3  31 33 24
350 380  3  32 29 26

 34
327 182  3  4 7 1
383 184  3  0 9 2
433 213  3  1 11 3
405 242  3  2 14 4
373 223  3  3 5 0
334 221  3  4 16 6
299 237  3  5 18 7
274 206  3  6 8 0
239 253  3  7 20 9
279 156  3  8 10 1
578 225  3  9 22 11
464 262  3  10 12 2
468 318  3  11 23 13
428 313  3  12 25 14
426 275  3  13 15 3
388 287  3  14 27 16
350 260  3  15 17 5
311 287  3  16 28 18
276 267  3  17 19 6
270 305  3  18 30 20
230 308  3  19 21 8
248 363  3  20 31 22
344 459  3  21 23 10
445 372  3  22 24 12
400 408  3  23 32 25
413 348  3  24 26 13
383 372  3  25 33 27
373 332  3  26 28 15
326 332  3  27 29 17
310 369  3  28 33 30
282 342  3  29 31 19
290 403  3  30 32 21
345 419  3  31 33 24
345 379  3  32 29 26

 34
358 180  3  4 7 1
297 192  3  0 9 2
402 148  3  1 11 3
457 247  3  2 14 4
417 200  3  3 5 0
399 236  3  4 16 6
365 221  3  5 18 7
326 223  3  6 8 0
293 243  3  7 20 9
250 232  3  8 10 1
230 291  3  9 22 11
110 283  3  10 12 2
380 457  3  11 23 13
449 367  3  12 25 14
469 308  3  13 15 3
429 305  3  14 27 16
423 267  3  15 17 5
384 280  3  16 28 18
350 260  3  17 19 6
315 280  3  18 30 20
273 275  3  19 21 8
271 313  3  20 31 22
242 352  3  21 23 10
282 399  3  22 24 12
341 419  3  23 32 25
402 407  3  24 26 13
391 368  3  25 33 27
418 341  3  26 28 15
384 320  3  27 29 17
350 340  3  28 33 30
315 320  3  29 31 19
286 349  3  30 32 21
317 373  3  31 33 24
354 379  3  32 29 26

 34
376 183  3  4 7 1
320 183  3  0 9 2
269 210  3  1 11 3
346 100  3  2 14 4
428 209  3  3 5 0
462 256  3  4 16 6
412 249  3  5 18 7
383 227  3  6 8 0
350 220  3  7 20 9
314 228  3  8 10 1
286 250  3  9 22 11
237 258  3  10 12 2
230 314  3  11 23 13
251 368  3  12 25 14
353 499  3  13 15 3
449 367  3  14 27 16
469 312  3  15 17 5
427 317  3  16 28 18
427 282  3  17 19 6
388 287  3  18 30 20
350 260  3  19 21 8
311 287  3  20 31 22
272 282  3  21 23 10
272 317  3  22 24 12
287 350  3  23 32 25
295 406  3  24 26 13
352 419  3  25 33 27
406 405  3  26 28 15
413 349  3  27 29 17
385 371  3  28 33 30
373 332  3  29 31 19
326 332  3  30 32 21
316 372  3  31 33 24
350 380  3  32 29 26

 34
468 281  3  4 7 1
443 224  3  0 9 2
393 187  3  1 11 3
331 181  3  2 14 4
444 170  3  3 5 0
501 486  3  4 16 6
425 393  3  5 18 7
462 343  3  6 8 0
427 319  3  7 20 9
427 280  3  8 10 1
409 246  3  9 22 11
378 225  3  10 12 2
340 220  3  11 23 13
304 234  3  12 25 14
274 206  3  13 15 3
237 256  3  14 27 16
203 365  3  15 17 5
306 412  3  16 28 18
368 418  3  17 19 6
378 374  3  18 30 20
410 352  3  19 21 8
384 320  3  20 31 22
384 280  3  21 23 10
350 260  3  22 24 12
315 280  3  23 32 25
279 262  3  24 26 13
270 300  3  25 33 27
231 318  3  26 28 15
256 375  3  27 29 17
305 366  3  28 33 30
340 379  3  29 31 19
350 340  3  30 32 21
315 320  3  31 33 24
279 337  3  32 29 26

 34
403 66  3  4 7 1
489 222  3  0 9 2
391 187  3  1 11 3
333 181  3  2 14 4
281 201  3  3 5 0
243 245  3  4 16 6
195 341  3  5 18 7
296 533  3  6 8 0
440 378  3  7 20 9
466 326  3  8 10 1
465 268  3  9 22 11
439 219  3  10 12 2
397 235  3  11 23 13
358 220  3  12 25 14
317 226  3  13 15 3
285 252  3  14 27 16
230 302  3  15 17 5
244 356  3  16 28 18
282 399  3  17 19 6
337 419  3  18 30 20
394 411  3  19 21 8
414 347  3  20 31 22
429 308  3  21 23 10
423 267  3  22 24 12
388 287  3  23 32 25
350 260  3  24 26 13
311 287  3  25 33 27
270 291  3  26 28 15
276 332  3  27 29 17
302 364  3  28 33 30
341 379  3  29 31 19
382 373  3  30 32 21
373 332  3  31 33 24
326 332  3  32 29 26

 34
375 141  3  4 7 1
551 169  3  0 9 2
465 333  3  1 11 3
467 275  3  2 14 4
443 224  3  3 5 0
396 189  3  4 16 6
339 180  3  5 18 7
286 198  3  6 8 0
246 240  3  7 20 9
148 430  3  8 10 1
363 459  3  9 22 11
436 383  3  10 12 2
389 413  3  11 23 13
414 347  3  12 25 14
429 308  3  13 15 3
423 267  3  14 27 16
397 235  3  15 17 5
358 220  3  16 28 18
317 226  3  17 19 6
285 252  3  18 30 20
230 295  3  19 21 8
241 350  3  20 31 22
277 395  3  21 23 10
331 418  3  22 24 12
341 379  3  23 32 25
382 373  3  24 26 13
373 332  3  25 33 27
388 287  3  26 28 15
350 260  3  27 29 17
311 287  3  28 33 30
270 291  3  29 31 19
276 332  3  30 32 21
302 364  3  31 33 24
326 332  3  32 29 26

 34
159 238  3  4 7 1
232 461  3  0 9 2
467 461  3  1 11 3
540 238  3  2 14 4
349 100  3  3 5 0
312 185  3  4 16 6
260 219  3  5 18 7
232 275  3  6 8 0
235 337  3  7 20 9
269 389  3  8 10 1
325 417  3  9 22 11
387 414  3  10 12 2
439 380  3  11 23 13
467 324  3  12 25 14
464 262  3  13 15 3
430 210  3  14 27 16
374 182  3  15 17 5
325 223  3  16 28 18
290 246  3  17 19 6
271 283  3  18 30 20
273 324  3  19 21 8
296 359  3  20 31 22
333 378  3  21 23 10
374 376  3  22 24 12
409 353  3  23 32 25
428 316  3  24 26 13
426 275  3  25 33 27
403 240  3  26 28 15
366 221  3  27 29 17
350 260  3  28 33 30
311 287  3  29 31 19
326 332  3  30 32 21
373 332  3  31 33 24
388 287  3  32 29 26

 34
350 260  3  4 7 1
388 287  3  0 9 2
373 332  3  1 11 3
326 332  3  2 14 4
311 287  3  3 5 0
285 252  3  4 16 6
317 226  3  5 18 7
358 220  3  6 8 0
397 235  3  7 20 9
423 267  3  8 10 1
429 308  3  9 22 11
414 347  3  10 12 2
382 373  3  11 24 13
341 379  3  12 26 14
302 364  3  13 15 3
276 332  3  14 27 16
270 291  3  15 17 5
252 229  3  16 28 18
301 190  3  17 19 6
362 180  3  18 30 20
420 202  3  19 21 8
459 251  3  20 31 22
469 312  3  21 23 10
447 370  3  22 32 24
398 409  3  23 25 12
337 419  3  24 33 26
279 397  3  25 27 13
240 348  3  26 28 15
230 287  3  27 29 17
151 279  3  28 33 30
308 104  3  29 31 19
523 199  3  30 32 21
498 433  3  31 33 23
268 482  3  32 29 25

 34
311 287  3  4 7 1
273 275  3  0 9 2
296 240  3  1 11 3
333 221  3  2 14 4
350 260  3  3 5 0
388 287  3  4 16 6
373 332  3  5 18 7
326 332  3  6 8 0
290 353  3  7 20 9
271 316  3  8 10 1
230 293  3  9 22 11
249 234  3  10 12 2
295 193  3  11 24 13
356 180  3  12 26 14
374 223  3  13 15 3
409 246  3  14 27 16
428 283  3  15 17 5
426 324  3  16 28 18
403 359  3  17 19 6
366 378  3  18 30 20
325 376  3  19 21 8
284 400  3  20 31 22
243 354  3  21 23 10
156 351  3  22 32 24
241 132  3  23 25 12
475 144  3  24 33 26
415 199  3  25 27 13
456 245  3  26 28 15
469 306  3  27 29 17
450 365  3  28 33 30
404 406  3  29 31 19
343 419  3  30 32 21
339 499  3  31 33 23
536 371  3  32 29 25

 34
350 260  3  4 7 1
311 287  3  0 9 2
276 267  3  1 11 3
302 235  3  2 14 4
341 220  3  3 5 0
382 226  3  4 16 6
414 252  3  5 18 7
388 287  3  6 8 0
373 332  3  7 20 9
326 332  3  8 10 1
285 347  3  9 22 11
270 308  3  10 12 2
230 302  3  11 24 13
242 247  3  12 26 14
279 202  3  13 15 3
333 181  3  14 27 16
389 186  3  15 17 5
437 218  3  16 28 18
429 291  3  17 19 6
423 332  3  18 30 20
397 364  3  19 21 8
358 379  3  20 31 22
317 373  3  21 23 10
284 400  3  22 32 24
245 358  3  23 25 12
358 539  3  24 33 26
341 60  3  25 27 13
437 165  3  26 28 15
465 268  3  27 29 17
467 324  3  28 33 30
441 377  3  29 31 19
394 411  3  30 32 21
339 419  3  31 33 23
446 427  3  32 29 25

 34
350 220  3  4 7 1
350 260  3  0 9 2
311 287  3  1 11 3
284 254  3  2 14 4
312 229  3  3 5 0
320 183  3  4 16 6
379 183  3  5 18 7
387 229  3  6 8 0
415 254  3  7 20 9
388 287  3  8 10 1
373 332  3  9 22 11
326 332  3  10 12 2
297 360  3  11 24 13
275 328  3  12 26 14
270 290  3  13 15 3
237 256  3  14 27 16
269 210  3  15 17 5
347 140  3  16 28 18
428 209  3  17 19 6
462 256  3  18 30 20
429 290  3  19 21 8
424 328  3  20 31 22
403 359  3  21 23 10
369 377  3  22 32 24
330 377  3  23 25 12
295 406  3  24 33 26
251 368  3  25 27 13
230 314  3  26 28 15
125 386  3  27 29 17
457 418  3  28 33 30
469 314  3  29 31 19
449 367  3  30 32 21
406 405  3  31 33 23
350 420  3  32 29 25

 34
314 228  3  4 7 1
350 220  3  0 9 2
350 260  3  1 11 3
315 280  3  2 14 4
287 249  3  3 5 0
272 282  3  4 16 6
250 232  3  5 18 7
297 192  3  6 8 0
358 180  3  7 20 9
385 228  3  8 10 1
412 249  3  9 22 11
384 280  3  10 12 2
384 320  3  11 24 13
350 340  3  12 26 14
315 320  3  13 15 3
287 350  3  14 27 16
272 317  3  15 17 5
242 352  3  16 28 18
230 291  3  17 19 6
262 120  3  18 30 20
417 200  3  19 21 8
457 247  3  20 31 22
427 282  3  21 23 10
427 317  3  22 32 24
412 350  3  23 25 12
385 371  3  24 33 26
350 380  3  25 27 13
314 371  3  26 28 15
282 399  3  27 29 17
341 419  3  28 33 30
481 450  3  29 31 19
469 308  3  30 32 21
449 367  3  31 33 23
402 407  3  32 29 25

 34
340 220  3  4 7 1
378 225  3  0 9 2
409 246  3  1 11 3
384 280  3  2 14 4
350 260  3  3 5 0
315 280  3  4 16 6
279 262  3  5 18 7
304 234  3  6 8 0
297 192  3  7 20 9
358 180  3  8 10 1
417 200  3  9 22 11
427 280  3  10 12 2
427 319  3  11 24 13
410 352  3  12 26 14
384 320  3  13 15 3
350 340  3  14 27 16
315 320  3  15 17 5
279 337  3  16 28 18
270 300  3  17 19 6
230 291  3  18 30 20
250 232  3  19 21 8
361 140  3  20 31 22
457 247  3  21 23 10
469 308  3  22 32 24
449 367  3  23 25 12
402 407  3  24 33 26
378 374  3  25 27 13
340 379  3  26 28 15
305 366  3  27 29 17
282 399  3  28 33 30
242 352  3  29 31 19
134 405  3  30 32 21
454 420  3  31 33 23
341 419  3  32 29 25

 34
306 232  3  4 7 1
284 199  3  0 9 2
343 180  3  1 11 3
381 226  3  2 14 4
343 220  3  3 5 0
350 260  3  4 16 6
311 287  3  5 18 7
280 260  3  6 8 0
270 297  3  7 20 9
243 245  3  8 10 1
154 258  3  9 22 11
391 104  3  10 12 2
404 193  3  11 24 13
450 234  3  12 26 14
411 248  3  13 15 3
428 283  3  14 27 16
388 287  3  15 17 5
373 332  3  16 28 18
326 332  3  17 19 6
302 364  3  18 30 20
278 335  3  19 21 8
249 365  3  20 31 22
230 306  3  21 23 10
216 448  3  22 32 24
540 238  3  23 25 12
456 354  3  24 33 26
469 293  3  25 27 13
426 322  3  26 28 15
408 354  3  27 29 17
376 375  3  28 33 30
337 379  3  29 31 19
295 406  3  30 32 21
356 419  3  31 33 23
415 400  3  32 29 25

 34
355 220  3  4 7 1
320 225  3  0 9 2
310 186  3  1 11 3
379 183  3  2 14 4
390 230  3  3 5 0
415 254  3  4 16 6
384 280  3  5 18 7
350 260  3  6 8 0
315 280  3  7 20 9
291 245  3  8 10 1
273 276  3  9 22 11
256 224  3  10 12 2
230 287  3  11 24 13
464 463  3  12 26 14
437 218  3  13 15 3
467 277  3  14 27 16
429 287  3  15 17 5
426 323  3  16 28 18
384 320  3  17 19 6
350 340  3  18 30 20
315 320  3  19 21 8
284 345  3  20 31 22
270 312  3  21 23 10
243 354  3  22 32 24
153 338  3  23 25 12
415 489  3  24 33 26
418 398  3  25 27 13
461 344  3  26 28 15
408 354  3  27 29 17
379 374  3  28 33 30
344 379  3  29 31 19
310 369  3  30 32 21
290 403  3  31 33 23
354 419  3  32 29 25

 34
385 228  3  4 7 1
350 220  3  0 9 2
314 228  3  1 11 3
339 180  3  2 14 4
400 191  3  3 5 0
448 231  3  4 16 6
427 282  3  5 18 7
412 249  3  6 8 0
384 280  3  7 20 9
350 260  3  8 10 1
315 280  3  9 22 11
287 249  3  10 12 2
272 282  3  11 24 13
241 249  3  12 26 14
281 201  3  13 15 3
434 118  3  14 27 16
469 289  3  15 17 5
458 350  3  16 28 18
427 317  3  17 19 6
412 350  3  18 30 20
384 320  3  19 21 8
350 340  3  20 31 22
315 320  3  21 23 10
287 350  3  22 32 24
272 317  3  23 25 12
251 368  3  24 33 26
230 310  3  25 27 13
265 481  3  26 28 15
418 398  3  27 29 17
360 419  3  28 33 30
385 371  3  29 31 19
350 380  3  30 32 21
314 371  3  31 33 23
299 408  3  32 29 25

 34
408 195  3  4 7 1
388 230  3  0 9 2
355 220  3  1 11 3
320 225  3  2 14 4
343 180  3  3 5 0
281 112  3  4 16 6
545 258  3  5 18 7
455 243  3  6 8 0
429 287  3  7 20 9
415 254  3  8 10 1
384 280  3  9 22 11
350 260  3  10 12 2
315 280  3  11 24 13
273 276  3  12 26 14
290 246  3  13 15 3
237 256  3  14 27 16
279 202  3  15 17 5
549 317  3  16 28 18
469 310  3  17 19 6
444 373  3  18 30 20
426 323  3  19 21 8
409 353  3  20 31 22
384 320  3  21 23 10
350 340  3  22 32 24
315 320  3  23 25 12
284 345  3  24 33 26
270 312  3  25 27 13
232 322  3  26 28 15
263 383  3  27 29 17
323 416  3  28 33 30
391 412  3  29 31 19
379 374  3  30 32 21
344 379  3  31 33 23
311 369  3  32 29 25

 34
272 208  3  4 7 1
329 181  3  0 9 2
312 229  3  1 11 3
283 255  3  2 14 4
237 258  3  3 5 0
231 320  3  4 16 6
235 463  3  5 18 7
367 100  3  6 8 0
441 222  3  7 20 9
391 187  3  8 10 1
386 228  3  9 22 11
350 220  3  10 12 2
350 260  3  11 24 13
311 287  3  12 26 14
270 290  3  13 15 3
275 328  3  14 27 16
258 377  3  15 17 5
308 412  3  16 28 18
370 418  3  17 19 6
434 481  3  18 30 20
531 215  3  19 21 8
468 279  3  20 31 22
415 254  3  21 23 10
429 290  3  22 32 24
388 287  3  23 25 12
373 332  3  24 33 26
326 332  3  25 27 13
297 360  3  26 28 15
332 377  3  27 29 17
369 377  3  28 33 30
427 391  3  29 31 19
462 341  3  30 32 21
425 327  3  31 33 23
403 359  3  32 29 25

 34
293 194  3  4 7 1
347 180  3  0 9 2
386 228  3  1 11 3
350 220  3  2 14 4
312 229  3  3 5 0
283 255  3  4 16 6
230 287  3  5 18 7
250 232  3  6 8 0
308 145  3  7 20 9
404 193  3  8 10 1
448 231  3  9 22 11
415 254  3  10 12 2
429 290  3  11 24 13
388 287  3  12 26 14
350 260  3  13 15 3
311 287  3  14 27 16
270 290  3  15 17 5
275 328  3  16 28 18
237 343  3  17 19 6
271 390  3  18 30 20
192 481  3  19 21 8
484 387  3  20 31 22
468 283  3  21 23 10
462 341  3  22 32 24
425 327  3  23 25 12
403 359  3  24 33 26
373 332  3  25 27 13
326 332  3  26 28 15
297 360  3  27 29 17
332 377  3  28 33 30
323 416  3  29 31 19
381 415  3  30 32 21
430 389  3  31 33 23
369 377  3  32 29 25

 34
341 180  3  4 7 1
396 189  3  0 9 2
443 224  3  1 11 3
411 248  3  2 14 4
381 226  3  3 5 0
343 220  3  4 16 6
306 232  3  5 18 7
286 198  3  6 8 0
246 240  3  7 20 9
297 148  3  8 10 1
585 254  3  9 22 11
467 277  3  10 12 2
465 333  3  11 24 13
426 322  3  12 26 14
428 283  3  13 15 3
388 287  3  14 27 16
350 260  3  15 17 5
311 287  3  16 28 18
280 260  3  17 19 6
270 297  3  18 30 20
230 293  3  19 21 8
241 350  3  20 31 22
287 447  3  21 23 10
387 414  3  22 32 24
436 383  3  23 25 12
376 375  3  24 33 26
408 354  3  25 27 13
373 332  3  26 28 15
326 332  3  27 29 17
302 364  3  28 33 30
278 335  3  29 31 19
277 395  3  30 32 21
331 418  3  31 33 23
337 379  3  32 29 25

 34
358 180  3  4 7 1
297 192  3  0 9 2
415 110  3  1 11 3
457 247  3  2 14 4
417 200  3  3 5 0
394 233  3  4 16 6
362 220  3  5 18 7
326 223  3  6 8 0
295 241  3  7 20 9
250 232  3  8 10 1
230 291  3  9 22 11
238 465  3  10 12 2
402 407  3  11 24 13
449 367  3  12 26 14
469 308  3  13 15 3
429 294  3  14 27 16
419 259  3  15 17 5
384 280  3  16 28 18
350 260  3  17 19 6
315 280  3  18 30 20
275 270  3  19 21 8
270 305  3  20 31 22
242 352  3  21 23 10
282 399  3  22 32 24
341 419  3  23 25 12
373 376  3  24 33 26
404 358  3  25 27 13
424 329  3  26 28 15
384 320  3  27 29 17
350 340  3  28 33 30
315 320  3  29 31 19
280 340  3  30 32 21
305 366  3  31 33 23
337 379  3  32 29 25

 34
366 181  3  4 7 1
308 187  3  0 9 2
262 218  3  1 11 3
333 140  3  2 14 4
420 202  3  3 5 0
456 245  3  4 16 6
411 248  3  5 18 7
379 225  3  6 8 0
343 220  3  7 20 9
306 232  3  8 10 1
280 261  3  9 22 11
234 268  3  10 12 2
233 326  3  11 24 13
258 431  3  12 26 14
581 362  3  13 15 3
454 358  3  14 27 16
469 302  3  15 17 5
427 320  3  16 28 18
428 283  3  17 19 6
388 287  3  18 30 20
350 260  3  19 21 8
311 287  3  20 31 22
270 297  3  21 23 10
278 335  3  22 32 24
258 377  3  23 25 12
305 411  3  24 33 26
362 419  3  25 27 13
417 399  3  26 28 15
408 354  3  27 29 17
376 375  3  28 33 30
373 332  3  29 31 19
326 332  3  30 32 21
302 364  3  31 33 23
338 379  3  32 29 25

 34
430 210  3  4 7 1
379 183  3  0 9 2
320 183  3  1 11 3
271 209  3  2 14 4
349 140  3  3 5 0
484 101  3  4 16 6
469 314  3  5 18 7
462 256  3  6 8 0
419 259  3  7 20 9
390 230  3  8 10 1
350 220  3  9 22 11
309 230  3  10 12 2
280 260  3  11 24 13
230 314  3  12 26 14
237 256  3  13 15 3
200 357  3  14 27 16
215 498  3  15 17 5
406 405  3  16 28 18
448 368  3  17 19 6
419 340  3  18 30 20
430 300  3  19 21 8
388 287  3  20 31 22
350 260  3  21 23 10
311 287  3  22 32 24
270 300  3  23 25 12
280 340  3  24 33 26
250 367  3  25 27 13
293 405  3  26 28 15
350 420  3  27 29 17
350 380  3  28 33 30
390 369  3  29 31 19
373 332  3  30 32 21
326 332  3  31 33 23
310 369  3  32 29 25

 34
475 144  3  4 7 1
425 206  3  0 9 2
368 181  3  1 11 3
306 187  3  2 14 4
241 132  3  3 5 0
156 351  3  4 16 6
339 499  3  5 18 7
536 371  3  6 8 0
468 318  3  7 20 9
462 256  3  8 10 1
414 252  3  9 22 11
382 226  3  10 12 2
341 220  3  11 24 13
302 235  3  12 26 14
256 224  3  13 15 3
231 281  3  14 27 16
237 343  3  15 17 5
274 393  3  16 28 18
331 418  3  17 19 6
393 412  3  18 30 20
443 375  3  19 21 8
423 332  3  20 31 22
429 291  3  21 23 10
388 287  3  22 32 24
350 260  3  23 25 12
311 287  3  24 33 26
276 267  3  25 27 13
270 308  3  26 28 15
285 347  3  27 29 17
317 373  3  28 33 30
358 379  3  29 31 19
397 364  3  30 32 21
373 332  3  31 33 23
326 332  3  32 29 25

 34
402 148  3  4 7 1
548 434  3  0 9 2
449 367  3  1 11 3
469 308  3  2 14 4
457 247  3  3 5 0
417 200  3  4 16 6
358 180  3  5 18 7
297 192  3  6 8 0
250 232  3  7 20 9
206 370  3  8 10 1
341 419  3  9 22 11
402 407  3  10 12 2
391 368  3  11 24 13
418 341  3  12 26 14
429 305  3  13 15 3
423 267  3  14 27 16
399 236  3  15 17 5
365 221  3  16 28 18
326 223  3  17 19 6
293 243  3  18 30 20
230 291  3  19 21 8
242 352  3  20 31 22
282 399  3  21 23 10
317 373  3  22 32 24
354 379  3  23 25 12
350 340  3  24 33 26
384 320  3  25 27 13
384 280  3  26 28 15
350 260  3  27 29 17
315 280  3  28 33 30
273 275  3  29 31 19
271 313  3  30 32 21
286 349  3  31 33 23
315 320  3  32 29 25

 34
151 279  3  4 7 1
268 482  3  0 9 2
498 433  3  1 11 3
523 199  3  2 14 4
308 104  3  3 5 0
289 196  3  4 16 6
246 240  3  5 18 7
230 300  3  6 8 0
246 360  3  7 20 9
290 403  3  8 10 1
350 420  3  9 22 11
410 403  3  10 12 2
453 360  3  11 24 13
470 300  3  12 26 14
453 239  3  13 15 3
410 196  3  14 27 16
350 180  3  15 17 5
309 230  3  16 28 18
280 260  3  17 19 6
270 300  3  18 30 20
280 340  3  19 21 8
310 369  3  20 31 22
350 380  3  21 23 10
390 369  3  22 32 24
419 340  3  23 25 12
430 300  3  24 33 26
419 259  3  25 27 13
390 230  3  26 28 15
350 220  3  27 29 17
350 260  3  28 33 30
311 287  3  29 31 19
326 332  3  30 32 21
373 332  3  31 33 23
388 287  3  32 29 25

 34
350 260  3  4 7 1
388 287  3  0 9 2
373 332  3  1 12 3
326 332  3  2 14 4
311 287  3  3 5 0
280 260  3  4 16 6
309 230  3  5 18 7
350 220  3  6 8 0
390 230  3  7 20 9
419 259  3  8 10 1
430 300  3  9 22 11
419 340  3  10 24 12
390 369  3  11 13 2
350 380  3  12 25 14
310 369  3  13 15 3
280 340  3  14 27 16
270 300  3  15 17 5
246 240  3  16 28 18
289 196  3  17 19 6
350 180  3  18 30 20
410 196  3  19 21 8
453 239  3  20 31 22
470 300  3  21 23 10
453 360  3  22 32 24
410 403  3  23 25 11
350 420  3  24 26 13
290 403  3  25 33 27
246 360  3  26 28 15
230 300  3  27 29 17
151 279  3  28 33 30
308 104  3  29 31 19
523 199  3  30 32 21
498 433  3  31 33 23
268 482  3  32 29 26

 34
311 287  3  4 7 1
273 275  3  0 9 2
296 240  3  1 12 3
333 221  3  2 14 4
350 260  3  3 5 0
388 287  3  4 16 6
373 332  3  5 18 7
326 332  3  6 8 0
290 353  3  7 20 9
271 316  3  8 10 1
230 314  3  9 22 11
237 258  3  10 24 12
269 210  3  11 13 2
320 183  3  12 25 14
374 223  3  13 15 3
409 246  3  14 27 16
428 283  3  15 17 5
426 324  3  16 28 18
403 359  3  17 19 6
366 378  3  18 30 20
325 376  3  19 21 8
295 406  3  20 31 22
251 368  3  21 23 10
136 191  3  22 32 24
272 160  3  23 25 11
376 183  3  24 26 13
428 209  3  25 33 27
462 256  3  26 28 15
469 312  3  27 29 17
449 367  3  28 33 30
406 405  3  29 31 19
352 419  3  30 32 21
563 408  3  31 33 23
508 277  3  32 29 26

 34
350 260  3  4 7 1
311 287  3  0 9 2
284 254  3  1 12 3
312 229  3  2 14 4
350 220  3  3 5 0
387 229  3  4 16 6
415 254  3  5 18 7
388 287  3  6 8 0
373 332  3  7 20 9
326 332  3  8 10 1
297 360  3  9 22 11
275 328  3  10 24 12
270 290  3  11 13 2
251 231  3  12 25 14
293 194  3  13 15 3
350 180  3  14 27 16
406 194  3  15 17 5
448 231  3  16 28 18
429 290  3  17 19 6
424 328  3  18 30 20
403 359  3  19 21 8
369 377  3  20 31 22
330 377  3  21 23 10
271 390  3  22 32 24
237 343  3  23 25 11
230 285  3  24 26 13
487 103  3  25 33 27
454 179  3  26 28 15
469 285  3  27 29 17
462 343  3  28 33 30
430 389  3  29 31 19
379 416  3  30 32 21
320 416  3  31 33 23
425 441  3  32 29 26

 34
340 220  3  4 7 1
350 260  3  0 9 2
315 280  3  1 12 3
279 262  3  2 14 4
304 234  3  3 5 0
295 193  3  4 16 6
356 180  3  5 18 7
378 225  3  6 8 0
409 246  3  7 20 9
384 280  3  8 10 1
384 320  3  9 22 11
350 340  3  10 24 12
315 320  3  11 13 2
279 337  3  12 25 14
270 300  3  13 15 3
230 293  3  14 27 16
249 234  3  15 17 5
316 143  3  16 28 18
415 199  3  17 19 6
456 245  3  18 30 20
427 280  3  19 21 8
427 319  3  20 31 22
410 352  3  21 23 10
378 374  3  22 32 24
340 379  3  23 25 11
305 366  3  24 26 13
284 400  3  25 33 27
243 354  3  26 28 15
136 408  3  27 29 17
457 418  3  28 33 30
469 306  3  29 31 19
450 365  3  30 32 21
404 406  3  31 33 23
343 419  3  32 29 26

 34
306 232  3  4 7 1
343 220  3  0 9 2
350 260  3  1 12 3
311 287  3  2 14 4
280 260  3  3 5 0
270 297  3  4 16 6
246 240  3  5 18 7
284 199  3  6 8 0
339 180  3  7 20 9
381 226  3  8 10 1
411 248  3  9 22 11
428 283  3  10 24 12
388 287  3  11 13 2
373 332  3  12 25 14
326 332  3  13 15 3
302 364  3  14 27 16
278 335  3  15 17 5
242 352  3  16 28 18
230 295  3  17 19 6
262 165  3  18 30 20
396 189  3  19 21 8
441 222  3  20 31 22
467 275  3  21 23 10
465 333  3  22 32 24
426 322  3  23 25 11
408 354  3  24 26 13
376 375  3  25 33 27
337 379  3  26 28 15
279 397  3  27 29 17
331 418  3  28 33 30
584 250  3  29 31 19
509 302  3  30 32 21
437 381  3  31 33 23
389 413  3  32 29 26

 34
345 220  3  4 7 1
383 227  3  0 9 2
413 250  3  1 12 3
384 280  3  2 14 4
350 260  3  3 5 0
315 280  3  4 16 6
282 257  3  5 18 7
308 231  3  6 8 0
305 188  3  7 20 9
366 181  3  8 10 1
423 205  3  9 22 11
461 255  3  10 24 12
428 286  3  11 13 2
426 324  3  12 25 14
384 320  3  13 15 3
350 340  3  14 27 16
315 320  3  15 17 5
276 332  3  16 28 18
270 294  3  17 19 6
231 283  3  18 30 20
255 226  3  19 21 8
283 530  3  20 31 22
508 280  3  21 23 10
444 373  3  22 32 24
468 316  3  23 25 11
406 356  3  24 26 13
373 376  3  25 33 27
334 378  3  26 28 15
300 363  3  27 29 17
276 394  3  28 33 30
238 344  3  29 31 19
287 447  3  30 32 21
394 411  3  31 33 23
333 418  3  32 29 26

 34
306 232  3  4 7 1
284 199  3  0 9 2
339 180  3  1 12 3
381 226  3  2 14 4
343 220  3  3 5 0
350 260  3  4 16 6
311 287  3  5 18 7
280 260  3  6 8 0
270 297  3  7 20 9
246 240  3  8 10 1
230 295  3  9 22 11
262 165  3  10 24 12
396 189  3  11 13 2
441 222  3  12 25 14
411 248  3  13 15 3
428 283  3  14 27 16
388 287  3  15 17 5
373 332  3  16 28 18
326 332  3  17 19 6
302 364  3  18 30 20
278 335  3  19 21 8
279 397  3  20 31 22
242 352  3  21 23 10
290 448  3  22 32 24
584 250  3  23 25 11
467 275  3  24 26 13
465 333  3  25 33 27
426 322  3  26 28 15
408 354  3  27 29 17
376 375  3  28 33 30
337 379  3  29 31 19
331 418  3  30 32 21
389 413  3  31 33 23
437 381  3  32 29 26

 34
355 220  3  4 7 1
320 225  3  0 9 2
347 180  3  1 12 3
408 195  3  2 14 4
390 230  3  3 5 0
415 254  3  4 16 6
384 280  3  5 18 7
350 260  3  6 8 0
315 280  3  7 20 9
291 245  3  8 10 1
273 276  3  9 22 11
245 241  3  10 24 12
288 197  3  11 13 2
398 105  3  12 25 14
452 238  3  13 15 3
469 297  3  14 27 16
429 287  3  15 17 5
426 323  3  16 28 18
384 320  3  17 19 6
350 340  3  18 30 20
315 320  3  19 21 8
284 345  3  20 31 22
270 312  3  21 23 10
247 361  3  22 32 24
230 302  3  23 25 11
253 474  3  24 26 13
411 402  3  25 33 27
454 358  3  26 28 15
408 354  3  27 29 17
379 374  3  28 33 30
344 379  3  29 31 19
310 369  3  30 32 21
291 404  3  31 33 23
352 419  3  32 29 26

 34
388 230  3  4 7 1
355 220  3  0 9 2
320 225  3  1 12 3
347 180  3  2 14 4
408 195  3  3 5 0
452 238  3  4 16 6
429 287  3  5 18 7
415 254  3  6 8 0
384 280  3  7 20 9
350 260  3  8 10 1
315 280  3  9 22 11
273 276  3  10 24 12
290 246  3  11 13 2
245 241  3  12 25 14
288 197  3  13 15 3
446 125  3  14 27 16
469 297  3  15 17 5
454 358  3  16 28 18
426 323  3  17 19 6
409 353  3  18 30 20
384 320  3  19 21 8
350 340  3  20 31 22
315 320  3  21 23 10
284 345  3  22 32 24
270 312  3  23 25 11
230 302  3  24 26 13
247 361  3  25 33 27
301 494  3  26 28 15
411 402  3  27 29 17
352 419  3  28 33 30
379 374  3  29 31 19
344 379  3  30 32 21
311 369  3  31 33 23
291 404  3  32 29 26

 34
293 194  3  4 7 1
312 229  3  0 9 2
283 255  3  1 12 3
230 287  3  2 14 4
250 232  3  3 5 0
308 145  3  4 16 6
404 193  3  5 18 7
347 180  3  6 8 0
386 228  3  7 20 9
350 220  3  8 10 1
350 260  3  9 22 11
311 287  3  10 24 12
270 290  3  11 13 2
275 328  3  12 25 14
237 343  3  13 15 3
271 390  3  14 27 16
192 481  3  15 17 5
500 354  3  16 28 18
448 231  3  17 19 6
468 283  3  18 30 20
415 254  3  19 21 8
429 290  3  20 31 22
388 287  3  21 23 10
373 332  3  22 32 24
326 332  3  23 25 11
297 360  3  24 26 13
332 377  3  25 33 27
323 416  3  26 28 15
381 415  3  27 29 17
430 389  3  28 33 30
462 341  3  29 31 19
425 327  3  30 32 21
403 359  3  31 33 23
369 377  3  32 29 26

 34
341 180  3  4 7 1
381 226  3  0 9 2
343 220  3  1 12 3
306 232  3  2 14 4
286 198  3  3 5 0
246 240  3  4 16 6
297 148  3  5 18 7
396 189  3  6 8 0
443 224  3  7 20 9
411 248  3  8 10 1
428 283  3  9 22 11
388 287  3  10 24 12
350 260  3  11 13 2
311 287  3  12 25 14
280 260  3  13 15 3
270 297  3  14 27 16
230 293  3  15 17 5
241 350  3  16 28 18
163 451  3  17 19 6
488 380  3  18 30 20
467 277  3  19 21 8
465 333  3  20 31 22
426 322  3  21 23 10
408 354  3  22 32 24
373 332  3  23 25 11
326 332  3  24 26 13
302 364  3  25 33 27
278 335  3  26 28 15
277 395  3  27 29 17
331 418  3  28 33 30
387 414  3  29 31 19
436 383  3  30 32 21
376 375  3  31 33 23
337 379  3  32 29 26

 34
350 180  3  4 7 1
410 196  3  0 9 2
394 233  3  1 12 3
362 220  3  2 14 4
326 223  3  3 5 0
295 241  3  4 16 6
246 240  3  5 18 7
289 196  3  6 8 0
401 106  3  7 20 9
453 239  3  8 10 1
470 300  3  9 22 11
429 294  3  10 24 12
419 259  3  11 13 2
384 280  3  12 25 14
350 260  3  13 15 3
315 280  3  14 27 16
275 270  3  15 17 5
270 305  3  16 28 18
230 300  3  17 19 6
246 360  3  18 30 20
298 493  3  19 21 8
410 403  3  20 31 22
453 360  3  21 23 10
404 358  3  22 32 24
424 329  3  23 25 11
384 320  3  24 26 13
350 340  3  25 33 27
315 320  3  26 28 15
280 340  3  27 29 17
305 366  3  28 33 30
290 403  3  29 31 19
350 420  3  30 32 21
373 376  3  31 33 23
337 379  3  32 29 26

 34
329 181  3  4 7 1
385 185  3  0 9 2
434 215  3  1 12 3
405 242  3  2 14 4
373 223  3  3 5 0
334 221  3  4 16 6
299 237  3  5 18 7
276 205  3  6 8 0
240 251  3  7 20 9
282 154  3  8 10 1
589 283  3  9 22 11
468 320  3  10 24 12
464 264  3  11 13 2
428 313  3  12 25 14
426 275  3  13 15 3
388 287  3  14 27 16
350 260  3  15 17 5
311 287  3  16 28 18
276 267  3  17 19 6
270 305  3  18 30 20
230 306  3  19 21 8
247 361  3  20 31 22
303 453  3  21 23 10
398 409  3  22 32 24
444 373  3  23 25 11
413 348  3  24 26 13
383 372  3  25 33 27
373 332  3  26 28 15
326 332  3  27 29 17
310 369  3  28 33 30
282 342  3  29 31 19
288 402  3  30 32 21
343 419  3  31 33 23
345 379  3  32 29 26

 34
354 180  3  4 7 1
293 194  3  0 9 2
396 146  3  1 12 3
455 243  3  2 14 4
413 198  3  3 5 0
399 236  3  4 16 6
365 221  3  5 18 7
326 223  3  6 8 0
293 243  3  7 20 9
248 236  3  8 10 1
230 295  3  9 22 11
232 409  3  10 24 12
553 427  3  11 13 2
451 363  3  12 25 14
469 304  3  13 15 3
429 305  3  14 27 16
423 267  3  15 17 5
384 280  3  16 28 18
350 260  3  17 19 6
315 280  3  18 30 20
273 275  3  19 21 8
271 313  3  20 31 22
244 356  3  21 23 10
286 401  3  22 32 24
345 419  3  23 25 11
406 405  3  24 26 13
391 368  3  25 33 27
418 341  3  26 28 15
384 320  3  27 29 17
350 340  3  28 33 30
315 320  3  29 31 19
286 349  3  30 32 21
317 373  3  31 33 23
354 379  3  32 29 26

 34
394 188  3  4 7 1
337 180  3  0 9 2
284 199  3  1 12 3
372 141  3  2 14 4
441 222  3  3 5 0
466 273  3  4 16 6
411 248  3  5 18 7
379 225  3  6 8 0
343 220  3  7 20 9
306 232  3  8 10 1
280 261  3  9 22 11
230 297  3  10 24 12
245 241  3  11 13 2
194 335  3  12 25 14
123 378  3  13 15 3
437 381  3  14 27 16
465 331  3  15 17 5
427 320  3  16 28 18
428 283  3  17 19 6
388 287  3  18 30 20
350 260  3  19 21 8
311 287  3  20 31 22
270 297  3  21 23 10
278 335  3  22 32 24
242 352  3  23 25 11
279 397  3  24 26 13
333 418  3  25 33 27
391 412  3  26 28 15
408 354  3  27 29 17
376 375  3  28 33 30
373 332  3  29 31 19
326 332  3  30 32 21
302 364  3  31 33 23
338 379  3  32 29 26

 34
418 201  3  4 7 1
366 181  3  0 9 2
308 187  3  1 12 3
208 224  3  2 14 4
241 86  3  3 5 0
458 513  3  4 16 6
469 302  3  5 18 7
456 245  3  6 8 0
414 252  3  7 20 9
382 226  3  8 10 1
341 220  3  9 22 11
302 235  3  10 24 12
260 219  3  11 13 2
234 268  3  12 25 14
233 326  3  13 15 3
259 378  3  14 27 16
330 458  3  15 17 5
417 399  3  16 28 18
455 356  3  17 19 6
423 332  3  18 30 20
429 291  3  19 21 8
388 287  3  20 31 22
350 260  3  21 23 10
311 287  3  22 32 24
276 267  3  23 25 11
270 308  3  24 26 13
285 347  3  25 33 27
306 412  3  26 28 15
362 419  3  27 29 17
358 379  3  28 33 30
397 364  3  29 31 19
373 332  3  30 32 21
326 332  3  31 33 23
317 373  3  32 29 26

 34
412 152  3  4 7 1
461 255  3  0 9 2
423 205  3  1 12 3
366 181  3  2 14 4
305 188  3  3 5 0
255 226  3  4 16 6
191 319  3  5 18 7
416 69  3  6 8 0
444 373  3  7 20 9
468 316  3  8 10 1
429 305  3  9 22 11
423 267  3  10 24 12
399 236  3  11 13 2
365 221  3  12 25 14
326 223  3  13 15 3
293 243  3  14 27 16
231 283  3  15 17 5
238 344  3  16 28 18
276 394  3  17 19 6
333 418  3  18 30 20
394 411  3  19 21 8
391 368  3  20 31 22
418 341  3  21 23 10
384 320  3  22 32 24
384 280  3  23 25 11
350 260  3  24 26 13
315 280  3  25 33 27
273 275  3  26 28 15
271 313  3  27 29 17
286 349  3  28 33 30
317 373  3  29 31 19
354 379  3  30 32 21
350 340  3  31 33 23
315 320  3  32 29 26

 34
402 148  3  4 7 1
370 60  3  0 9 2
457 352  3  1 12 3
469 295  3  2 14 4
454 241  3  3 5 0
415 199  3  4 16 6
360 180  3  5 18 7
305 188  3  6 8 0
258 222  3  7 20 9
196 344  3  8 10 1
310 413  3  9 22 11
368 418  3  10 24 12
420 397  3  11 13 2
421 335  3  12 25 14
429 298  3  13 15 3
419 261  3  14 27 16
393 232  3  15 17 5
358 220  3  16 28 18
320 225  3  17 19 6
288 248  3  18 30 20
232 275  3  19 21 8
234 331  3  20 31 22
262 381  3  21 23 10
323 375  3  22 32 24
361 379  3  23 25 11
397 364  3  24 26 13
373 332  3  25 33 27
388 287  3  26 28 15
350 260  3  27 29 17
311 287  3  28 33 30
272 282  3  29 31 19
272 320  3  30 32 21
291 354  3  31 33 23
326 332  3  32 29 26

 34
151 279  3  4 7 1
268 482  3  0 9 2
498 433  3  1 12 3
523 199  3  2 14 4
308 104  3  3 5 0
301 190  3  4 16 6
252 229  3  5 18 7
230 287  3  6 8 0
240 348  3  7 20 9
279 397  3  8 10 1
337 419  3  9 22 11
398 409  3  10 24 12
447 370  3  11 13 2
469 312  3  12 25 14
459 251  3  13 15 3
420 202  3  14 27 16
362 180  3  15 17 5
317 226  3  16 28 18
285 252  3  17 19 6
270 291  3  18 30 20
276 332  3  19 21 8
302 364  3  20 31 22
341 379  3  21 23 10
382 373  3  22 32 24
414 347  3  23 25 11
429 308  3  24 26 13
423 267  3  25 33 27
397 235  3  26 28 15
358 220  3  27 29 17
350 260  3  28 33 30
311 287  3  29 31 19
326 332  3  30 32 21
373 332  3  31 33 23
388 287  3  32 29 26

 34
350 260  3  4 7 1
388 287  3  0 9 2
373 332  3  1 12 3
326 332  3  2 14 4
311 287  3  3 5 0
280 260  3  4 16 6
309 230  3  5 18 7
350 220  3  6 8 0
390 230  3  7 20 9
419 259  3  8 10 1
430 300  3  9 22 11
419 340  3  10 24 12
390 369  3  11 13 2
350 380  3  12 25 14
310 369  3  13 15 3
280 340  3  14 27 16
270 300  3  15 17 5
249 234  3  16 29 18
289 196  3  17 19 6
345 180  3  18 30 20
402 192  3  19 21 8
445 227  3  20 31 22
468 281  3  21 23 10
463 339  3  22 33 24
433 386  3  23 25 11
383 415  3  24 26 13
325 417  3  25 33 27
274 393  3  26 28 15
239 346  3  27 32 29
230 289  3  28 30 17
238 184  3  29 31 19
395 64  3  30 32 21
304 535  3  31 28 33
430 438  3  32 26 23

 34
311 287  3  4 7 1
273 275  3  0 9 2
296 240  3  1 12 3
333 221  3  2 14 4
350 260  3  3 5 0
388 287  3  4 16 6
373 332  3  5 18 7
326 332  3  6 8 0
290 353  3  7 20 9
271 316  3  8 10 1
232 324  3  9 22 11
234 268  3  10 24 12
262 218  3  11 13 2
310 186  3  12 25 14
374 223  3  13 15 3
409 246  3  14 27 16
428 283  3  15 17 5
426 324  3  16 29 18
403 359  3  17 19 6
366 378  3  18 30 20
325 376  3  19 21 8
305 411  3  20 31 22
258 377  3  21 23 10
110 295  3  22 33 24
260 167  3  23 25 11
366 181  3  24 26 13
420 202  3  25 33 27
457 247  3  26 28 15
469 302  3  27 32 29
454 358  3  28 30 17
415 400  3  29 31 19
362 419  3  30 32 21
468 407  3  31 28 33
589 304  3  32 26 23

 34
350 260  3  4 7 1
311 287  3  0 9 2
284 254  3  1 12 3
312 229  3  2 14 4
350 220  3  3 5 0
387 229  3  4 16 6
415 254  3  5 18 7
388 287  3  6 8 0
373 332  3  7 20 9
326 332  3  8 10 1
297 360  3  9 22 11
275 328  3  10 24 12
270 290  3  11 13 2
251 231  3  12 25 14
293 194  3  13 15 3
350 180  3  14 27 16
406 194  3  15 17 5
448 231  3  16 29 18
429 290  3  17 19 6
424 328  3  18 30 20
403 359  3  19 21 8
369 377  3  20 31 22
330 377  3  21 23 10
271 390  3  22 33 24
237 343  3  23 25 11
230 285  3  24 26 13
218 391  3  25 33 27
561 412  3  26 28 15
482 389  3  27 32 29
469 285  3  28 30 17
462 343  3  29 31 19
430 389  3  30 32 21
379 416  3  31 28 33
320 416  3  32 26 23

 34
340 220  3  4 7 1
350 260  3  0 9 2
315 280  3  1 12 3
279 262  3  2 14 4
304 234  3  3 5 0
289 196  3  4 16 6
350 180  3  5 18 7
378 225  3  6 8 0
409 246  3  7 20 9
384 280  3  8 10 1
384 320  3  9 22 11
350 340  3  10 24 12
315 320  3  11 13 2
279 337  3  12 25 14
270 300  3  13 15 3
230 300  3  14 27 16
246 240  3  15 17 5
308 145  3  16 29 18
410 196  3  17 19 6
453 239  3  18 30 20
427 280  3  19 21 8
427 319  3  20 31 22
410 352  3  21 23 10
378 374  3  22 33 24
340 379  3  23 25 11
305 366  3  24 26 13
290 403  3  25 33 27
246 360  3  26 28 15
308 454  3  27 32 29
590 300  3  28 30 17
470 300  3  29 31 19
453 360  3  30 32 21
410 403  3  31 28 33
350 420  3  32 26 23

 34
306 232  3  4 7 1
343 220  3  0 9 2
350 260  3  1 12 3
311 287  3  2 14 4
280 260  3  3 5 0
270 297  3  4 16 6
246 240  3  5 18 7
284 199  3  6 8 0
339 180  3  7 20 9
381 226  3  8 10 1
411 248  3  9 22 11
428 283  3  10 24 12
388 287  3  11 13 2
373 332  3  12 25 14
326 332  3  13 15 3
302 364  3  14 27 16
278 335  3  15 17 5
242 352  3  16 29 18
230 295  3  17 19 6
262 165  3  18 30 20
396 189  3  19 21 8
441 222  3  20 31 22
467 275  3  21 23 10
465 333  3  22 33 24
426 322  3  23 25 11
408 354  3  24 26 13
376 375  3  25 33 27
337 379  3  26 28 15
331 418  3  27 32 29
279 397  3  28 30 17
208 494  3  29 31 19
504 341  3  30 32 21
389 413  3  31 28 33
437 381  3  32 26 23

 34
350 220  3  4 7 1
385 228  3  0 9 2
412 249  3  1 12 3
384 280  3  2 14 4
350 260  3  3 5 0
315 280  3  4 16 6
287 249  3  5 18 7
314 228  3  6 8 0
318 184  3  7 20 9
381 184  3  8 10 1
434 215  3  9 22 11
465 268  3  10 24 12
427 282  3  11 13 2
427 317  3  12 25 14
384 320  3  13 15 3
350 340  3  14 27 16
315 320  3  15 17 5
272 317  3  16 29 18
272 282  3  17 19 6
234 268  3  18 30 20
265 215  3  19 21 8
150 300  3  20 31 22
550 300  3  21 23 10
434 384  3  22 33 24
465 331  3  23 25 11
412 350  3  24 26 13
385 371  3  25 33 27
350 380  3  26 28 15
314 371  3  27 32 29
287 350  3  28 30 17
234 331  3  29 31 19
265 384  3  30 32 21
318 415  3  31 28 33
381 415  3  32 26 23

 34
299 237  3  4 7 1
274 206  3  0 9 2
327 182  3  1 12 3
373 223  3  2 14 4
334 221  3  3 5 0
350 260  3  4 16 6
311 287  3  5 18 7
276 267  3  6 8 0
270 305  3  7 20 9
240 251  3  8 10 1
230 308  3  9 22 11
249 175  3  10 24 12
385 185  3  11 13 2
433 213  3  12 25 14
405 242  3  13 15 3
426 275  3  14 27 16
388 287  3  15 17 5
373 332  3  16 29 18
326 332  3  17 19 6
310 369  3  18 30 20
282 342  3  19 21 8
290 403  3  20 31 22
248 363  3  21 23 10
344 459  3  22 33 24
578 225  3  23 25 11
464 262  3  24 26 13
468 320  3  25 33 27
428 313  3  26 28 15
413 348  3  27 32 29
383 372  3  28 30 17
345 379  3  29 31 19
343 419  3  30 32 21
400 408  3  31 28 33
445 372  3  32 26 23

 34
359 220  3  4 7 1
321 225  3  0 9 2
350 180  3  1 12 3
410 196  3  2 14 4
395 234  3  3 5 0
420 262  3  4 16 6
384 280  3  5 18 7
350 260  3  6 8 0
315 280  3  7 20 9
290 246  3  8 10 1
272 280  3  9 22 11
246 240  3  10 24 12
289 196  3  11 13 2
391 145  3  12 25 14
453 239  3  13 15 3
470 300  3  14 27 16
430 300  3  15 17 5
420 337  3  16 29 18
384 320  3  17 19 6
350 340  3  18 30 20
315 320  3  19 21 8
290 353  3  20 31 22
272 319  3  21 23 10
246 360  3  22 33 24
230 300  3  23 25 11
110 300  3  24 26 13
391 454  3  25 33 27
453 360  3  26 28 15
410 403  3  27 32 29
395 365  3  28 30 17
359 379  3  29 31 19
321 374  3  30 32 21
350 420  3  31 28 33
290 403  3  32 26 23

 34
390 230  3  4 7 1
358 220  3  0 9 2
325 223  3  1 12 3
350 180  3  2 14 4
410 196  3  3 5 0
453 239  3  4 16 6
428 283  3  5 18 7
414 252  3  6 8 0
384 280  3  7 20 9
350 260  3  8 10 1
315 280  3  9 22 11
276 267  3  10 24 12
296 240  3  11 13 2
246 240  3  12 25 14
289 196  3  13 15 3
550 300  3  14 27 16
470 300  3  15 17 5
453 360  3  16 29 18
428 316  3  17 19 6
414 347  3  18 30 20
384 320  3  19 21 8
350 340  3  20 31 22
315 320  3  21 23 10
276 332  3  22 33 24
270 300  3  23 25 11
230 300  3  24 26 13
246 360  3  25 33 27
290 403  3  26 28 15
350 420  3  27 32 29
410 403  3  28 30 17
390 369  3  29 31 19
358 379  3  30 32 21
325 376  3  31 28 33
296 359  3  32 26 23

 34
284 199  3  4 7 1
306 232  3  0 9 2
280 261  3  1 12 3
230 297  3  2 14 4
245 241  3  3 5 0
295 149  3  4 16 6
394 188  3  5 18 7
337 180  3  6 8 0
379 225  3  7 20 9
343 220  3  8 10 1
350 260  3  9 22 11
311 287  3  10 24 12
270 297  3  11 13 2
278 335  3  12 25 14
242 352  3  13 15 3
279 397  3  14 27 16
244 84  3  15 17 5
509 302  3  16 29 18
441 222  3  17 19 6
466 273  3  18 30 20
411 248  3  19 21 8
428 283  3  20 31 22
388 287  3  21 23 10
373 332  3  22 33 24
326 332  3  23 25 11
302 364  3  24 26 13
338 379  3  25 33 27
333 418  3  26 28 15
391 412  3  27 32 29
437 381  3  28 30 17
465 331  3  29 31 19
427 320  3  30 32 21
408 354  3  31 28 33
376 375  3  32 26 23

 34
358 180  3  4 7 1
382 226  3  0 9 2
341 220  3  1 12 3
302 235  3  2 14 4
301 190  3  3 5 0
255 226  3  4 16 6
319 142  3  5 18 7
411 197  3  6 8 0
452 238  3  7 20 9
414 252  3  8 10 1
429 291  3  9 22 11
388 287  3  10 24 12
350 260  3  11 13 2
311 287  3  12 25 14
276 267  3  13 15 3
270 308  3  14 27 16
232 277  3  15 17 5
235 335  3  16 29 18
160 152  3  17 19 6
539 447  3  18 30 20
469 293  3  19 21 8
459 348  3  20 31 22
423 332  3  21 23 10
397 364  3  22 33 24
373 332  3  23 25 11
326 332  3  24 26 13
317 373  3  25 33 27
285 347  3  26 28 15
314 414  3  27 32 29
265 384  3  28 30 17
341 459  3  29 31 19
423 394  3  30 32 21
370 418  3  31 28 33
358 379  3  32 26 23

 34
379 183  3  4 7 1
433 213  3  0 9 2
403 240  3  1 12 3
373 223  3  2 14 4
337 220  3  3 5 0
304 234  3  4 16 6
263 216  3  5 18 7
316 184  3  6 8 0
446 125  3  7 20 9
465 266  3  8 10 1
466 329  3  9 22 11
429 305  3  10 24 12
424 270  3  11 13 2
384 280  3  12 25 14
350 260  3  13 15 3
315 280  3  14 27 16
280 260  3  15 17 5
270 294  3  16 29 18
233 270  3  17 19 6
234 333  3  18 30 20
253 474  3  19 21 8
383 415  3  20 31 22
436 383  3  21 23 10
395 365  3  22 33 24
419 340  3  23 25 11
384 320  3  24 26 13
350 340  3  25 33 27
315 320  3  26 28 15
296 359  3  27 32 29
275 329  3  28 30 17
266 386  3  29 31 19
320 416  3  30 32 21
326 376  3  31 28 33
362 379  3  32 26 23

 34
318 184  3  4 7 1
381 184  3  0 9 2
434 215  3  1 12 3
394 233  3  2 14 4
362 220  3  3 5 0
326 223  3  4 16 6
295 241  3  5 18 7
265 215  3  6 8 0
234 268  3  7 20 9
249 126  3  8 10 1
450 473  3  9 22 11
465 331  3  10 24 12
465 268  3  11 13 2
429 294  3  12 25 14
419 259  3  13 15 3
384 280  3  14 27 16
350 260  3  15 17 5
315 280  3  16 29 18
275 270  3  17 19 6
270 305  3  18 30 20
234 331  3  19 21 8
265 384  3  20 31 22
318 415  3  21 23 10
381 415  3  22 33 24
434 384  3  23 25 11
424 329  3  24 26 13
404 358  3  25 33 27
384 320  3  26 28 15
350 340  3  27 32 29
315 320  3  28 30 17
280 340  3  29 31 19
305 366  3  30 32 21
337 379  3  31 28 33
373 376  3  32 26 23

 34
333 181  3  4 7 1
281 201  3  0 9 2
366 140  3  1 12 3
439 219  3  2 14 4
391 187  3  3 5 0
397 235  3  4 16 6
358 220  3  5 18 7
317 226  3  6 8 0
285 252  3  7 20 9
243 245  3  8 10 1
230 302  3  9 22 11
174 463  3  10 24 12
525 136  3  11 13 2
466 326  3  12 25 14
465 268  3  13 15 3
429 308  3  14 27 16
423 267  3  15 17 5
388 287  3  16 29 18
350 260  3  17 19 6
311 287  3  18 30 20
270 291  3  19 21 8
276 332  3  20 31 22
244 356  3  21 23 10
282 399  3  22 33 24
372 458  3  23 25 11
440 378  3  24 26 13
394 411  3  25 33 27
414 347  3  26 28 15
382 373  3  27 32 29
373 332  3  28 30 17
326 332  3  29 31 19
302 364  3  30 32 21
341 379  3  31 28 33
337 419  3  32 26 23

 34
415 199  3  4 7 1
360 180  3  0 9 2
305 188  3  1 12 3
402 148  3  2 14 4
454 241  3  3 5 0
469 295  3  4 16 6
419 261  3  5 18 7
393 232  3  6 8 0
358 220  3  7 20 9
320 225  3  8 10 1
288 248  3  9 22 11
232 275  3  10 24 12
258 222  3  11 13 2
190 305  3  12 25 14
112 333  3  13 15 3
420 397  3  14 27 16
457 352  3  15 17 5
421 335  3  16 29 18
429 298  3  17 19 6
388 287  3  18 30 20
350 260  3  19 21 8
311 287  3  20 31 22
272 282  3  21 23 10
272 320  3  22 33 24
234 331  3  23 25 11
262 381  3  24 26 13
310 413  3  25 33 27
368 418  3  26 28 15
361 379  3  27 32 29
397 364  3  28 30 17
373 332  3  29 31 19
326 332  3  30 32 21
323 375  3  31 28 33
291 354  3  32 26 23

 34
408 195  3  4 7 1
347 180  3  0 9 2
288 197  3  1 12 3
194 261  3  2 14 4
466 90  3  3 5 0
465 411  3  4 16 6
469 297  3  5 18 7
452 238  3  6 8 0
404 241  3  7 20 9
372 223  3  8 10 1
333 221  3  9 22 11
298 238  3  10 24 12
245 241  3  11 13 2
230 302  3  12 25 14
247 361  3  13 15 3
291 404  3  14 27 16
352 419  3  15 17 5
411 402  3  16 29 18
454 358  3  17 19 6
429 312  3  18 30 20
425 273  3  19 21 8
384 280  3  20 31 22
350 260  3  21 23 10
315 280  3  22 33 24
276 268  3  23 25 11
270 306  3  24 26 13
282 343  3  25 33 27
311 369  3  26 28 15
347 379  3  27 32 29
385 371  3  28 30 17
414 347  3  29 31 19
384 320  3  30 32 21
350 340  3  31 28 33
315 320  3  32 26 23

 34
422 157  3  4 7 1
462 256  3  0 9 2
430 210  3  1 12 3
379 183  3  2 14 4
320 183  3  3 5 0
271 209  3  4 16 6
111 329  3  5 18 7
588 270  3  6 8 0
448 368  3  7 20 9
469 314  3  8 10 1
428 316  3  9 22 11
426 275  3  10 24 12
403 240  3  11 13 2
366 221  3  12 25 14
325 223  3  13 15 3
290 246  3  14 27 16
237 256  3  15 17 5
230 314  3  16 29 18
245 420  3  17 19 6
350 420  3  18 30 20
406 405  3  19 21 8
374 376  3  20 31 22
409 353  3  21 23 10
373 332  3  22 33 24
388 287  3  23 25 11
350 260  3  24 26 13
311 287  3  25 33 27
271 283  3  26 28 15
273 324  3  27 32 29
250 367  3  28 30 17
293 405  3  29 31 19
333 378  3  30 32 21
296 359  3  31 28 33
326 332  3  32 26 23

 34
345 60  3  4 7 1
500 354  3  0 9 2
448 231  3  1 12 3
404 193  3  2 14 4
347 180  3  3 5 0
293 194  3  4 16 6
250 232  3  5 18 7
201 359  3  6 8 0
323 416  3  7 20 9
381 415  3  8 10 1
430 389  3  9 22 11
462 341  3  10 24 12
468 283  3  11 13 2
415 254  3  12 25 14
386 228  3  13 15 3
350 220  3  14 27 16
312 229  3  15 17 5
283 255  3  16 29 18
230 287  3  17 19 6
237 343  3  18 30 20
271 390  3  19 21 8
332 377  3  20 31 22
369 377  3  21 23 10
403 359  3  22 33 24
425 327  3  23 25 11
429 290  3  24 26 13
388 287  3  25 33 27
350 260  3  26 28 15
311 287  3  27 32 29
270 290  3  28 30 17
275 328  3  29 31 19
297 360  3  30 32 21
326 332  3  31 28 33
373 332  3  32 26 23

 34
195 341  3  4 7 1
267 525  3  0 9 2
432 74  3  1 12 3
281 201  3  2 14 4
243 245  3  3 5 0
230 302  3  4 16 6
244 356  3  5 18 7
282 399  3  6 8 0
337 419  3  7 20 9
394 411  3  8 10 1
440 378  3  9 22 11
466 326  3  10 24 12
489 222  3  11 13 2
391 187  3  12 25 14
333 181  3  13 15 3
317 226  3  14 27 16
285 252  3  15 17 5
270 291  3  16 29 18
276 332  3  17 19 6
302 364  3  18 30 20
341 379  3  19 21 8
382 373  3  20 31 22
414 347  3  21 23 10
429 308  3  22 33 24
465 268  3  23 25 11
439 219  3  24 26 13
397 235  3  25 33 27
358 220  3  26 28 15
350 260  3  27 32 29
311 287  3  28 30 17
326 332  3  29 31 19
373 332  3  30 32 21
388 287  3  31 28 33
423 267  3  32 26 23

