  11    2 17   34   0  1  2  3  4 11 12 13 14 15 16 17
  11    5 18   34   0  1  2  4  6  9 10 12 14 15 17 18
  12    1  2   34   0  1  2  3  4  6 12 14 15 16 17 18
  12    2  0   34   0  1  2  3  4 11 12 13 14 15 16 17
  12    2  2   34   0  1  2  3  4 11 12 13 14 15 16 17
  12    2 18   34   0  1  2  3  4 11 12 13 14 15 16 17
  12    3  0   34   0  1  2  3  6  9 10 12 14 16 17 18
  12    3 18   34   0  1  2  3  6  9 10 12 14 16 17 18
  12    4  0   34   0  1  2  3  6 10 11 12 14 15 16 18
  12    4 16   34   0  1  2  3  6 10 11 12 14 15 16 18
  12    5  0   34   0  1  2  4  6  9 10 12 14 15 17 18
  13    2  3   34   0  1  2  3  4 11 12 13 14 15 16 17
  14    1 16   34   0  1  2  3  4  6 12 14 15 16 17 18
  14    2 12   34   0  1  2  3  4 11 12 13 14 15 16 17
  14    4  1   34   0  1  2  3  6 10 11 12 14 15 16 18
  14    4 18   34   0  1  2  3  6 10 11 12 14 15 16 18
  17    1  0   34   0  1  2  3  4  6 12 14 15 16 17 18
  17    1 18   34   0  1  2  3  4  6 12 14 15 16 17 18
  24    6  5   34   0  1  2  4  6  9 10 13 14 16 17 18
  61    3 10   34   0  1  2  3  6  9 10 12 14 16 17 18
  68    3 15   34   0  1  2  3  6  9 10 12 14 16 17 18
  69    1  4   34   0  1  2  3  4  6 12 14 15 16 17 18
  69    3 13   34   0  1  2  3  6  9 10 12 14 16 17 18
  69    4  4   34   0  1  2  3  6 10 11 12 14 15 16 18
  69    4  6   34   0  1  2  3  6 10 11 12 14 15 16 18
  69    5  3   34   0  1  2  4  6  9 10 12 14 15 17 18
  69    5 13   34   0  1  2  4  6  9 10 12 14 15 17 18
  69    6  3   34   0  1  2  4  6  9 10 13 14 16 17 18
  69    6  7   34   0  1  2  4  6  9 10 13 14 16 17 18
  69    6 15   34   0  1  2  4  6  9 10 13 14 16 17 18
  70    1 14   34   0  1  2  3  4  6 12 14 15 16 17 18
  70    2 15   34   0  1  2  3  4 11 12 13 14 15 16 17
  70    3 12   34   0  1  2  3  6  9 10 12 14 16 17 18
  70    4 11   34   0  1  2  3  6 10 11 12 14 15 16 18
  71    4 10   34   0  1  2  3  6 10 11 12 14 15 16 18
  72    4 12   34   0  1  2  3  6 10 11 12 14 15 16 18
  75    1  8   34   0  1  2  3  4  6 12 14 15 16 17 18
  75    1  9   34   0  1  2  3  4  6 12 14 15 16 17 18
  75    2  7   34   0  1  2  3  4 11 12 13 14 15 16 17
  75    2  9   34   0  1  2  3  4 11 12 13 14 15 16 17
  75    6  8   34   0  1  2  4  6  9 10 13 14 16 17 18
  76    1  7   34   0  1  2  3  4  6 12 14 15 16 17 18
  76    1 10   34   0  1  2  3  4  6 12 14 15 16 17 18
  76    1 11   34   0  1  2  3  4  6 12 14 15 16 17 18
  76    2  6   34   0  1  2  3  4 11 12 13 14 15 16 17
  76    2  8   34   0  1  2  3  4 11 12 13 14 15 16 17
  76    2 10   34   0  1  2  3  4 11 12 13 14 15 16 17
  76    4  9   34   0  1  2  3  6 10 11 12 14 15 16 18
  76    6 12   34   0  1  2  4  6  9 10 13 14 16 17 18
  77    2 11   34   0  1  2  3  4 11 12 13 14 15 16 17
  77    2 14   34   0  1  2  3  4 11 12 13 14 15 16 17
  77    3  2   34   0  1  2  3  6  9 10 12 14 16 17 18
  77    3  5   34   0  1  2  3  6  9 10 12 14 16 17 18
  77    3  6   34   0  1  2  3  6  9 10 12 14 16 17 18
  77    3  9   34   0  1  2  3  6  9 10 12 14 16 17 18
  77    3 11   34   0  1  2  3  6  9 10 12 14 16 17 18
  77    4  2   34   0  1  2  3  6 10 11 12 14 15 16 18
  77    4  3   34   0  1  2  3  6 10 11 12 14 15 16 18
  77    4  7   34   0  1  2  3  6 10 11 12 14 15 16 18
  77    4  8   34   0  1  2  3  6 10 11 12 14 15 16 18
  77    4 13   34   0  1  2  3  6 10 11 12 14 15 16 18
  77    4 14   34   0  1  2  3  6 10 11 12 14 15 16 18
  77    5  2   34   0  1  2  4  6  9 10 12 14 15 17 18
  77    5  5   34   0  1  2  4  6  9 10 12 14 15 17 18
  77    5  8   34   0  1  2  4  6  9 10 12 14 15 17 18
  77    5 10   34   0  1  2  4  6  9 10 12 14 15 17 18
  77    5 11   34   0  1  2  4  6  9 10 12 14 15 17 18
  77    5 12   34   0  1  2  4  6  9 10 12 14 15 17 18
  77    5 16   34   0  1  2  4  6  9 10 12 14 15 17 18
  77    6  2   34   0  1  2  4  6  9 10 13 14 16 17 18
  77    6  4   34   0  1  2  4  6  9 10 13 14 16 17 18
  77    6  6   34   0  1  2  4  6  9 10 13 14 16 17 18
  77    6 11   34   0  1  2  4  6  9 10 13 14 16 17 18
  78    1  3   34   0  1  2  3  4  6 12 14 15 16 17 18
  78    1  5   34   0  1  2  3  4  6 12 14 15 16 17 18
  78    1  6   34   0  1  2  3  4  6 12 14 15 16 17 18
  78    1 12   34   0  1  2  3  4  6 12 14 15 16 17 18
  78    1 13   34   0  1  2  3  4  6 12 14 15 16 17 18
  78    1 15   34   0  1  2  3  4  6 12 14 15 16 17 18
  78    1 17   34   0  1  2  3  4  6 12 14 15 16 17 18
  78    2  1   34   0  1  2  3  4 11 12 13 14 15 16 17
  78    2  5   34   0  1  2  3  4 11 12 13 14 15 16 17
  78    2 13   34   0  1  2  3  4 11 12 13 14 15 16 17
  78    2 16   34   0  1  2  3  4 11 12 13 14 15 16 17
  78    3  3   34   0  1  2  3  6  9 10 12 14 16 17 18
  78    3  4   34   0  1  2  3  6  9 10 12 14 16 17 18
  78    3  7   34   0  1  2  3  6  9 10 12 14 16 17 18
  78    3  8   34   0  1  2  3  6  9 10 12 14 16 17 18
  78    3 14   34   0  1  2  3  6  9 10 12 14 16 17 18
  78    4  5   34   0  1  2  3  6 10 11 12 14 15 16 18
  78    4 15   34   0  1  2  3  6 10 11 12 14 15 16 18
  78    4 17   34   0  1  2  3  6 10 11 12 14 15 16 18
  78    5  1   34   0  1  2  4  6  9 10 12 14 15 17 18
  78    5  4   34   0  1  2  4  6  9 10 12 14 15 17 18
  78    5  7   34   0  1  2  4  6  9 10 12 14 15 17 18
  78    5  9   34   0  1  2  4  6  9 10 12 14 15 17 18
  78    5 15   34   0  1  2  4  6  9 10 12 14 15 17 18
  78    5 17   34   0  1  2  4  6  9 10 12 14 15 17 18
  78    6  0   34   0  1  2  4  6  9 10 13 14 16 17 18
  78    6  1   34   0  1  2  4  6  9 10 13 14 16 17 18
  78    6  9   34   0  1  2  4  6  9 10 13 14 16 17 18
  78    6 13   34   0  1  2  4  6  9 10 13 14 16 17 18
  78    6 16   34   0  1  2  4  6  9 10 13 14 16 17 18
  78    6 17   34   0  1  2  4  6  9 10 13 14 16 17 18
  78    6 18   34   0  1  2  4  6  9 10 13 14 16 17 18
  79    1  1   34   0  1  2  3  4  6 12 14 15 16 17 18
  79    2  4   34   0  1  2  3  4 11 12 13 14 15 16 17
  79    3  1   34   0  1  2  3  6  9 10 12 14 16 17 18
  79    3 16   34   0  1  2  3  6  9 10 12 14 16 17 18
  79    3 17   34   0  1  2  3  6  9 10 12 14 16 17 18
  79    5  6   34   0  1  2  4  6  9 10 12 14 15 17 18
  79    5 14   34   0  1  2  4  6  9 10 12 14 15 17 18
  79    6 10   34   0  1  2  4  6  9 10 13 14 16 17 18
  79    6 14   34   0  1  2  4  6  9 10 13 14 16 17 18
