   9    1  5   24   0  1  2  3  4  6  7  9 10 11 12 13
   9    1  8   24   0  1  2  3  4  6  7  9 10 11 12 13
  68    1  1   24   0  1  2  3  4  6  7  9 10 11 12 13
  68    1  3   24   0  1  2  3  4  6  7  9 10 11 12 13
  68    1  6   24   0  1  2  3  4  6  7  9 10 11 12 13
  68    1  9   24   0  1  2  3  4  6  7  9 10 11 12 13
  68    1 10   24   0  1  2  3  4  6  7  9 10 11 12 13
  68    1 11   24   0  1  2  3  4  6  7  9 10 11 12 13
  68    1 12   24   0  1  2  3  4  6  7  9 10 11 12 13
  68    1 13   24   0  1  2  3  4  6  7  9 10 11 12 13
  69    1  0   24   0  1  2  3  4  6  7  9 10 11 12 13
  69    1  2   24   0  1  2  3  4  6  7  9 10 11 12 13
  69    1  4   24   0  1  2  3  4  6  7  9 10 11 12 13
  69    1  7   24   0  1  2  3  4  6  7  9 10 11 12 13
