  12    1  0   30   0  1  2  3  4  5 11 12 13 14 15 16
  12    1 16   30   0  1  2  3  4  5 11 12 13 14 15 16
  19    2  8   30   0  1  2  3  4  6 10 12 13 14 15 16
  70    3 10   30   0  1  2  3  6  9 10 11 12 13 14 15
  70    3 13   30   0  1  2  3  6  9 10 11 12 13 14 15
  71    2  0   30   0  1  2  3  4  6 10 12 13 14 15 16
  71    2 16   30   0  1  2  3  4  6 10 12 13 14 15 16
  75    2  9   30   0  1  2  3  4  6 10 12 13 14 15 16
  76    1  6   30   0  1  2  3  4  5 11 12 13 14 15 16
  76    1  7   30   0  1  2  3  4  5 11 12 13 14 15 16
  76    1  8   30   0  1  2  3  4  5 11 12 13 14 15 16
  76    1  9   30   0  1  2  3  4  5 11 12 13 14 15 16
  76    1 10   30   0  1  2  3  4  5 11 12 13 14 15 16
  76    2  6   30   0  1  2  3  4  6 10 12 13 14 15 16
  76    2  7   30   0  1  2  3  4  6 10 12 13 14 15 16
  76    2 10   30   0  1  2  3  4  6 10 12 13 14 15 16
  76    2 11   30   0  1  2  3  4  6 10 12 13 14 15 16
  76    3  4   30   0  1  2  3  6  9 10 11 12 13 14 15
  76    3  7   30   0  1  2  3  6  9 10 11 12 13 14 15
  76    3 11   30   0  1  2  3  6  9 10 11 12 13 14 15
  76    3 14   30   0  1  2  3  6  9 10 11 12 13 14 15
  76    3 15   30   0  1  2  3  6  9 10 11 12 13 14 15
  77    1  1   30   0  1  2  3  4  5 11 12 13 14 15 16
  77    1  2   30   0  1  2  3  4  5 11 12 13 14 15 16
  77    1  3   30   0  1  2  3  4  5 11 12 13 14 15 16
  77    1  4   30   0  1  2  3  4  5 11 12 13 14 15 16
  77    2  2   30   0  1  2  3  4  6 10 12 13 14 15 16
  77    2  3   30   0  1  2  3  4  6 10 12 13 14 15 16
  77    2  5   30   0  1  2  3  4  6 10 12 13 14 15 16
  77    3  2   30   0  1  2  3  6  9 10 11 12 13 14 15
  77    3  5   30   0  1  2  3  6  9 10 11 12 13 14 15
  77    3  8   30   0  1  2  3  6  9 10 11 12 13 14 15
  77    3  9   30   0  1  2  3  6  9 10 11 12 13 14 15
  77    3 16   30   0  1  2  3  6  9 10 11 12 13 14 15
  78    2  1   30   0  1  2  3  4  6 10 12 13 14 15 16
  78    2  4   30   0  1  2  3  4  6 10 12 13 14 15 16
  78    2 13   30   0  1  2  3  4  6 10 12 13 14 15 16
  78    2 14   30   0  1  2  3  4  6 10 12 13 14 15 16
  78    2 15   30   0  1  2  3  4  6 10 12 13 14 15 16
  78    3  0   30   0  1  2  3  6  9 10 11 12 13 14 15
  78    3  1   30   0  1  2  3  6  9 10 11 12 13 14 15
  78    3  6   30   0  1  2  3  6  9 10 11 12 13 14 15
  78    3 12   30   0  1  2  3  6  9 10 11 12 13 14 15
  79    1  5   30   0  1  2  3  4  5 11 12 13 14 15 16
  79    1 11   30   0  1  2  3  4  5 11 12 13 14 15 16
  79    1 12   30   0  1  2  3  4  5 11 12 13 14 15 16
  79    1 13   30   0  1  2  3  4  5 11 12 13 14 15 16
  79    1 14   30   0  1  2  3  4  5 11 12 13 14 15 16
  79    1 15   30   0  1  2  3  4  5 11 12 13 14 15 16
  79    2 12   30   0  1  2  3  4  6 10 12 13 14 15 16
  79    3  3   30   0  1  2  3  6  9 10 11 12 13 14 15
