  60    1  5   28   0  1  2  3  4  6  9 11 12 13 14 15
  60    1  8   28   0  1  2  3  4  6  9 11 12 13 14 15
  68    1 10   28   0  1  2  3  4  6  9 11 12 13 14 15
  68    2  9   28   0  1  2  4  6  8  9 10 11 12 13 14
  68    2 11   28   0  1  2  4  6  8  9 10 11 12 13 14
  68    2 13   28   0  1  2  4  6  8  9 10 11 12 13 14
  69    1  7   28   0  1  2  3  4  6  9 11 12 13 14 15
  76    1  2   28   0  1  2  3  4  6  9 11 12 13 14 15
  76    1  6   28   0  1  2  3  4  6  9 11 12 13 14 15
  76    1  9   28   0  1  2  3  4  6  9 11 12 13 14 15
  76    1 11   28   0  1  2  3  4  6  9 11 12 13 14 15
  76    1 13   28   0  1  2  3  4  6  9 11 12 13 14 15
  76    1 14   28   0  1  2  3  4  6  9 11 12 13 14 15
  76    2  0   28   0  1  2  4  6  8  9 10 11 12 13 14
  76    2  2   28   0  1  2  4  6  8  9 10 11 12 13 14
  76    2  3   28   0  1  2  4  6  8  9 10 11 12 13 14
  76    2  4   28   0  1  2  4  6  8  9 10 11 12 13 14
  76    2  5   28   0  1  2  4  6  8  9 10 11 12 13 14
  76    2  6   28   0  1  2  4  6  8  9 10 11 12 13 14
  76    2  7   28   0  1  2  4  6  8  9 10 11 12 13 14
  76    2 14   28   0  1  2  4  6  8  9 10 11 12 13 14
  76    2 15   28   0  1  2  4  6  8  9 10 11 12 13 14
  77    1  0   28   0  1  2  3  4  6  9 11 12 13 14 15
  77    1  1   28   0  1  2  3  4  6  9 11 12 13 14 15
  77    1  4   28   0  1  2  3  4  6  9 11 12 13 14 15
  77    2  1   28   0  1  2  4  6  8  9 10 11 12 13 14
  77    2  8   28   0  1  2  4  6  8  9 10 11 12 13 14
  77    2 10   28   0  1  2  4  6  8  9 10 11 12 13 14
  77    2 12   28   0  1  2  4  6  8  9 10 11 12 13 14
  78    1  3   28   0  1  2  3  4  6  9 11 12 13 14 15
  78    1 12   28   0  1  2  3  4  6  9 11 12 13 14 15
  78    1 15   28   0  1  2  3  4  6  9 11 12 13 14 15
