   4   39  5   42   0  1  2  9 10 11 12 14 15 16 20 22
   4   42 16   42   0  1  3  6  8 10 11 14 18 20 21 22
   5   39 17   42   0  1  2  9 10 11 12 14 15 16 20 22
   5   42 13   42   0  1  3  6  8 10 11 14 18 20 21 22
   5   43 16   42   0  1  3  6  8 10 11 15 18 19 20 21
   6   36 16   42   0  1  2  4  9 13 14 15 17 18 19 20
   6   37 16   42   0  1  2  4 10 13 14 15 17 18 20 22
   6   38 16   42   0  1  2  4 10 14 15 18 19 20 21 22
   6   40  5   42   0  1  2  9 10 11 13 15 16 19 20 22
   6   40 17   42   0  1  2  9 10 11 13 15 16 19 20 22
   6   41 11   42   0  1  3  6  8  9 12 17 19 20 21 22
   6   42  8   42   0  1  3  6  8 10 11 14 18 20 21 22
   6   42  9   42   0  1  3  6  8 10 11 14 18 20 21 22
   6   43  9   42   0  1  3  6  8 10 11 15 18 19 20 21
   6   43 13   42   0  1  3  6  8 10 11 15 18 19 20 21
   6   44 13   42   0  1  3  6  8 10 12 15 18 19 21 22
   7   42  5   42   0  1  3  6  8 10 11 14 18 20 21 22
   7   43  5   42   0  1  3  6  8 10 11 15 18 19 20 21
   7   45  9   42   0  1  3  6  8 11 12 15 17 18 20 21
   7   45 13   42   0  1  3  6  8 11 12 15 17 18 20 21
   8   36  5   42   0  1  2  4  9 13 14 15 17 18 19 20
   8   41  7   42   0  1  3  6  8  9 12 17 19 20 21 22
   8   44  9   42   0  1  3  6  8 10 12 15 18 19 21 22
  10   30 16   42   0  1  2  4  9 11 13 14 17 20 21 22
  10   37  5   42   0  1  2  4 10 13 14 15 17 18 20 22
  10   38  5   42   0  1  2  4 10 14 15 18 19 20 21 22
  11   21 11   42   0  1  2  3 10 12 14 16 18 19 21 22
  11   21 15   42   0  1  2  3 10 12 14 16 18 19 21 22
  11   35  7   42   0  1  2  4  9 12 14 15 17 19 20 22
  11   35 18   42   0  1  2  4  9 12 14 15 17 19 20 22
  11   42 12   42   0  1  3  6  8 10 11 14 18 20 21 22
  11   42 19   42   0  1  3  6  8 10 11 14 18 20 21 22
  11   43  6   42   0  1  3  6  8 10 11 15 18 19 20 21
  11   44 11   42   0  1  3  6  8 10 12 15 18 19 21 22
  12   12  6   42   0  1  2  3  6 10 15 17 18 19 20 21
  12   14  4   42   0  1  2  3 10 11 13 14 16 19 21 22
  12   19  6   42   0  1  2  3 10 12 13 14 16 18 21 22
  12   24  7   42   0  1  2  4  6  9 14 16 18 19 21 22
  12   24 15   42   0  1  2  4  6  9 14 16 18 19 21 22
  12   25  6   42   0  1  2  4  6  9 15 17 18 19 20 21
  12   29  4   42   0  1  2  4  9 11 13 14 16 19 21 22
  12   29 11   42   0  1  2  4  9 11 13 14 16 19 21 22
  12   31 14   42   0  1  2  4  9 11 13 15 17 19 20 21
  12   32  6   42   0  1  2  4  9 12 13 14 16 18 21 22
  12   33  2   42   0  1  2  4  9 12 13 15 17 18 20 21
  12   33  5   42   0  1  2  4  9 12 13 15 17 18 20 21
  12   33 10   42   0  1  2  4  9 12 13 15 17 18 20 21
  12   33 14   42   0  1  2  4  9 12 13 15 17 18 20 21
  12   33 16   42   0  1  2  4  9 12 13 15 17 18 20 21
  12   35  4   42   0  1  2  4  9 12 14 15 17 19 20 22
  12   35  5   42   0  1  2  4  9 12 14 15 17 19 20 22
  12   35 13   42   0  1  2  4  9 12 14 15 17 19 20 22
  12   35 14   42   0  1  2  4  9 12 14 15 17 19 20 22
  12   35 16   42   0  1  2  4  9 12 14 15 17 19 20 22
  12   36  4   42   0  1  2  4  9 13 14 15 17 18 19 20
  12   39  4   42   0  1  2  9 10 11 12 14 15 16 20 22
  12   40  3   42   0  1  2  9 10 11 13 15 16 19 20 22
  12   43 14   42   0  1  3  6  8 10 11 15 18 19 20 21
  12   44  3   42   0  1  3  6  8 10 12 15 18 19 21 22
  12   44  6   42   0  1  3  6  8 10 12 15 18 19 21 22
  12   44  7   42   0  1  3  6  8 10 12 15 18 19 21 22
  12   44 16   42   0  1  3  6  8 10 12 15 18 19 21 22
  12   45 10   42   0  1  3  6  8 11 12 15 17 18 20 21
  12   45 14   42   0  1  3  6  8 11 12 15 17 18 20 21
  12   45 16   42   0  1  3  6  8 11 12 15 17 18 20 21
  12   45 19   42   0  1  3  6  8 11 12 15 17 18 20 21
  13   20 15   42   0  1  2  3 10 12 13 15 17 18 20 21
  13   21  3   42   0  1  2  3 10 12 14 16 18 19 21 22
  13   22  7   42   0  1  2  4  6  8 15 16 18 19 21 22
  13   22 17   42   0  1  2  4  6  8 15 16 18 19 21 22
  13   24 17   42   0  1  2  4  6  9 14 16 18 19 21 22
  13   25 19   42   0  1  2  4  6  9 15 17 18 19 20 21
  13   29 14   42   0  1  2  4  9 11 13 14 16 19 21 22
  13   30 11   42   0  1  2  4  9 11 13 14 17 20 21 22
  13   34  5   42   0  1  2  4  9 12 13 15 17 19 21 22
  13   35  3   42   0  1  2  4  9 12 14 15 17 19 20 22
  13   38 13   42   0  1  2  4 10 14 15 18 19 20 21 22
  13   43  8   42   0  1  3  6  8 10 11 15 18 19 20 21
  13   43 17   42   0  1  3  6  8 10 11 15 18 19 20 21
  13   44 10   42   0  1  3  6  8 10 12 15 18 19 21 22
  13   44 17   42   0  1  3  6  8 10 12 15 18 19 21 22
  14    9  7   42   0  1  2  3  6 10 14 16 18 19 21 22
  14   12  3   42   0  1  2  3  6 10 15 17 18 19 20 21
  14   14 11   42   0  1  2  3 10 11 13 14 16 19 21 22
  14   21  1   42   0  1  2  3 10 12 14 16 18 19 21 22
  14   21 17   42   0  1  2  3 10 12 14 16 18 19 21 22
  14   22  4   42   0  1  2  4  6  8 15 16 18 19 21 22
  14   22  8   42   0  1  2  4  6  8 15 16 18 19 21 22
  14   23  7   42   0  1  2  4  6  9 13 16 18 20 21 22
  14   23 15   42   0  1  2  4  6  9 13 16 18 20 21 22
  14   24  4   42   0  1  2  4  6  9 14 16 18 19 21 22
  14   25 17   42   0  1  2  4  6  9 15 17 18 19 20 21
  14   26 19   42   0  1  2  4  6 10 15 16 18 19 20 21
  14   29 15   42   0  1  2  4  9 11 13 14 16 19 21 22
  14   31 10   42   0  1  2  4  9 11 13 15 17 19 20 21
  14   31 16   42   0  1  2  4  9 11 13 15 17 19 20 21
  14   32  7   42   0  1  2  4  9 12 13 14 16 18 21 22
  14   32 14   42   0  1  2  4  9 12 13 14 16 18 21 22
  14   33  7   42   0  1  2  4  9 12 13 15 17 18 20 21
  14   33 15   42   0  1  2  4  9 12 13 15 17 18 20 21
  14   33 18   42   0  1  2  4  9 12 13 15 17 18 20 21
  14   34 11   42   0  1  2  4  9 12 13 15 17 19 21 22
  14   34 15   42   0  1  2  4  9 12 13 15 17 19 21 22
  14   35 10   42   0  1  2  4  9 12 14 15 17 19 20 22
  14   35 15   42   0  1  2  4  9 12 14 15 17 19 20 22
  14   36  6   42   0  1  2  4  9 13 14 15 17 18 19 20
  14   36  7   42   0  1  2  4  9 13 14 15 17 18 19 20
  14   36 14   42   0  1  2  4  9 13 14 15 17 18 19 20
  14   37 15   42   0  1  2  4 10 13 14 15 17 18 20 22
  14   38  1   42   0  1  2  4 10 14 15 18 19 20 21 22
  14   38  3   42   0  1  2  4 10 14 15 18 19 20 21 22
  14   40  1   42   0  1  2  9 10 11 13 15 16 19 20 22
  14   40 12   42   0  1  2  9 10 11 13 15 16 19 20 22
  14   40 14   42   0  1  2  9 10 11 13 15 16 19 20 22
  14   42  6   42   0  1  3  6  8 10 11 14 18 20 21 22
  14   42 15   42   0  1  3  6  8 10 11 14 18 20 21 22
  14   42 17   42   0  1  3  6  8 10 11 14 18 20 21 22
  14   44  5   42   0  1  3  6  8 10 12 15 18 19 21 22
  14   44 14   42   0  1  3  6  8 10 12 15 18 19 21 22
  15    2  4   42   0  1  2  3  4 12 13 16 18 20 21 22
  15    6  5   42   0  1  2  3  6  9 16 17 18 19 20 21
  15    6  8   42   0  1  2  3  6  9 16 17 18 19 20 21
  15   10  8   42   0  1  2  3  6 10 14 17 18 20 21 22
  15   11  6   42   0  1  2  3  6 10 15 16 18 19 20 22
  15   11  8   42   0  1  2  3  6 10 15 16 18 19 20 22
  15   12  4   42   0  1  2  3  6 10 15 17 18 19 20 21
  15   12  8   42   0  1  2  3  6 10 15 17 18 19 20 21
  15   14  9   42   0  1  2  3 10 11 13 14 16 19 21 22
  15   17  9   42   0  1  2  3 10 11 13 15 17 19 20 21
  15   19  9   42   0  1  2  3 10 12 13 14 16 18 21 22
  15   20  9   42   0  1  2  3 10 12 13 15 17 18 20 21
  15   21  4   42   0  1  2  3 10 12 14 16 18 19 21 22
  15   21  5   42   0  1  2  3 10 12 14 16 18 19 21 22
  15   21  7   42   0  1  2  3 10 12 14 16 18 19 21 22
  15   21  8   42   0  1  2  3 10 12 14 16 18 19 21 22
  15   23 17   42   0  1  2  4  6  9 13 16 18 20 21 22
  15   24  5   42   0  1  2  4  6  9 14 16 18 19 21 22
  15   24  6   42   0  1  2  4  6  9 14 16 18 19 21 22
  15   25  4   42   0  1  2  4  6  9 15 17 18 19 20 21
  15   25  8   42   0  1  2  4  6  9 15 17 18 19 20 21
  15   32 18   42   0  1  2  4  9 12 13 14 16 18 21 22
  15   33  4   42   0  1  2  4  9 12 13 15 17 18 20 21
  15   33  6   42   0  1  2  4  9 12 13 15 17 18 20 21
  15   35  6   42   0  1  2  4  9 12 14 15 17 19 20 22
  15   35 11   42   0  1  2  4  9 12 14 15 17 19 20 22
  15   36 11   42   0  1  2  4  9 13 14 15 17 18 19 20
  15   37 11   42   0  1  2  4 10 13 14 15 17 18 20 22
  15   42  4   42   0  1  3  6  8 10 11 14 18 20 21 22
  16    8  7   42   0  1  2  3  6 10 13 16 18 20 21 22
  16    9  8   42   0  1  2  3  6 10 14 16 18 19 21 22
  16   10 19   42   0  1  2  3  6 10 14 17 18 20 21 22
  16   11  4   42   0  1  2  3  6 10 15 16 18 19 20 22
  16   14  5   42   0  1  2  3 10 11 13 14 16 19 21 22
  16   14 15   42   0  1  2  3 10 11 13 14 16 19 21 22
  16   15  4   42   0  1  2  3 10 11 13 14 17 20 21 22
  16   15 11   42   0  1  2  3 10 11 13 14 17 20 21 22
  16   15 15   42   0  1  2  3 10 11 13 14 17 20 21 22
  16   16 11   42   0  1  2  3 10 11 13 15 16 19 20 22
  16   19  5   42   0  1  2  3 10 12 13 14 16 18 21 22
  16   19  7   42   0  1  2  3 10 12 13 14 16 18 21 22
  16   20  7   42   0  1  2  3 10 12 13 15 17 18 20 21
  16   20 11   42   0  1  2  3 10 12 13 15 17 18 20 21
  16   22 19   42   0  1  2  4  6  8 15 16 18 19 21 22
  16   25  3   42   0  1  2  4  6  9 15 17 18 19 20 21
  16   29 10   42   0  1  2  4  9 11 13 14 16 19 21 22
  16   30  2   42   0  1  2  4  9 11 13 14 17 20 21 22
  16   30 10   42   0  1  2  4  9 11 13 14 17 20 21 22
  16   30 14   42   0  1  2  4  9 11 13 14 17 20 21 22
  16   31  2   42   0  1  2  4  9 11 13 15 17 19 20 21
  16   31  5   42   0  1  2  4  9 11 13 15 17 19 20 21
  16   31 11   42   0  1  2  4  9 11 13 15 17 19 20 21
  16   31 15   42   0  1  2  4  9 11 13 15 17 19 20 21
  16   32 10   42   0  1  2  4  9 12 13 14 16 18 21 22
  16   33 11   42   0  1  2  4  9 12 13 15 17 18 20 21
  16   34  6   42   0  1  2  4  9 12 13 15 17 19 21 22
  16   35  8   42   0  1  2  4  9 12 14 15 17 19 20 22
  16   36 15   42   0  1  2  4  9 13 14 15 17 18 19 20
  16   36 18   42   0  1  2  4  9 13 14 15 17 18 19 20
  16   37  4   42   0  1  2  4 10 13 14 15 17 18 20 22
  16   38 15   42   0  1  2  4 10 14 15 18 19 20 21 22
  16   38 17   42   0  1  2  4 10 14 15 18 19 20 21 22
  16   40  4   42   0  1  2  9 10 11 13 15 16 19 20 22
  16   42  2   42   0  1  3  6  8 10 11 14 18 20 21 22
  16   43  3   42   0  1  3  6  8 10 11 15 18 19 20 21
  16   43 10   42   0  1  3  6  8 10 11 15 18 19 20 21
  16   43 12   42   0  1  3  6  8 10 11 15 18 19 20 21
  16   43 19   42   0  1  3  6  8 10 11 15 18 19 20 21
  16   43 20   42   0  1  3  6  8 10 11 15 18 19 20 21
  16   45  2   42   0  1  3  6  8 11 12 15 17 18 20 21
  16   45  4   42   0  1  3  6  8 11 12 15 17 18 20 21
  16   45  5   42   0  1  3  6  8 11 12 15 17 18 20 21
  16   45  8   42   0  1  3  6  8 11 12 15 17 18 20 21
  16   45 12   42   0  1  3  6  8 11 12 15 17 18 20 21
  17   10  3   42   0  1  2  3  6 10 14 17 18 20 21 22
  17   12 19   42   0  1  2  3  6 10 15 17 18 19 20 21
  17   13  6   42   0  1  2  3  6 11 14 16 17 19 21 22
  17   16  9   42   0  1  2  3 10 11 13 15 16 19 20 22
  17   16 15   42   0  1  2  3 10 11 13 15 16 19 20 22
  17   16 17   42   0  1  2  3 10 11 13 15 16 19 20 22
  17   21 13   42   0  1  2  3 10 12 14 16 18 19 21 22
  17   22  6   42   0  1  2  4  6  8 15 16 18 19 21 22
  17   22 15   42   0  1  2  4  6  8 15 16 18 19 21 22
  17   23  5   42   0  1  2  4  6  9 13 16 18 20 21 22
  17   24  8   42   0  1  2  4  6  9 14 16 18 19 21 22
  17   24 19   42   0  1  2  4  6  9 14 16 18 19 21 22
  17   26  3   42   0  1  2  4  6 10 15 16 18 19 20 21
  17   30  5   42   0  1  2  4  9 11 13 14 17 20 21 22
  17   30 15   42   0  1  2  4  9 11 13 14 17 20 21 22
  17   30 19   42   0  1  2  4  9 11 13 14 17 20 21 22
  17   31 19   42   0  1  2  4  9 11 13 15 17 19 20 21
  17   34  4   42   0  1  2  4  9 12 13 15 17 19 21 22
  17   34  8   42   0  1  2  4  9 12 13 15 17 19 21 22
  17   36 10   42   0  1  2  4  9 13 14 15 17 18 19 20
  17   43  2   42   0  1  3  6  8 10 11 15 18 19 20 21
  17   45  3   42   0  1  3  6  8 11 12 15 17 18 20 21
  17   45  6   42   0  1  3  6  8 11 12 15 17 18 20 21
  18   10  7   42   0  1  2  3  6 10 14 17 18 20 21 22
  18   12  5   42   0  1  2  3  6 10 15 17 18 19 20 21
  18   12  7   42   0  1  2  3  6 10 15 17 18 19 20 21
  18   17 11   42   0  1  2  3 10 11 13 15 17 19 20 21
  18   17 15   42   0  1  2  3 10 11 13 15 17 19 20 21
  18   18 15   42   0  1  2  3 10 11 13 15 18 20 21 22
  18   18 17   42   0  1  2  3 10 11 13 15 18 20 21 22
  18   18 19   42   0  1  2  3 10 11 13 15 18 20 21 22
  18   22  5   42   0  1  2  4  6  8 15 16 18 19 21 22
  18   24  3   42   0  1  2  4  6  9 14 16 18 19 21 22
  18   25  7   42   0  1  2  4  6  9 15 17 18 19 20 21
  18   40 13   42   0  1  2  9 10 11 13 15 16 19 20 22
  18   40 16   42   0  1  2  9 10 11 13 15 16 19 20 22
  18   44 20   42   0  1  3  6  8 10 12 15 18 19 21 22
  19   13 19   42   0  1  2  3  6 11 14 16 17 19 21 22
  19   38 11   42   0  1  2  4 10 14 15 18 19 20 21 22
  19   39 12   42   0  1  2  9 10 11 12 14 15 16 20 22
  19   40  9   42   0  1  2  9 10 11 13 15 16 19 20 22
  19   45 17   42   0  1  3  6  8 11 12 15 17 18 20 21
  19   45 20   42   0  1  3  6  8 11 12 15 17 18 20 21
  20    1  5   42   0  1  2  3  4  6 16 18 19 20 21 22
  20    1 17   42   0  1  2  3  4  6 16 18 19 20 21 22
  20    2  5   42   0  1  2  3  4 12 13 16 18 20 21 22
  20    6  4   42   0  1  2  3  6  9 16 17 18 19 20 21
  20    6  7   42   0  1  2  3  6  9 16 17 18 19 20 21
  20    7  5   42   0  1  2  3  6 10 12 16 19 20 21 22
  20   10 14   42   0  1  2  3  6 10 14 17 18 20 21 22
  20   20 19   42   0  1  2  3 10 12 13 15 17 18 20 21
  20   22  3   42   0  1  2  4  6  8 15 16 18 19 21 22
  20   23 13   42   0  1  2  4  6  9 13 16 18 20 21 22
  20   33 19   42   0  1  2  4  9 12 13 15 17 18 20 21
  20   39 16   42   0  1  2  9 10 11 12 14 15 16 20 22
  20   40 21   42   0  1  2  9 10 11 13 15 16 19 20 22
  21   40 18   42   0  1  2  9 10 11 13 15 16 19 20 22
  22    7 17   42   0  1  2  3  6 10 12 16 19 20 21 22
  22   18 13   42   0  1  2  3 10 11 13 15 18 20 21 22
  22   23  9   42   0  1  2  4  6  9 13 16 18 20 21 22
  22   24  9   42   0  1  2  4  6  9 14 16 18 19 21 22
  24   26  1   42   0  1  2  4  6 10 15 16 18 19 20 21
  57   10  6   42   0  1  2  3  6 10 14 17 18 20 21 22
  57   15  9   42   0  1  2  3 10 11 13 14 17 20 21 22
  58   20  6   42   0  1  2  3 10 12 13 15 17 18 20 21
  59    9  6   42   0  1  2  3  6 10 14 16 18 19 21 22
  60   17 10   42   0  1  2  3 10 11 13 15 17 19 20 21
  60   18 10   42   0  1  2  3 10 11 13 15 18 20 21 22
  60   34 12   42   0  1  2  4  9 12 13 15 17 19 21 22
  60   36 13   42   0  1  2  4  9 13 14 15 17 18 19 20
  60   43 18   42   0  1  3  6  8 10 11 15 18 19 20 21
  61   20 10   42   0  1  2  3 10 12 13 15 17 18 20 21
  61   25 14   42   0  1  2  4  6  9 15 17 18 19 20 21
  61   28  1   42   0  1  2  4  9 10 13 14 18 20 21 22
  61   28  9   42   0  1  2  4  9 10 13 14 18 20 21 22
  61   28 16   42   0  1  2  4  9 10 13 14 18 20 21 22
  61   37 19   42   0  1  2  4 10 13 14 15 17 18 20 22
  61   39  7   42   0  1  2  9 10 11 12 14 15 16 20 22
  61   41  6   42   0  1  3  6  8  9 12 17 19 20 21 22
  61   42 11   42   0  1  3  6  8 10 11 14 18 20 21 22
  62   12 11   42   0  1  2  3  6 10 15 17 18 19 20 21
  62   14 18   42   0  1  2  3 10 11 13 14 16 19 21 22
  62   17 18   42   0  1  2  3 10 11 13 15 17 19 20 21
  62   19 16   42   0  1  2  3 10 12 13 14 16 18 21 22
  62   24 10   42   0  1  2  4  6  9 14 16 18 19 21 22
  62   29  3   42   0  1  2  4  9 11 13 14 16 19 21 22
  62   29  7   42   0  1  2  4  9 11 13 14 16 19 21 22
  62   29  9   42   0  1  2  4  9 11 13 14 16 19 21 22
  62   40 20   42   0  1  2  9 10 11 13 15 16 19 20 22
  62   41 15   42   0  1  3  6  8  9 12 17 19 20 21 22
  62   43 15   42   0  1  3  6  8 10 11 15 18 19 20 21
  62   44  2   42   0  1  3  6  8 10 12 15 18 19 21 22
  63    2 17   42   0  1  2  3  4 12 13 16 18 20 21 22
  63    3 17   42   0  1  2  3  4 12 14 16 18 19 21 22
  63   11 21   42   0  1  2  3  6 10 15 16 18 19 20 22
  63   13 10   42   0  1  2  3  6 11 14 16 17 19 21 22
  63   15 21   42   0  1  2  3 10 11 13 14 17 20 21 22
  63   16  5   42   0  1  2  3 10 11 13 15 16 19 20 22
  63   16 14   42   0  1  2  3 10 11 13 15 16 19 20 22
  63   16 18   42   0  1  2  3 10 11 13 15 16 19 20 22
  63   24 14   42   0  1  2  4  6  9 14 16 18 19 21 22
  63   25 10   42   0  1  2  4  6  9 15 17 18 19 20 21
  63   28 18   42   0  1  2  4  9 10 13 14 18 20 21 22
  63   30  9   42   0  1  2  4  9 11 13 14 17 20 21 22
  63   31  8   42   0  1  2  4  9 11 13 15 17 19 20 21
  63   31  9   42   0  1  2  4  9 11 13 15 17 19 20 21
  63   32  9   42   0  1  2  4  9 12 13 14 16 18 21 22
  63   33  9   42   0  1  2  4  9 12 13 15 17 18 20 21
  63   34  9   42   0  1  2  4  9 12 13 15 17 19 21 22
  63   36 19   42   0  1  2  4  9 13 14 15 17 18 19 20
  63   41 10   42   0  1  3  6  8  9 12 17 19 20 21 22
  64    3  5   42   0  1  2  3  4 12 14 16 18 19 21 22
  64    8 20   42   0  1  2  3  6 10 13 16 18 20 21 22
  64   13  8   42   0  1  2  3  6 11 14 16 17 19 21 22
  64   20 21   42   0  1  2  3 10 12 13 15 17 18 20 21
  64   26 11   42   0  1  2  4  6 10 15 16 18 19 20 21
  64   27 17   42   0  1  2  4  6 11 15 16 17 19 20 21
  65   11  9   42   0  1  2  3  6 10 15 16 18 19 20 22
  66    6  6   42   0  1  2  3  6  9 16 17 18 19 20 21
  66    6  9   42   0  1  2  3  6  9 16 17 18 19 20 21
  67   10 16   42   0  1  2  3  6 10 14 17 18 20 21 22
  67   25 16   42   0  1  2  4  6  9 15 17 18 19 20 21
  67   36  3   42   0  1  2  4  9 13 14 15 17 18 19 20
  67   37  3   42   0  1  2  4 10 13 14 15 17 18 20 22
  67   42  7   42   0  1  3  6  8 10 11 14 18 20 21 22
  67   43  1   42   0  1  3  6  8 10 11 15 18 19 20 21
  67   43  4   42   0  1  3  6  8 10 11 15 18 19 20 21
  67   43  7   42   0  1  3  6  8 10 11 15 18 19 20 21
  67   44  4   42   0  1  3  6  8 10 12 15 18 19 21 22
  68   12 16   42   0  1  2  3  6 10 15 17 18 19 20 21
  68   25 15   42   0  1  2  4  6  9 15 17 18 19 20 21
  68   26 15   42   0  1  2  4  6 10 15 16 18 19 20 21
  68   37  7   42   0  1  2  4 10 13 14 15 17 18 20 22
  68   37 13   42   0  1  2  4 10 13 14 15 17 18 20 22
  68   42 18   42   0  1  3  6  8 10 11 14 18 20 21 22
  69    1 19   42   0  1  2  3  4  6 16 18 19 20 21 22
  69    2 15   42   0  1  2  3  4 12 13 16 18 20 21 22
  69    3 15   42   0  1  2  3  4 12 14 16 18 19 21 22
  69    4 15   42   0  1  2  3  4 12 14 17 18 20 21 22
  69    7 20   42   0  1  2  3  6 10 12 16 19 20 21 22
  69    9 14   42   0  1  2  3  6 10 14 16 18 19 21 22
  69   11 19   42   0  1  2  3  6 10 15 16 18 19 20 22
  69   12 14   42   0  1  2  3  6 10 15 17 18 19 20 21
  69   13 12   42   0  1  2  3  6 11 14 16 17 19 21 22
  69   13 14   42   0  1  2  3  6 11 14 16 17 19 21 22
  69   14 10   42   0  1  2  3 10 11 13 14 16 19 21 22
  69   16  4   42   0  1  2  3 10 11 13 15 16 19 20 22
  69   16  8   42   0  1  2  3 10 11 13 15 16 19 20 22
  69   17 17   42   0  1  2  3 10 11 13 15 17 19 20 21
  69   18 11   42   0  1  2  3 10 11 13 15 18 20 21 22
  69   19 12   42   0  1  2  3 10 12 13 14 16 18 21 22
  69   21 12   42   0  1  2  3 10 12 14 16 18 19 21 22
  69   21 16   42   0  1  2  3 10 12 14 16 18 19 21 22
  69   22 16   42   0  1  2  4  6  8 15 16 18 19 21 22
  69   23  4   42   0  1  2  4  6  9 13 16 18 20 21 22
  69   24 12   42   0  1  2  4  6  9 14 16 18 19 21 22
  69   24 13   42   0  1  2  4  6  9 14 16 18 19 21 22
  69   25 12   42   0  1  2  4  6  9 15 17 18 19 20 21
  69   25 13   42   0  1  2  4  6  9 15 17 18 19 20 21
  69   26  6   42   0  1  2  4  6 10 15 16 18 19 20 21
  69   26 12   42   0  1  2  4  6 10 15 16 18 19 20 21
  69   26 13   42   0  1  2  4  6 10 15 16 18 19 20 21
  69   28 10   42   0  1  2  4  9 10 13 14 18 20 21 22
  69   29 16   42   0  1  2  4  9 11 13 14 16 19 21 22
  69   30  7   42   0  1  2  4  9 11 13 14 17 20 21 22
  69   31 17   42   0  1  2  4  9 11 13 15 17 19 20 21
  69   32 12   42   0  1  2  4  9 12 13 14 16 18 21 22
  69   32 19   42   0  1  2  4  9 12 13 14 16 18 21 22
  69   39 19   42   0  1  2  9 10 11 12 14 15 16 20 22
  69   42  1   42   0  1  3  6  8 10 11 14 18 20 21 22
  69   43 11   42   0  1  3  6  8 10 11 15 18 19 20 21
  69   44 15   42   0  1  3  6  8 10 12 15 18 19 21 22
  70    3  4   42   0  1  2  3  4 12 14 16 18 19 21 22
  70    7 18   42   0  1  2  3  6 10 12 16 19 20 21 22
  70    9 12   42   0  1  2  3  6 10 14 16 18 19 21 22
  70   12 12   42   0  1  2  3  6 10 15 17 18 19 20 21
  70   13  5   42   0  1  2  3  6 11 14 16 17 19 21 22
  70   13 11   42   0  1  2  3  6 11 14 16 17 19 21 22
  70   14 14   42   0  1  2  3 10 11 13 14 16 19 21 22
  70   14 17   42   0  1  2  3 10 11 13 14 16 19 21 22
  70   15 10   42   0  1  2  3 10 11 13 14 17 20 21 22
  70   15 18   42   0  1  2  3 10 11 13 14 17 20 21 22
  70   17  4   42   0  1  2  3 10 11 13 15 17 19 20 21
  70   18 14   42   0  1  2  3 10 11 13 15 18 20 21 22
  70   19  3   42   0  1  2  3 10 12 13 14 16 18 21 22
  70   19  4   42   0  1  2  3 10 12 13 14 16 18 21 22
  70   19  8   42   0  1  2  3 10 12 13 14 16 18 21 22
  70   19 10   42   0  1  2  3 10 12 13 14 16 18 21 22
  70   19 14   42   0  1  2  3 10 12 13 14 16 18 21 22
  70   21  6   42   0  1  2  3 10 12 14 16 18 19 21 22
  70   21  9   42   0  1  2  3 10 12 14 16 18 19 21 22
  70   23 12   42   0  1  2  4  6  9 13 16 18 20 21 22
  70   23 18   42   0  1  2  4  6  9 13 16 18 20 21 22
  70   25 11   42   0  1  2  4  6  9 15 17 18 19 20 21
  70   26  9   42   0  1  2  4  6 10 15 16 18 19 20 21
  70   26 14   42   0  1  2  4  6 10 15 16 18 19 20 21
  70   27 10   42   0  1  2  4  6 11 15 16 17 19 20 21
  70   27 11   42   0  1  2  4  6 11 15 16 17 19 20 21
  70   27 12   42   0  1  2  4  6 11 15 16 17 19 20 21
  70   27 13   42   0  1  2  4  6 11 15 16 17 19 20 21
  70   27 14   42   0  1  2  4  6 11 15 16 17 19 20 21
  70   28  7   42   0  1  2  4  9 10 13 14 18 20 21 22
  70   29 17   42   0  1  2  4  9 11 13 14 16 19 21 22
  70   31  7   42   0  1  2  4  9 11 13 15 17 19 20 21
  70   32  3   42   0  1  2  4  9 12 13 14 16 18 21 22
  70   32  8   42   0  1  2  4  9 12 13 14 16 18 21 22
  70   32 15   42   0  1  2  4  9 12 13 14 16 18 21 22
  70   32 20   42   0  1  2  4  9 12 13 14 16 18 21 22
  70   34  2   42   0  1  2  4  9 12 13 15 17 19 21 22
  70   34  3   42   0  1  2  4  9 12 13 15 17 19 21 22
  70   34 10   42   0  1  2  4  9 12 13 15 17 19 21 22
  70   37  6   42   0  1  2  4 10 13 14 15 17 18 20 22
  70   37 10   42   0  1  2  4 10 13 14 15 17 18 20 22
  70   38 20   42   0  1  2  4 10 14 15 18 19 20 21 22
  70   39 18   42   0  1  2  9 10 11 12 14 15 16 20 22
  70   40 10   42   0  1  2  9 10 11 13 15 16 19 20 22
  70   41 16   42   0  1  3  6  8  9 12 17 19 20 21 22
  70   42  3   42   0  1  3  6  8 10 11 14 18 20 21 22
  70   44 12   42   0  1  3  6  8 10 12 15 18 19 21 22
  71    4  5   42   0  1  2  3  4 12 14 17 18 20 21 22
  71    4 12   42   0  1  2  3  4 12 14 17 18 20 21 22
  71    5  5   42   0  1  2  3  4 12 15 16 18 19 20 22
  71    7  4   42   0  1  2  3  6 10 12 16 19 20 21 22
  71    8  8   42   0  1  2  3  6 10 13 16 18 20 21 22
  71    8 12   42   0  1  2  3  6 10 13 16 18 20 21 22
  71    9 19   42   0  1  2  3  6 10 14 16 18 19 21 22
  71    9 20   42   0  1  2  3  6 10 14 16 18 19 21 22
  71   10 11   42   0  1  2  3  6 10 14 17 18 20 21 22
  71   11 12   42   0  1  2  3  6 10 15 16 18 19 20 22
  71   13 20   42   0  1  2  3  6 11 14 16 17 19 21 22
  71   14 16   42   0  1  2  3 10 11 13 14 16 19 21 22
  71   15 14   42   0  1  2  3 10 11 13 14 17 20 21 22
  71   16 16   42   0  1  2  3 10 11 13 15 16 19 20 22
  71   17 21   42   0  1  2  3 10 11 13 15 17 19 20 21
  71   23  8   42   0  1  2  4  6  9 13 16 18 20 21 22
  71   23 14   42   0  1  2  4  6  9 13 16 18 20 21 22
  71   26  7   42   0  1  2  4  6 10 15 16 18 19 20 21
  71   26 17   42   0  1  2  4  6 10 15 16 18 19 20 21
  71   26 18   42   0  1  2  4  6 10 15 16 18 19 20 21
  71   27  3   42   0  1  2  4  6 11 15 16 17 19 20 21
  71   27  7   42   0  1  2  4  6 11 15 16 17 19 20 21
  71   27  9   42   0  1  2  4  6 11 15 16 17 19 20 21
  71   27 19   42   0  1  2  4  6 11 15 16 17 19 20 21
  71   28 11   42   0  1  2  4  9 10 13 14 18 20 21 22
  71   28 14   42   0  1  2  4  9 10 13 14 18 20 21 22
  71   29 19   42   0  1  2  4  9 11 13 14 16 19 21 22
  71   30  3   42   0  1  2  4  9 11 13 14 17 20 21 22
  71   35  9   42   0  1  2  4  9 12 14 15 17 19 20 22
  71   35 12   42   0  1  2  4  9 12 14 15 17 19 20 22
  71   36  9   42   0  1  2  4  9 13 14 15 17 18 19 20
  71   37 17   42   0  1  2  4 10 13 14 15 17 18 20 22
  71   38 10   42   0  1  2  4 10 14 15 18 19 20 21 22
  71   40  6   42   0  1  2  9 10 11 13 15 16 19 20 22
  71   40  8   42   0  1  2  9 10 11 13 15 16 19 20 22
  71   41 12   42   0  1  3  6  8  9 12 17 19 20 21 22
  71   42 14   42   0  1  3  6  8 10 11 14 18 20 21 22
  71   42 21   42   0  1  3  6  8 10 11 14 18 20 21 22
  71   44 18   42   0  1  3  6  8 10 12 15 18 19 21 22
  74   22 11   42   0  1  2  4  6  8 15 16 18 19 21 22
  75    1  6   42   0  1  2  3  4  6 16 18 19 20 21 22
  75    2  2   42   0  1  2  3  4 12 13 16 18 20 21 22
  75    2 10   42   0  1  2  3  4 12 13 16 18 20 21 22
  75    3  8   42   0  1  2  3  4 12 14 16 18 19 21 22
  75    4  8   42   0  1  2  3  4 12 14 17 18 20 21 22
  75    5  8   42   0  1  2  3  4 12 15 16 18 19 20 22
  75    5  9   42   0  1  2  3  4 12 15 16 18 19 20 22
  75    5 17   42   0  1  2  3  4 12 15 16 18 19 20 22
  75   10  9   42   0  1  2  3  6 10 14 17 18 20 21 22
  75   16  2   42   0  1  2  3 10 11 13 15 16 19 20 22
  75   17  6   42   0  1  2  3 10 11 13 15 17 19 20 21
  75   18  6   42   0  1  2  3 10 11 13 15 18 20 21 22
  75   19  0   42   0  1  2  3 10 12 13 14 16 18 21 22
  75   19 13   42   0  1  2  3 10 12 13 14 16 18 21 22
  75   19 17   42   0  1  2  3 10 12 13 14 16 18 21 22
  75   21  0   42   0  1  2  3 10 12 14 16 18 19 21 22
  75   22  0   42   0  1  2  4  6  8 15 16 18 19 21 22
  75   22  9   42   0  1  2  4  6  8 15 16 18 19 21 22
  75   22 10   42   0  1  2  4  6  8 15 16 18 19 21 22
  75   22 12   42   0  1  2  4  6  8 15 16 18 19 21 22
  75   22 13   42   0  1  2  4  6  8 15 16 18 19 21 22
  75   22 14   42   0  1  2  4  6  8 15 16 18 19 21 22
  75   24  0   42   0  1  2  4  6  9 14 16 18 19 21 22
  75   28  3   42   0  1  2  4  9 10 13 14 18 20 21 22
  75   32  0   42   0  1  2  4  9 12 13 14 16 18 21 22
  75   32 16   42   0  1  2  4  9 12 13 14 16 18 21 22
  75   32 17   42   0  1  2  4  9 12 13 14 16 18 21 22
  75   34  0   42   0  1  2  4  9 12 13 15 17 19 21 22
  75   34 16   42   0  1  2  4  9 12 13 15 17 19 21 22
  75   36  1   42   0  1  2  4  9 13 14 15 17 18 19 20
  75   36 22   42   0  1  2  4  9 13 14 15 17 18 19 20
  75   38  7   42   0  1  2  4 10 14 15 18 19 20 21 22
  75   39  1   42   0  1  2  9 10 11 12 14 15 16 20 22
  75   39  2   42   0  1  2  9 10 11 12 14 15 16 20 22
  75   39 11   42   0  1  2  9 10 11 12 14 15 16 20 22
  75   39 21   42   0  1  2  9 10 11 12 14 15 16 20 22
  75   40  7   42   0  1  2  9 10 11 13 15 16 19 20 22
  75   40 11   42   0  1  2  9 10 11 13 15 16 19 20 22
  75   41  2   42   0  1  3  6  8  9 12 17 19 20 21 22
  76    1  2   42   0  1  2  3  4  6 16 18 19 20 21 22
  76    1 13   42   0  1  2  3  4  6 16 18 19 20 21 22
  76    1 16   42   0  1  2  3  4  6 16 18 19 20 21 22
  76    2  3   42   0  1  2  3  4 12 13 16 18 20 21 22
  76    2 20   42   0  1  2  3  4 12 13 16 18 20 21 22
  76    3  2   42   0  1  2  3  4 12 14 16 18 19 21 22
  76    3  6   42   0  1  2  3  4 12 14 16 18 19 21 22
  76    3 10   42   0  1  2  3  4 12 14 16 18 19 21 22
  76    3 16   42   0  1  2  3  4 12 14 16 18 19 21 22
  76    3 18   42   0  1  2  3  4 12 14 16 18 19 21 22
  76    4  4   42   0  1  2  3  4 12 14 17 18 20 21 22
  76    4  6   42   0  1  2  3  4 12 14 17 18 20 21 22
  76    4  7   42   0  1  2  3  4 12 14 17 18 20 21 22
  76    4 10   42   0  1  2  3  4 12 14 17 18 20 21 22
  76    4 14   42   0  1  2  3  4 12 14 17 18 20 21 22
  76    4 18   42   0  1  2  3  4 12 14 17 18 20 21 22
  76    4 19   42   0  1  2  3  4 12 14 17 18 20 21 22
  76    5 10   42   0  1  2  3  4 12 15 16 18 19 20 22
  76    5 11   42   0  1  2  3  4 12 15 16 18 19 20 22
  76    5 15   42   0  1  2  3  4 12 15 16 18 19 20 22
  76    5 18   42   0  1  2  3  4 12 15 16 18 19 20 22
  76    5 21   42   0  1  2  3  4 12 15 16 18 19 20 22
  76    6  3   42   0  1  2  3  6  9 16 17 18 19 20 21
  76    6 10   42   0  1  2  3  6  9 16 17 18 19 20 21
  76    6 13   42   0  1  2  3  6  9 16 17 18 19 20 21
  76    6 18   42   0  1  2  3  6  9 16 17 18 19 20 21
  76    6 21   42   0  1  2  3  6  9 16 17 18 19 20 21
  76    6 22   42   0  1  2  3  6  9 16 17 18 19 20 21
  76    7  1   42   0  1  2  3  6 10 12 16 19 20 21 22
  76    7  9   42   0  1  2  3  6 10 12 16 19 20 21 22
  76    7 21   42   0  1  2  3  6 10 12 16 19 20 21 22
  76    8  1   42   0  1  2  3  6 10 13 16 18 20 21 22
  76    8  2   42   0  1  2  3  6 10 13 16 18 20 21 22
  76    8  6   42   0  1  2  3  6 10 13 16 18 20 21 22
  76    8  9   42   0  1  2  3  6 10 13 16 18 20 21 22
  76    8 13   42   0  1  2  3  6 10 13 16 18 20 21 22
  76    8 17   42   0  1  2  3  6 10 13 16 18 20 21 22
  76    8 19   42   0  1  2  3  6 10 13 16 18 20 21 22
  76    8 21   42   0  1  2  3  6 10 13 16 18 20 21 22
  76    9  0   42   0  1  2  3  6 10 14 16 18 19 21 22
  76    9  1   42   0  1  2  3  6 10 14 16 18 19 21 22
  76    9  2   42   0  1  2  3  6 10 14 16 18 19 21 22
  76    9  3   42   0  1  2  3  6 10 14 16 18 19 21 22
  76    9 17   42   0  1  2  3  6 10 14 16 18 19 21 22
  76   10 18   42   0  1  2  3  6 10 14 17 18 20 21 22
  76   11  0   42   0  1  2  3  6 10 15 16 18 19 20 22
  76   11  2   42   0  1  2  3  6 10 15 16 18 19 20 22
  76   11  3   42   0  1  2  3  6 10 15 16 18 19 20 22
  76   11 14   42   0  1  2  3  6 10 15 16 18 19 20 22
  76   11 18   42   0  1  2  3  6 10 15 16 18 19 20 22
  76   11 20   42   0  1  2  3  6 10 15 16 18 19 20 22
  76   12  9   42   0  1  2  3  6 10 15 17 18 19 20 21
  76   12 17   42   0  1  2  3  6 10 15 17 18 19 20 21
  76   12 18   42   0  1  2  3  6 10 15 17 18 19 20 21
  76   12 20   42   0  1  2  3  6 10 15 17 18 19 20 21
  76   12 21   42   0  1  2  3  6 10 15 17 18 19 20 21
  76   12 22   42   0  1  2  3  6 10 15 17 18 19 20 21
  76   13  0   42   0  1  2  3  6 11 14 16 17 19 21 22
  76   13  2   42   0  1  2  3  6 11 14 16 17 19 21 22
  76   13  3   42   0  1  2  3  6 11 14 16 17 19 21 22
  76   13  9   42   0  1  2  3  6 11 14 16 17 19 21 22
  76   13 21   42   0  1  2  3  6 11 14 16 17 19 21 22
  76   14  0   42   0  1  2  3 10 11 13 14 16 19 21 22
  76   14  1   42   0  1  2  3 10 11 13 14 16 19 21 22
  76   14  2   42   0  1  2  3 10 11 13 14 16 19 21 22
  76   14  6   42   0  1  2  3 10 11 13 14 16 19 21 22
  76   14 13   42   0  1  2  3 10 11 13 14 16 19 21 22
  76   14 20   42   0  1  2  3 10 11 13 14 16 19 21 22
  76   14 21   42   0  1  2  3 10 11 13 14 16 19 21 22
  76   15  0   42   0  1  2  3 10 11 13 14 17 20 21 22
  76   15  2   42   0  1  2  3 10 11 13 14 17 20 21 22
  76   15  3   42   0  1  2  3 10 11 13 14 17 20 21 22
  76   15 13   42   0  1  2  3 10 11 13 14 17 20 21 22
  76   15 19   42   0  1  2  3 10 11 13 14 17 20 21 22
  76   16  0   42   0  1  2  3 10 11 13 15 16 19 20 22
  76   16  1   42   0  1  2  3 10 11 13 15 16 19 20 22
  76   16  3   42   0  1  2  3 10 11 13 15 16 19 20 22
  76   16  6   42   0  1  2  3 10 11 13 15 16 19 20 22
  76   16 13   42   0  1  2  3 10 11 13 15 16 19 20 22
  76   16 19   42   0  1  2  3 10 11 13 15 16 19 20 22
  76   17  0   42   0  1  2  3 10 11 13 15 17 19 20 21
  76   17  1   42   0  1  2  3 10 11 13 15 17 19 20 21
  76   17  2   42   0  1  2  3 10 11 13 15 17 19 20 21
  76   17  3   42   0  1  2  3 10 11 13 15 17 19 20 21
  76   17 13   42   0  1  2  3 10 11 13 15 17 19 20 21
  76   17 22   42   0  1  2  3 10 11 13 15 17 19 20 21
  76   18  1   42   0  1  2  3 10 11 13 15 18 20 21 22
  76   18  2   42   0  1  2  3 10 11 13 15 18 20 21 22
  76   18  9   42   0  1  2  3 10 11 13 15 18 20 21 22
  76   18 20   42   0  1  2  3 10 11 13 15 18 20 21 22
  76   19  1   42   0  1  2  3 10 12 13 14 16 18 21 22
  76   19  2   42   0  1  2  3 10 12 13 14 16 18 21 22
  76   19 18   42   0  1  2  3 10 12 13 14 16 18 21 22
  76   19 22   42   0  1  2  3 10 12 13 14 16 18 21 22
  76   20  0   42   0  1  2  3 10 12 13 15 17 18 20 21
  76   20  1   42   0  1  2  3 10 12 13 15 17 18 20 21
  76   20 13   42   0  1  2  3 10 12 13 15 17 18 20 21
  76   20 14   42   0  1  2  3 10 12 13 15 17 18 20 21
  76   20 17   42   0  1  2  3 10 12 13 15 17 18 20 21
  76   20 18   42   0  1  2  3 10 12 13 15 17 18 20 21
  76   20 22   42   0  1  2  3 10 12 13 15 17 18 20 21
  76   21  2   42   0  1  2  3 10 12 14 16 18 19 21 22
  76   21 18   42   0  1  2  3 10 12 14 16 18 19 21 22
  76   21 19   42   0  1  2  3 10 12 14 16 18 19 21 22
  76   21 20   42   0  1  2  3 10 12 14 16 18 19 21 22
  76   21 21   42   0  1  2  3 10 12 14 16 18 19 21 22
  76   21 22   42   0  1  2  3 10 12 14 16 18 19 21 22
  76   22  1   42   0  1  2  4  6  8 15 16 18 19 21 22
  76   22  2   42   0  1  2  4  6  8 15 16 18 19 21 22
  76   22 20   42   0  1  2  4  6  8 15 16 18 19 21 22
  76   23  0   42   0  1  2  4  6  9 13 16 18 20 21 22
  76   23  1   42   0  1  2  4  6  9 13 16 18 20 21 22
  76   23 21   42   0  1  2  4  6  9 13 16 18 20 21 22
  76   24  1   42   0  1  2  4  6  9 14 16 18 19 21 22
  76   24  2   42   0  1  2  4  6  9 14 16 18 19 21 22
  76   24 18   42   0  1  2  4  6  9 14 16 18 19 21 22
  76   24 20   42   0  1  2  4  6  9 14 16 18 19 21 22
  76   25  0   42   0  1  2  4  6  9 15 17 18 19 20 21
  76   25  1   42   0  1  2  4  6  9 15 17 18 19 20 21
  76   25  2   42   0  1  2  4  6  9 15 17 18 19 20 21
  76   25  5   42   0  1  2  4  6  9 15 17 18 19 20 21
  76   25 18   42   0  1  2  4  6  9 15 17 18 19 20 21
  76   25 20   42   0  1  2  4  6  9 15 17 18 19 20 21
  76   25 22   42   0  1  2  4  6  9 15 17 18 19 20 21
  76   26  2   42   0  1  2  4  6 10 15 16 18 19 20 21
  76   26  5   42   0  1  2  4  6 10 15 16 18 19 20 21
  76   26 21   42   0  1  2  4  6 10 15 16 18 19 20 21
  76   26 22   42   0  1  2  4  6 10 15 16 18 19 20 21
  76   27  0   42   0  1  2  4  6 11 15 16 17 19 20 21
  76   27  2   42   0  1  2  4  6 11 15 16 17 19 20 21
  76   27 15   42   0  1  2  4  6 11 15 16 17 19 20 21
  76   27 16   42   0  1  2  4  6 11 15 16 17 19 20 21
  76   27 21   42   0  1  2  4  6 11 15 16 17 19 20 21
  76   28  0   42   0  1  2  4  9 10 13 14 18 20 21 22
  76   28  2   42   0  1  2  4  9 10 13 14 18 20 21 22
  76   28  4   42   0  1  2  4  9 10 13 14 18 20 21 22
  76   28 13   42   0  1  2  4  9 10 13 14 18 20 21 22
  76   28 17   42   0  1  2  4  9 10 13 14 18 20 21 22
  76   28 19   42   0  1  2  4  9 10 13 14 18 20 21 22
  76   28 20   42   0  1  2  4  9 10 13 14 18 20 21 22
  76   29  0   42   0  1  2  4  9 11 13 14 16 19 21 22
  76   29  1   42   0  1  2  4  9 11 13 14 16 19 21 22
  76   29  5   42   0  1  2  4  9 11 13 14 16 19 21 22
  76   29 13   42   0  1  2  4  9 11 13 14 16 19 21 22
  76   29 21   42   0  1  2  4  9 11 13 14 16 19 21 22
  76   29 22   42   0  1  2  4  9 11 13 14 16 19 21 22
  76   30  0   42   0  1  2  4  9 11 13 14 17 20 21 22
  76   30 13   42   0  1  2  4  9 11 13 14 17 20 21 22
  76   31  0   42   0  1  2  4  9 11 13 15 17 19 20 21
  76   31  1   42   0  1  2  4  9 11 13 15 17 19 20 21
  76   31 13   42   0  1  2  4  9 11 13 15 17 19 20 21
  76   31 22   42   0  1  2  4  9 11 13 15 17 19 20 21
  76   32  1   42   0  1  2  4  9 12 13 14 16 18 21 22
  76   32  2   42   0  1  2  4  9 12 13 14 16 18 21 22
  76   32  5   42   0  1  2  4  9 12 13 14 16 18 21 22
  76   32 13   42   0  1  2  4  9 12 13 14 16 18 21 22
  76   32 21   42   0  1  2  4  9 12 13 14 16 18 21 22
  76   32 22   42   0  1  2  4  9 12 13 14 16 18 21 22
  76   33  0   42   0  1  2  4  9 12 13 15 17 18 20 21
  76   33  1   42   0  1  2  4  9 12 13 15 17 18 20 21
  76   33  3   42   0  1  2  4  9 12 13 15 17 18 20 21
  76   33 13   42   0  1  2  4  9 12 13 15 17 18 20 21
  76   33 17   42   0  1  2  4  9 12 13 15 17 18 20 21
  76   33 20   42   0  1  2  4  9 12 13 15 17 18 20 21
  76   33 22   42   0  1  2  4  9 12 13 15 17 18 20 21
  76   34  1   42   0  1  2  4  9 12 13 15 17 19 21 22
  76   34 13   42   0  1  2  4  9 12 13 15 17 19 21 22
  76   34 17   42   0  1  2  4  9 12 13 15 17 19 21 22
  76   34 19   42   0  1  2  4  9 12 13 15 17 19 21 22
  76   35  0   42   0  1  2  4  9 12 14 15 17 19 20 22
  76   35 17   42   0  1  2  4  9 12 14 15 17 19 20 22
  76   35 19   42   0  1  2  4  9 12 14 15 17 19 20 22
  76   35 21   42   0  1  2  4  9 12 14 15 17 19 20 22
  76   36  0   42   0  1  2  4  9 13 14 15 17 18 19 20
  76   36 17   42   0  1  2  4  9 13 14 15 17 18 19 20
  76   36 20   42   0  1  2  4  9 13 14 15 17 18 19 20
  76   36 21   42   0  1  2  4  9 13 14 15 17 18 19 20
  76   37  2   42   0  1  2  4 10 13 14 15 17 18 20 22
  76   37 20   42   0  1  2  4 10 13 14 15 17 18 20 22
  76   38  2   42   0  1  2  4 10 14 15 18 19 20 21 22
  76   39  0   42   0  1  2  9 10 11 12 14 15 16 20 22
  76   39  3   42   0  1  2  9 10 11 12 14 15 16 20 22
  76   39 14   42   0  1  2  9 10 11 12 14 15 16 20 22
  76   39 20   42   0  1  2  9 10 11 12 14 15 16 20 22
  76   40  0   42   0  1  2  9 10 11 13 15 16 19 20 22
  76   40  2   42   0  1  2  9 10 11 13 15 16 19 20 22
  76   40 15   42   0  1  2  9 10 11 13 15 16 19 20 22
  76   40 19   42   0  1  2  9 10 11 13 15 16 19 20 22
  76   40 22   42   0  1  2  9 10 11 13 15 16 19 20 22
  76   41  1   42   0  1  3  6  8  9 12 17 19 20 21 22
  76   41  8   42   0  1  3  6  8  9 12 17 19 20 21 22
  76   41  9   42   0  1  3  6  8  9 12 17 19 20 21 22
  76   41 18   42   0  1  3  6  8  9 12 17 19 20 21 22
  76   41 19   42   0  1  3  6  8  9 12 17 19 20 21 22
  76   41 22   42   0  1  3  6  8  9 12 17 19 20 21 22
  76   43  0   42   0  1  3  6  8 10 11 15 18 19 20 21
  76   43 21   42   0  1  3  6  8 10 11 15 18 19 20 21
  76   43 22   42   0  1  3  6  8 10 11 15 18 19 20 21
  76   44  8   42   0  1  3  6  8 10 12 15 18 19 21 22
  76   44 19   42   0  1  3  6  8 10 12 15 18 19 21 22
  76   44 21   42   0  1  3  6  8 10 12 15 18 19 21 22
  76   45  0   42   0  1  3  6  8 11 12 15 17 18 20 21
  76   45  1   42   0  1  3  6  8 11 12 15 17 18 20 21
  76   45  7   42   0  1  3  6  8 11 12 15 17 18 20 21
  76   45 11   42   0  1  3  6  8 11 12 15 17 18 20 21
  76   45 15   42   0  1  3  6  8 11 12 15 17 18 20 21
  76   45 18   42   0  1  3  6  8 11 12 15 17 18 20 21
  76   45 21   42   0  1  3  6  8 11 12 15 17 18 20 21
  76   45 22   42   0  1  3  6  8 11 12 15 17 18 20 21
  77    1  0   42   0  1  2  3  4  6 16 18 19 20 21 22
  77    1  1   42   0  1  2  3  4  6 16 18 19 20 21 22
  77    1  4   42   0  1  2  3  4  6 16 18 19 20 21 22
  77    1  8   42   0  1  2  3  4  6 16 18 19 20 21 22
  77    1  9   42   0  1  2  3  4  6 16 18 19 20 21 22
  77    1 10   42   0  1  2  3  4  6 16 18 19 20 21 22
  77    1 11   42   0  1  2  3  4  6 16 18 19 20 21 22
  77    1 14   42   0  1  2  3  4  6 16 18 19 20 21 22
  77    1 20   42   0  1  2  3  4  6 16 18 19 20 21 22
  77    1 22   42   0  1  2  3  4  6 16 18 19 20 21 22
  77    2  0   42   0  1  2  3  4 12 13 16 18 20 21 22
  77    2  1   42   0  1  2  3  4 12 13 16 18 20 21 22
  77    2  6   42   0  1  2  3  4 12 13 16 18 20 21 22
  77    2  8   42   0  1  2  3  4 12 13 16 18 20 21 22
  77    2  9   42   0  1  2  3  4 12 13 16 18 20 21 22
  77    2 11   42   0  1  2  3  4 12 13 16 18 20 21 22
  77    2 12   42   0  1  2  3  4 12 13 16 18 20 21 22
  77    2 13   42   0  1  2  3  4 12 13 16 18 20 21 22
  77    2 14   42   0  1  2  3  4 12 13 16 18 20 21 22
  77    2 16   42   0  1  2  3  4 12 13 16 18 20 21 22
  77    3  0   42   0  1  2  3  4 12 14 16 18 19 21 22
  77    3  1   42   0  1  2  3  4 12 14 16 18 19 21 22
  77    3  7   42   0  1  2  3  4 12 14 16 18 19 21 22
  77    3  9   42   0  1  2  3  4 12 14 16 18 19 21 22
  77    3 11   42   0  1  2  3  4 12 14 16 18 19 21 22
  77    3 14   42   0  1  2  3  4 12 14 16 18 19 21 22
  77    4  0   42   0  1  2  3  4 12 14 17 18 20 21 22
  77    4  2   42   0  1  2  3  4 12 14 17 18 20 21 22
  77    4  3   42   0  1  2  3  4 12 14 17 18 20 21 22
  77    4  9   42   0  1  2  3  4 12 14 17 18 20 21 22
  77    4 11   42   0  1  2  3  4 12 14 17 18 20 21 22
  77    4 16   42   0  1  2  3  4 12 14 17 18 20 21 22
  77    4 21   42   0  1  2  3  4 12 14 17 18 20 21 22
  77    5  0   42   0  1  2  3  4 12 15 16 18 19 20 22
  77    5  2   42   0  1  2  3  4 12 15 16 18 19 20 22
  77    5  4   42   0  1  2  3  4 12 15 16 18 19 20 22
  77    5  6   42   0  1  2  3  4 12 15 16 18 19 20 22
  77    5  7   42   0  1  2  3  4 12 15 16 18 19 20 22
  77    5 14   42   0  1  2  3  4 12 15 16 18 19 20 22
  77    5 16   42   0  1  2  3  4 12 15 16 18 19 20 22
  77    6  0   42   0  1  2  3  6  9 16 17 18 19 20 21
  77    6  2   42   0  1  2  3  6  9 16 17 18 19 20 21
  77    6 11   42   0  1  2  3  6  9 16 17 18 19 20 21
  77    6 12   42   0  1  2  3  6  9 16 17 18 19 20 21
  77    6 14   42   0  1  2  3  6  9 16 17 18 19 20 21
  77    6 15   42   0  1  2  3  6  9 16 17 18 19 20 21
  77    6 16   42   0  1  2  3  6  9 16 17 18 19 20 21
  77    6 17   42   0  1  2  3  6  9 16 17 18 19 20 21
  77    6 19   42   0  1  2  3  6  9 16 17 18 19 20 21
  77    6 20   42   0  1  2  3  6  9 16 17 18 19 20 21
  77    7  0   42   0  1  2  3  6 10 12 16 19 20 21 22
  77    7  3   42   0  1  2  3  6 10 12 16 19 20 21 22
  77    7  6   42   0  1  2  3  6 10 12 16 19 20 21 22
  77    7 13   42   0  1  2  3  6 10 12 16 19 20 21 22
  77    7 16   42   0  1  2  3  6 10 12 16 19 20 21 22
  77    8  3   42   0  1  2  3  6 10 13 16 18 20 21 22
  77    8 11   42   0  1  2  3  6 10 13 16 18 20 21 22
  77    8 16   42   0  1  2  3  6 10 13 16 18 20 21 22
  77    9  9   42   0  1  2  3  6 10 14 16 18 19 21 22
  77    9 11   42   0  1  2  3  6 10 14 16 18 19 21 22
  77    9 16   42   0  1  2  3  6 10 14 16 18 19 21 22
  77    9 18   42   0  1  2  3  6 10 14 16 18 19 21 22
  77   10  0   42   0  1  2  3  6 10 14 17 18 20 21 22
  77   10  1   42   0  1  2  3  6 10 14 17 18 20 21 22
  77   10  2   42   0  1  2  3  6 10 14 17 18 20 21 22
  77   10 12   42   0  1  2  3  6 10 14 17 18 20 21 22
  77   10 13   42   0  1  2  3  6 10 14 17 18 20 21 22
  77   10 21   42   0  1  2  3  6 10 14 17 18 20 21 22
  77   11  1   42   0  1  2  3  6 10 15 16 18 19 20 22
  77   11 11   42   0  1  2  3  6 10 15 16 18 19 20 22
  77   11 15   42   0  1  2  3  6 10 15 16 18 19 20 22
  77   11 16   42   0  1  2  3  6 10 15 16 18 19 20 22
  77   12  0   42   0  1  2  3  6 10 15 17 18 19 20 21
  77   12  1   42   0  1  2  3  6 10 15 17 18 19 20 21
  77   12  2   42   0  1  2  3  6 10 15 17 18 19 20 21
  77   12 15   42   0  1  2  3  6 10 15 17 18 19 20 21
  77   13 16   42   0  1  2  3  6 11 14 16 17 19 21 22
  77   14  3   42   0  1  2  3 10 11 13 14 16 19 21 22
  77   14  8   42   0  1  2  3 10 11 13 14 16 19 21 22
  77   14 19   42   0  1  2  3 10 11 13 14 16 19 21 22
  77   14 22   42   0  1  2  3 10 11 13 14 16 19 21 22
  77   15  1   42   0  1  2  3 10 11 13 14 17 20 21 22
  77   15  6   42   0  1  2  3 10 11 13 14 17 20 21 22
  77   15 17   42   0  1  2  3 10 11 13 14 17 20 21 22
  77   15 20   42   0  1  2  3 10 11 13 14 17 20 21 22
  77   15 22   42   0  1  2  3 10 11 13 14 17 20 21 22
  77   16 20   42   0  1  2  3 10 11 13 15 16 19 20 22
  77   16 22   42   0  1  2  3 10 11 13 15 16 19 20 22
  77   17 14   42   0  1  2  3 10 11 13 15 17 19 20 21
  77   17 20   42   0  1  2  3 10 11 13 15 17 19 20 21
  77   18  3   42   0  1  2  3 10 11 13 15 18 20 21 22
  77   18  4   42   0  1  2  3 10 11 13 15 18 20 21 22
  77   18 21   42   0  1  2  3 10 11 13 15 18 20 21 22
  77   19 11   42   0  1  2  3 10 12 13 14 16 18 21 22
  77   19 19   42   0  1  2  3 10 12 13 14 16 18 21 22
  77   19 20   42   0  1  2  3 10 12 13 14 16 18 21 22
  77   19 21   42   0  1  2  3 10 12 13 14 16 18 21 22
  77   20  2   42   0  1  2  3 10 12 13 15 17 18 20 21
  77   20  3   42   0  1  2  3 10 12 13 15 17 18 20 21
  77   20 20   42   0  1  2  3 10 12 13 15 17 18 20 21
  77   22 18   42   0  1  2  4  6  8 15 16 18 19 21 22
  77   22 22   42   0  1  2  4  6  8 15 16 18 19 21 22
  77   23  2   42   0  1  2  4  6  9 13 16 18 20 21 22
  77   23  6   42   0  1  2  4  6  9 13 16 18 20 21 22
  77   23 11   42   0  1  2  4  6  9 13 16 18 20 21 22
  77   23 19   42   0  1  2  4  6  9 13 16 18 20 21 22
  77   23 20   42   0  1  2  4  6  9 13 16 18 20 21 22
  77   23 22   42   0  1  2  4  6  9 13 16 18 20 21 22
  77   24 11   42   0  1  2  4  6  9 14 16 18 19 21 22
  77   24 16   42   0  1  2  4  6  9 14 16 18 19 21 22
  77   24 21   42   0  1  2  4  6  9 14 16 18 19 21 22
  77   24 22   42   0  1  2  4  6  9 14 16 18 19 21 22
  77   25 21   42   0  1  2  4  6  9 15 17 18 19 20 21
  77   26  0   42   0  1  2  4  6 10 15 16 18 19 20 21
  77   26  4   42   0  1  2  4  6 10 15 16 18 19 20 21
  77   26  8   42   0  1  2  4  6 10 15 16 18 19 20 21
  77   26 10   42   0  1  2  4  6 10 15 16 18 19 20 21
  77   26 20   42   0  1  2  4  6 10 15 16 18 19 20 21
  77   27  1   42   0  1  2  4  6 11 15 16 17 19 20 21
  77   27  4   42   0  1  2  4  6 11 15 16 17 19 20 21
  77   27  5   42   0  1  2  4  6 11 15 16 17 19 20 21
  77   27  6   42   0  1  2  4  6 11 15 16 17 19 20 21
  77   27  8   42   0  1  2  4  6 11 15 16 17 19 20 21
  77   27 20   42   0  1  2  4  6 11 15 16 17 19 20 21
  77   27 22   42   0  1  2  4  6 11 15 16 17 19 20 21
  77   28 21   42   0  1  2  4  9 10 13 14 18 20 21 22
  77   28 22   42   0  1  2  4  9 10 13 14 18 20 21 22
  77   29  2   42   0  1  2  4  9 11 13 14 16 19 21 22
  77   29 20   42   0  1  2  4  9 11 13 14 16 19 21 22
  77   30  1   42   0  1  2  4  9 11 13 14 17 20 21 22
  77   30  4   42   0  1  2  4  9 11 13 14 17 20 21 22
  77   30 18   42   0  1  2  4  9 11 13 14 17 20 21 22
  77   30 21   42   0  1  2  4  9 11 13 14 17 20 21 22
  77   30 22   42   0  1  2  4  9 11 13 14 17 20 21 22
  77   31  3   42   0  1  2  4  9 11 13 15 17 19 20 21
  77   31  4   42   0  1  2  4  9 11 13 15 17 19 20 21
  77   31 20   42   0  1  2  4  9 11 13 15 17 19 20 21
  77   32  4   42   0  1  2  4  9 12 13 14 16 18 21 22
  77   34 20   42   0  1  2  4  9 12 13 15 17 19 21 22
  77   34 22   42   0  1  2  4  9 12 13 15 17 19 21 22
  77   35  1   42   0  1  2  4  9 12 14 15 17 19 20 22
  77   35  2   42   0  1  2  4  9 12 14 15 17 19 20 22
  77   35 22   42   0  1  2  4  9 12 14 15 17 19 20 22
  77   36  2   42   0  1  2  4  9 13 14 15 17 18 19 20
  77   37  0   42   0  1  2  4 10 13 14 15 17 18 20 22
  77   37  1   42   0  1  2  4 10 13 14 15 17 18 20 22
  77   37  8   42   0  1  2  4 10 13 14 15 17 18 20 22
  77   37 14   42   0  1  2  4 10 13 14 15 17 18 20 22
  77   37 21   42   0  1  2  4 10 13 14 15 17 18 20 22
  77   37 22   42   0  1  2  4 10 13 14 15 17 18 20 22
  77   38  6   42   0  1  2  4 10 14 15 18 19 20 21 22
  77   38  8   42   0  1  2  4 10 14 15 18 19 20 21 22
  77   38 18   42   0  1  2  4 10 14 15 18 19 20 21 22
  77   39  6   42   0  1  2  9 10 11 12 14 15 16 20 22
  77   39 10   42   0  1  2  9 10 11 12 14 15 16 20 22
  77   39 15   42   0  1  2  9 10 11 12 14 15 16 20 22
  77   39 22   42   0  1  2  9 10 11 12 14 15 16 20 22
  77   41  0   42   0  1  3  6  8  9 12 17 19 20 21 22
  77   41  3   42   0  1  3  6  8  9 12 17 19 20 21 22
  77   41  5   42   0  1  3  6  8  9 12 17 19 20 21 22
  77   41 14   42   0  1  3  6  8  9 12 17 19 20 21 22
  77   41 17   42   0  1  3  6  8  9 12 17 19 20 21 22
  77   41 20   42   0  1  3  6  8  9 12 17 19 20 21 22
  77   41 21   42   0  1  3  6  8  9 12 17 19 20 21 22
  77   42 10   42   0  1  3  6  8 10 11 14 18 20 21 22
  77   42 20   42   0  1  3  6  8 10 11 14 18 20 21 22
  77   42 22   42   0  1  3  6  8 10 11 14 18 20 21 22
  77   44  0   42   0  1  3  6  8 10 12 15 18 19 21 22
  77   44  1   42   0  1  3  6  8 10 12 15 18 19 21 22
  77   44 22   42   0  1  3  6  8 10 12 15 18 19 21 22
  78    1  3   42   0  1  2  3  4  6 16 18 19 20 21 22
  78    1 12   42   0  1  2  3  4  6 16 18 19 20 21 22
  78    1 15   42   0  1  2  3  4  6 16 18 19 20 21 22
  78    1 18   42   0  1  2  3  4  6 16 18 19 20 21 22
  78    1 21   42   0  1  2  3  4  6 16 18 19 20 21 22
  78    2  7   42   0  1  2  3  4 12 13 16 18 20 21 22
  78    2 18   42   0  1  2  3  4 12 13 16 18 20 21 22
  78    2 19   42   0  1  2  3  4 12 13 16 18 20 21 22
  78    2 21   42   0  1  2  3  4 12 13 16 18 20 21 22
  78    2 22   42   0  1  2  3  4 12 13 16 18 20 21 22
  78    3 12   42   0  1  2  3  4 12 14 16 18 19 21 22
  78    3 13   42   0  1  2  3  4 12 14 16 18 19 21 22
  78    3 20   42   0  1  2  3  4 12 14 16 18 19 21 22
  78    3 21   42   0  1  2  3  4 12 14 16 18 19 21 22
  78    4  1   42   0  1  2  3  4 12 14 17 18 20 21 22
  78    4 13   42   0  1  2  3  4 12 14 17 18 20 21 22
  78    4 17   42   0  1  2  3  4 12 14 17 18 20 21 22
  78    4 20   42   0  1  2  3  4 12 14 17 18 20 21 22
  78    4 22   42   0  1  2  3  4 12 14 17 18 20 21 22
  78    5  1   42   0  1  2  3  4 12 15 16 18 19 20 22
  78    5  3   42   0  1  2  3  4 12 15 16 18 19 20 22
  78    5 13   42   0  1  2  3  4 12 15 16 18 19 20 22
  78    5 20   42   0  1  2  3  4 12 15 16 18 19 20 22
  78    5 22   42   0  1  2  3  4 12 15 16 18 19 20 22
  78    6  1   42   0  1  2  3  6  9 16 17 18 19 20 21
  78    7  2   42   0  1  2  3  6 10 12 16 19 20 21 22
  78    7  8   42   0  1  2  3  6 10 12 16 19 20 21 22
  78    7 11   42   0  1  2  3  6 10 12 16 19 20 21 22
  78    7 14   42   0  1  2  3  6 10 12 16 19 20 21 22
  78    7 22   42   0  1  2  3  6 10 12 16 19 20 21 22
  78    8  0   42   0  1  2  3  6 10 13 16 18 20 21 22
  78    8  4   42   0  1  2  3  6 10 13 16 18 20 21 22
  78    8 14   42   0  1  2  3  6 10 13 16 18 20 21 22
  78    8 18   42   0  1  2  3  6 10 13 16 18 20 21 22
  78    8 22   42   0  1  2  3  6 10 13 16 18 20 21 22
  78    9  4   42   0  1  2  3  6 10 14 16 18 19 21 22
  78    9  5   42   0  1  2  3  6 10 14 16 18 19 21 22
  78    9 10   42   0  1  2  3  6 10 14 16 18 19 21 22
  78    9 13   42   0  1  2  3  6 10 14 16 18 19 21 22
  78    9 21   42   0  1  2  3  6 10 14 16 18 19 21 22
  78    9 22   42   0  1  2  3  6 10 14 16 18 19 21 22
  78   10  4   42   0  1  2  3  6 10 14 17 18 20 21 22
  78   10 17   42   0  1  2  3  6 10 14 17 18 20 21 22
  78   10 20   42   0  1  2  3  6 10 14 17 18 20 21 22
  78   10 22   42   0  1  2  3  6 10 14 17 18 20 21 22
  78   11 10   42   0  1  2  3  6 10 15 16 18 19 20 22
  78   11 17   42   0  1  2  3  6 10 15 16 18 19 20 22
  78   11 22   42   0  1  2  3  6 10 15 16 18 19 20 22
  78   12 10   42   0  1  2  3  6 10 15 17 18 19 20 21
  78   12 13   42   0  1  2  3  6 10 15 17 18 19 20 21
  78   13  1   42   0  1  2  3  6 11 14 16 17 19 21 22
  78   13  4   42   0  1  2  3  6 11 14 16 17 19 21 22
  78   13  7   42   0  1  2  3  6 11 14 16 17 19 21 22
  78   13 13   42   0  1  2  3  6 11 14 16 17 19 21 22
  78   13 15   42   0  1  2  3  6 11 14 16 17 19 21 22
  78   13 17   42   0  1  2  3  6 11 14 16 17 19 21 22
  78   13 18   42   0  1  2  3  6 11 14 16 17 19 21 22
  78   13 22   42   0  1  2  3  6 11 14 16 17 19 21 22
  78   15  7   42   0  1  2  3 10 11 13 14 17 20 21 22
  78   15  8   42   0  1  2  3 10 11 13 14 17 20 21 22
  78   15 12   42   0  1  2  3 10 11 13 14 17 20 21 22
  78   15 16   42   0  1  2  3 10 11 13 14 17 20 21 22
  78   16  7   42   0  1  2  3 10 11 13 15 16 19 20 22
  78   16 10   42   0  1  2  3 10 11 13 15 16 19 20 22
  78   16 21   42   0  1  2  3 10 11 13 15 16 19 20 22
  78   17  5   42   0  1  2  3 10 11 13 15 17 19 20 21
  78   17  8   42   0  1  2  3 10 11 13 15 17 19 20 21
  78   17 16   42   0  1  2  3 10 11 13 15 17 19 20 21
  78   17 19   42   0  1  2  3 10 11 13 15 17 19 20 21
  78   18  0   42   0  1  2  3 10 11 13 15 18 20 21 22
  78   18  5   42   0  1  2  3 10 11 13 15 18 20 21 22
  78   18  7   42   0  1  2  3 10 11 13 15 18 20 21 22
  78   18  8   42   0  1  2  3 10 11 13 15 18 20 21 22
  78   18 22   42   0  1  2  3 10 11 13 15 18 20 21 22
  78   19 15   42   0  1  2  3 10 12 13 14 16 18 21 22
  78   20  4   42   0  1  2  3 10 12 13 15 17 18 20 21
  78   20  5   42   0  1  2  3 10 12 13 15 17 18 20 21
  78   20  8   42   0  1  2  3 10 12 13 15 17 18 20 21
  78   20 16   42   0  1  2  3 10 12 13 15 17 18 20 21
  78   21 10   42   0  1  2  3 10 12 14 16 18 19 21 22
  78   21 14   42   0  1  2  3 10 12 14 16 18 19 21 22
  78   22 21   42   0  1  2  4  6  8 15 16 18 19 21 22
  78   23 10   42   0  1  2  4  6  9 13 16 18 20 21 22
  78   23 16   42   0  1  2  4  6  9 13 16 18 20 21 22
  78   26 16   42   0  1  2  4  6 10 15 16 18 19 20 21
  78   27 18   42   0  1  2  4  6 11 15 16 17 19 20 21
  78   28  6   42   0  1  2  4  9 10 13 14 18 20 21 22
  78   28  8   42   0  1  2  4  9 10 13 14 18 20 21 22
  78   28 15   42   0  1  2  4  9 10 13 14 18 20 21 22
  78   29  6   42   0  1  2  4  9 11 13 14 16 19 21 22
  78   29  8   42   0  1  2  4  9 11 13 14 16 19 21 22
  78   29 18   42   0  1  2  4  9 11 13 14 16 19 21 22
  78   30  6   42   0  1  2  4  9 11 13 14 17 20 21 22
  78   30  8   42   0  1  2  4  9 11 13 14 17 20 21 22
  78   30 12   42   0  1  2  4  9 11 13 14 17 20 21 22
  78   30 17   42   0  1  2  4  9 11 13 14 17 20 21 22
  78   30 20   42   0  1  2  4  9 11 13 14 17 20 21 22
  78   31  6   42   0  1  2  4  9 11 13 15 17 19 20 21
  78   31 18   42   0  1  2  4  9 11 13 15 17 19 20 21
  78   31 21   42   0  1  2  4  9 11 13 15 17 19 20 21
  78   32 11   42   0  1  2  4  9 12 13 14 16 18 21 22
  78   33 21   42   0  1  2  4  9 12 13 15 17 18 20 21
  78   34  7   42   0  1  2  4  9 12 13 15 17 19 21 22
  78   34 14   42   0  1  2  4  9 12 13 15 17 19 21 22
  78   34 18   42   0  1  2  4  9 12 13 15 17 19 21 22
  78   34 21   42   0  1  2  4  9 12 13 15 17 19 21 22
  78   35 20   42   0  1  2  4  9 12 14 15 17 19 20 22
  78   36 12   42   0  1  2  4  9 13 14 15 17 18 19 20
  78   37  9   42   0  1  2  4 10 13 14 15 17 18 20 22
  78   37 12   42   0  1  2  4 10 13 14 15 17 18 20 22
  78   37 18   42   0  1  2  4 10 13 14 15 17 18 20 22
  78   38  0   42   0  1  2  4 10 14 15 18 19 20 21 22
  78   38  4   42   0  1  2  4 10 14 15 18 19 20 21 22
  78   38  9   42   0  1  2  4 10 14 15 18 19 20 21 22
  78   38 12   42   0  1  2  4 10 14 15 18 19 20 21 22
  78   38 14   42   0  1  2  4 10 14 15 18 19 20 21 22
  78   38 19   42   0  1  2  4 10 14 15 18 19 20 21 22
  78   38 21   42   0  1  2  4 10 14 15 18 19 20 21 22
  78   38 22   42   0  1  2  4 10 14 15 18 19 20 21 22
  78   39  8   42   0  1  2  9 10 11 12 14 15 16 20 22
  78   39  9   42   0  1  2  9 10 11 12 14 15 16 20 22
  78   39 13   42   0  1  2  9 10 11 12 14 15 16 20 22
  78   41  4   42   0  1  3  6  8  9 12 17 19 20 21 22
  78   41 13   42   0  1  3  6  8  9 12 17 19 20 21 22
  78   42  0   42   0  1  3  6  8 10 11 14 18 20 21 22
  79    1  7   42   0  1  2  3  4  6 16 18 19 20 21 22
  79    3  3   42   0  1  2  3  4 12 14 16 18 19 21 22
  79    3 19   42   0  1  2  3  4 12 14 16 18 19 21 22
  79    3 22   42   0  1  2  3  4 12 14 16 18 19 21 22
  79    5 12   42   0  1  2  3  4 12 15 16 18 19 20 22
  79    5 19   42   0  1  2  3  4 12 15 16 18 19 20 22
  79    7  7   42   0  1  2  3  6 10 12 16 19 20 21 22
  79    7 10   42   0  1  2  3  6 10 12 16 19 20 21 22
  79    7 12   42   0  1  2  3  6 10 12 16 19 20 21 22
  79    7 15   42   0  1  2  3  6 10 12 16 19 20 21 22
  79    7 19   42   0  1  2  3  6 10 12 16 19 20 21 22
  79    8  5   42   0  1  2  3  6 10 13 16 18 20 21 22
  79    8 10   42   0  1  2  3  6 10 13 16 18 20 21 22
  79    8 15   42   0  1  2  3  6 10 13 16 18 20 21 22
  79    9 15   42   0  1  2  3  6 10 14 16 18 19 21 22
  79   10  5   42   0  1  2  3  6 10 14 17 18 20 21 22
  79   10 10   42   0  1  2  3  6 10 14 17 18 20 21 22
  79   10 15   42   0  1  2  3  6 10 14 17 18 20 21 22
  79   11  5   42   0  1  2  3  6 10 15 16 18 19 20 22
  79   11  7   42   0  1  2  3  6 10 15 16 18 19 20 22
  79   11 13   42   0  1  2  3  6 10 15 16 18 19 20 22
  79   14  7   42   0  1  2  3 10 11 13 14 16 19 21 22
  79   14 12   42   0  1  2  3 10 11 13 14 16 19 21 22
  79   15  5   42   0  1  2  3 10 11 13 14 17 20 21 22
  79   16 12   42   0  1  2  3 10 11 13 15 16 19 20 22
  79   17  7   42   0  1  2  3 10 11 13 15 17 19 20 21
  79   17 12   42   0  1  2  3 10 11 13 15 17 19 20 21
  79   18 12   42   0  1  2  3 10 11 13 15 18 20 21 22
  79   18 16   42   0  1  2  3 10 11 13 15 18 20 21 22
  79   18 18   42   0  1  2  3 10 11 13 15 18 20 21 22
  79   20 12   42   0  1  2  3 10 12 13 15 17 18 20 21
  79   23  3   42   0  1  2  4  6  9 13 16 18 20 21 22
  79   25  9   42   0  1  2  4  6  9 15 17 18 19 20 21
  79   28  5   42   0  1  2  4  9 10 13 14 18 20 21 22
  79   28 12   42   0  1  2  4  9 10 13 14 18 20 21 22
  79   29 12   42   0  1  2  4  9 11 13 14 16 19 21 22
  79   31 12   42   0  1  2  4  9 11 13 15 17 19 20 21
  79   33  8   42   0  1  2  4  9 12 13 15 17 18 20 21
  79   33 12   42   0  1  2  4  9 12 13 15 17 18 20 21
  79   36  8   42   0  1  2  4  9 13 14 15 17 18 19 20
