   9   15  2   36   0  1  3  7  8  9 11 12 13 14 17 19
   9   15 18   36   0  1  3  7  8  9 11 12 13 14 17 19
  10   11 15   36   0  1  2  4  6  9 11 14 15 17 18 19
  11    9  2   36   0  1  2  3 10 11 12 13 14 15 16 17
  11    9  3   36   0  1  2  3 10 11 12 13 14 15 16 17
  12    3  2   36   0  1  2  3  4 11 12 13 15 16 18 19
  12    7  2   36   0  1  2  3  6 10 11 13 15 16 18 19
  12    8 16   36   0  1  2  3  6 10 11 14 15 17 18 19
  12    9  1   36   0  1  2  3 10 11 12 13 14 15 16 17
  12    9 13   36   0  1  2  3 10 11 12 13 14 15 16 17
  12    9 17   36   0  1  2  3 10 11 12 13 14 15 16 17
  12    9 18   36   0  1  2  3 10 11 12 13 14 15 16 17
  12    9 19   36   0  1  2  3 10 11 12 13 14 15 16 17
  12   10  2   36   0  1  2  4  6  9 10 13 15 17 18 19
  12   11  1   36   0  1  2  4  6  9 11 14 15 17 18 19
  12   11 16   36   0  1  2  4  6  9 11 14 15 17 18 19
  12   12  2   36   0  1  2  4  9 10 12 13 14 15 16 18
  12   12 18   36   0  1  2  4  9 10 12 13 14 15 16 18
  12   14  8   36   0  1  3  6  8  9 11 12 13 15 17 19
  12   14 12   36   0  1  3  6  8  9 11 12 13 15 17 19
  12   14 17   36   0  1  3  6  8  9 11 12 13 15 17 19
  12   15  0   36   0  1  3  7  8  9 11 12 13 14 17 19
  12   15  1   36   0  1  3  7  8  9 11 12 13 14 17 19
  12   15  3   36   0  1  3  7  8  9 11 12 13 14 17 19
  12   15  7   36   0  1  3  7  8  9 11 12 13 14 17 19
  12   15  8   36   0  1  3  7  8  9 11 12 13 14 17 19
  12   15  9   36   0  1  3  7  8  9 11 12 13 14 17 19
  12   15 11   36   0  1  3  7  8  9 11 12 13 14 17 19
  12   15 12   36   0  1  3  7  8  9 11 12 13 14 17 19
  12   15 13   36   0  1  3  7  8  9 11 12 13 14 17 19
  12   15 17   36   0  1  3  7  8  9 11 12 13 14 17 19
  12   15 19   36   0  1  3  7  8  9 11 12 13 14 17 19
  13    3 17   36   0  1  2  3  4 11 12 13 15 16 18 19
  13   12  3   36   0  1  2  4  9 10 12 13 14 15 16 18
  13   12 13   36   0  1  2  4  9 10 12 13 14 15 16 18
  13   12 19   36   0  1  2  4  9 10 12 13 14 15 16 18
  14    7 17   36   0  1  2  3  6 10 11 13 15 16 18 19
  14    8  1   36   0  1  2  3  6 10 11 14 15 17 18 19
  14    9  0   36   0  1  2  3 10 11 12 13 14 15 16 17
  14   10 17   36   0  1  2  4  6  9 10 13 15 17 18 19
  14   11  5   36   0  1  2  4  6  9 11 14 15 17 18 19
  14   12  0   36   0  1  2  4  9 10 12 13 14 15 16 18
  14   14  9   36   0  1  3  6  8  9 11 12 13 15 17 19
  14   14 13   36   0  1  3  6  8  9 11 12 13 15 17 19
  14   14 19   36   0  1  3  6  8  9 11 12 13 15 17 19
  14   15 14   36   0  1  3  7  8  9 11 12 13 14 17 19
  15    1  2   36   0  1  2  3  4  6 13 15 16 17 18 19
  15    3  3   36   0  1  2  3  4 11 12 13 15 16 18 19
  15    5 17   36   0  1  2  3  6  9 10 13 16 17 18 19
  15    8  2   36   0  1  2  3  6 10 11 14 15 17 18 19
  15    8 17   36   0  1  2  3  6 10 11 14 15 17 18 19
  15    8 19   36   0  1  2  3  6 10 11 14 15 17 18 19
  15   13 19   36   0  1  2  5  9 10 11 13 14 15 17 19
  15   14  0   36   0  1  3  6  8  9 11 12 13 15 17 19
  15   14  1   36   0  1  3  6  8  9 11 12 13 15 17 19
  16    6  3   36   0  1  2  3  6  9 11 14 16 17 18 19
  16    6 16   36   0  1  2  3  6  9 11 14 16 17 18 19
  16    6 18   36   0  1  2  3  6  9 11 14 16 17 18 19
  16   10  0   36   0  1  2  4  6  9 10 13 15 17 18 19
  16   13 10   36   0  1  2  5  9 10 11 13 14 15 17 19
  16   13 14   36   0  1  2  5  9 10 11 13 14 15 17 19
  17    3 19   36   0  1  2  3  4 11 12 13 15 16 18 19
  17    4  2   36   0  1  2  3  4 11 12 14 15 17 18 19
  17    4 17   36   0  1  2  3  4 11 12 14 15 17 18 19
  17    5  2   36   0  1  2  3  6  9 10 13 16 17 18 19
  17    6  2   36   0  1  2  3  6  9 11 14 16 17 18 19
  17    6 19   36   0  1  2  3  6  9 11 14 16 17 18 19
  17   11  0   36   0  1  2  4  6  9 11 14 15 17 18 19
  17   11 19   36   0  1  2  4  6  9 11 14 15 17 18 19
  17   13  0   36   0  1  2  5  9 10 11 13 14 15 17 19
  17   13  1   36   0  1  2  5  9 10 11 13 14 15 17 19
  18    1 16   36   0  1  2  3  4  6 13 15 16 17 18 19
  18    1 17   36   0  1  2  3  4  6 13 15 16 17 18 19
  18    1 18   36   0  1  2  3  4  6 13 15 16 17 18 19
  18    2 16   36   0  1  2  3  4  7 12 15 16 17 18 19
  18    2 18   36   0  1  2  3  4  7 12 15 16 17 18 19
  18    3 18   36   0  1  2  3  4 11 12 13 15 16 18 19
  18    4  3   36   0  1  2  3  4 11 12 14 15 17 18 19
  18    7  0   36   0  1  2  3  6 10 11 13 15 16 18 19
  18    7  1   36   0  1  2  3  6 10 11 13 15 16 18 19
  18   10 19   36   0  1  2  4  6  9 10 13 15 17 18 19
  19    1  1   36   0  1  2  3  4  6 13 15 16 17 18 19
  19    1  3   36   0  1  2  3  4  6 13 15 16 17 18 19
  19    3 12   36   0  1  2  3  4 11 12 13 15 16 18 19
  19    5 19   36   0  1  2  3  6  9 10 13 16 17 18 19
  19    6  1   36   0  1  2  3  6  9 11 14 16 17 18 19
  19    6 17   36   0  1  2  3  6  9 11 14 16 17 18 19
  19    7 16   36   0  1  2  3  6 10 11 13 15 16 18 19
  19    8  0   36   0  1  2  3  6 10 11 14 15 17 18 19
  19   13 17   36   0  1  2  5  9 10 11 13 14 15 17 19
  20    2  1   36   0  1  2  3  4  7 12 15 16 17 18 19
  20    2  3   36   0  1  2  3  4  7 12 15 16 17 18 19
  20    4 12   36   0  1  2  3  4 11 12 14 15 17 18 19
  20    4 18   36   0  1  2  3  4 11 12 14 15 17 18 19
  20    5  0   36   0  1  2  3  6  9 10 13 16 17 18 19
  20    6  0   36   0  1  2  3  6  9 11 14 16 17 18 19
  20    7 19   36   0  1  2  3  6 10 11 13 15 16 18 19
  66    4 19   36   0  1  2  3  4 11 12 14 15 17 18 19
  68    5 12   36   0  1  2  3  6  9 10 13 16 17 18 19
  68    5 15   36   0  1  2  3  6  9 10 13 16 17 18 19
  68   11  8   36   0  1  2  4  6  9 11 14 15 17 18 19
  69    1 14   36   0  1  2  3  4  6 13 15 16 17 18 19
  69    6  5   36   0  1  2  3  6  9 11 14 16 17 18 19
  69    6  8   36   0  1  2  3  6  9 11 14 16 17 18 19
  69    6 10   36   0  1  2  3  6  9 11 14 16 17 18 19
  69    6 13   36   0  1  2  3  6  9 11 14 16 17 18 19
  69    6 15   36   0  1  2  3  6  9 11 14 16 17 18 19
  69    7  4   36   0  1  2  3  6 10 11 13 15 16 18 19
  69    8  4   36   0  1  2  3  6 10 11 14 15 17 18 19
  69    8  8   36   0  1  2  3  6 10 11 14 15 17 18 19
  69   11 13   36   0  1  2  4  6  9 11 14 15 17 18 19
  70    1  5   36   0  1  2  3  4  6 13 15 16 17 18 19
  70    3  5   36   0  1  2  3  4 11 12 13 15 16 18 19
  70    5  4   36   0  1  2  3  6  9 10 13 16 17 18 19
  70    5  7   36   0  1  2  3  6  9 10 13 16 17 18 19
  70    6 12   36   0  1  2  3  6  9 11 14 16 17 18 19
  70    7 12   36   0  1  2  3  6 10 11 13 15 16 18 19
  70    8 12   36   0  1  2  3  6 10 11 14 15 17 18 19
  70   11  7   36   0  1  2  4  6  9 11 14 15 17 18 19
  71    5  3   36   0  1  2  3  6  9 10 13 16 17 18 19
  71    6  4   36   0  1  2  3  6  9 11 14 16 17 18 19
  71    6  7   36   0  1  2  3  6  9 11 14 16 17 18 19
  71   11  3   36   0  1  2  4  6  9 11 14 15 17 18 19
  74   13  8   36   0  1  2  5  9 10 11 13 14 15 17 19
  74   13 12   36   0  1  2  5  9 10 11 13 14 15 17 19
  75    1  9   36   0  1  2  3  4  6 13 15 16 17 18 19
  75    1 10   36   0  1  2  3  4  6 13 15 16 17 18 19
  75    2  9   36   0  1  2  3  4  7 12 15 16 17 18 19
  75    2 10   36   0  1  2  3  4  7 12 15 16 17 18 19
  75    2 13   36   0  1  2  3  4  7 12 15 16 17 18 19
  75    3  7   36   0  1  2  3  4 11 12 13 15 16 18 19
  75    4  6   36   0  1  2  3  4 11 12 14 15 17 18 19
  75    4  7   36   0  1  2  3  4 11 12 14 15 17 18 19
  75    4  9   36   0  1  2  3  4 11 12 14 15 17 18 19
  75    8  9   36   0  1  2  3  6 10 11 14 15 17 18 19
  76    2  6   36   0  1  2  3  4  7 12 15 16 17 18 19
  76    3  8   36   0  1  2  3  4 11 12 13 15 16 18 19
  76    3 10   36   0  1  2  3  4 11 12 13 15 16 18 19
  76    4  8   36   0  1  2  3  4 11 12 14 15 17 18 19
  76    4 10   36   0  1  2  3  4 11 12 14 15 17 18 19
  76    4 11   36   0  1  2  3  4 11 12 14 15 17 18 19
  76    5  6   36   0  1  2  3  6  9 10 13 16 17 18 19
  76    7  6   36   0  1  2  3  6 10 11 13 15 16 18 19
  76    8  6   36   0  1  2  3  6 10 11 14 15 17 18 19
  76    8 13   36   0  1  2  3  6 10 11 14 15 17 18 19
  76    9  5   36   0  1  2  3 10 11 12 13 14 15 16 17
  76    9  8   36   0  1  2  3 10 11 12 13 14 15 16 17
  76   14  4   36   0  1  3  6  8  9 11 12 13 15 17 19
  76   15  4   36   0  1  3  7  8  9 11 12 13 14 17 19
  76   15  5   36   0  1  3  7  8  9 11 12 13 14 17 19
  76   15 15   36   0  1  3  7  8  9 11 12 13 14 17 19
  77    1  0   36   0  1  2  3  4  6 13 15 16 17 18 19
  77    1  6   36   0  1  2  3  4  6 13 15 16 17 18 19
  77    1  8   36   0  1  2  3  4  6 13 15 16 17 18 19
  77    1 11   36   0  1  2  3  4  6 13 15 16 17 18 19
  77    1 19   36   0  1  2  3  4  6 13 15 16 17 18 19
  77    2  0   36   0  1  2  3  4  7 12 15 16 17 18 19
  77    2  2   36   0  1  2  3  4  7 12 15 16 17 18 19
  77    2 11   36   0  1  2  3  4  7 12 15 16 17 18 19
  77    2 14   36   0  1  2  3  4  7 12 15 16 17 18 19
  77    2 17   36   0  1  2  3  4  7 12 15 16 17 18 19
  77    3  0   36   0  1  2  3  4 11 12 13 15 16 18 19
  77    3  6   36   0  1  2  3  4 11 12 13 15 16 18 19
  77    3  9   36   0  1  2  3  4 11 12 13 15 16 18 19
  77    3 11   36   0  1  2  3  4 11 12 13 15 16 18 19
  77    3 14   36   0  1  2  3  4 11 12 13 15 16 18 19
  77    4  0   36   0  1  2  3  4 11 12 14 15 17 18 19
  77    4 13   36   0  1  2  3  4 11 12 14 15 17 18 19
  77    5  9   36   0  1  2  3  6  9 10 13 16 17 18 19
  77    5 10   36   0  1  2  3  6  9 10 13 16 17 18 19
  77    5 13   36   0  1  2  3  6  9 10 13 16 17 18 19
  77    6  6   36   0  1  2  3  6  9 11 14 16 17 18 19
  77    6  9   36   0  1  2  3  6  9 11 14 16 17 18 19
  77    7  8   36   0  1  2  3  6 10 11 13 15 16 18 19
  77    7  9   36   0  1  2  3  6 10 11 13 15 16 18 19
  77    7 11   36   0  1  2  3  6 10 11 13 15 16 18 19
  77    7 14   36   0  1  2  3  6 10 11 13 15 16 18 19
  77    8  5   36   0  1  2  3  6 10 11 14 15 17 18 19
  77    8  7   36   0  1  2  3  6 10 11 14 15 17 18 19
  77    9  6   36   0  1  2  3 10 11 12 13 14 15 16 17
  77    9  9   36   0  1  2  3 10 11 12 13 14 15 16 17
  77    9 11   36   0  1  2  3 10 11 12 13 14 15 16 17
  77    9 15   36   0  1  2  3 10 11 12 13 14 15 16 17
  77   10  3   36   0  1  2  4  6  9 10 13 15 17 18 19
  77   10  7   36   0  1  2  4  6  9 10 13 15 17 18 19
  77   10  8   36   0  1  2  4  6  9 10 13 15 17 18 19
  77   10 11   36   0  1  2  4  6  9 10 13 15 17 18 19
  77   10 12   36   0  1  2  4  6  9 10 13 15 17 18 19
  77   10 14   36   0  1  2  4  6  9 10 13 15 17 18 19
  77   11  2   36   0  1  2  4  6  9 11 14 15 17 18 19
  77   11  4   36   0  1  2  4  6  9 11 14 15 17 18 19
  77   11  6   36   0  1  2  4  6  9 11 14 15 17 18 19
  77   11 10   36   0  1  2  4  6  9 11 14 15 17 18 19
  77   11 12   36   0  1  2  4  6  9 11 14 15 17 18 19
  77   12  7   36   0  1  2  4  9 10 12 13 14 15 16 18
  77   12  8   36   0  1  2  4  9 10 12 13 14 15 16 18
  77   12 11   36   0  1  2  4  9 10 12 13 14 15 16 18
  77   12 17   36   0  1  2  4  9 10 12 13 14 15 16 18
  77   13  3   36   0  1  2  5  9 10 11 13 14 15 17 19
  77   13  6   36   0  1  2  5  9 10 11 13 14 15 17 19
  77   13  7   36   0  1  2  5  9 10 11 13 14 15 17 19
  77   14  2   36   0  1  3  6  8  9 11 12 13 15 17 19
  77   14  5   36   0  1  3  6  8  9 11 12 13 15 17 19
  77   14  7   36   0  1  3  6  8  9 11 12 13 15 17 19
  77   14 10   36   0  1  3  6  8  9 11 12 13 15 17 19
  77   14 14   36   0  1  3  6  8  9 11 12 13 15 17 19
  77   14 15   36   0  1  3  6  8  9 11 12 13 15 17 19
  77   15  6   36   0  1  3  7  8  9 11 12 13 14 17 19
  77   15 10   36   0  1  3  7  8  9 11 12 13 14 17 19
  77   15 16   36   0  1  3  7  8  9 11 12 13 14 17 19
  78    1  4   36   0  1  2  3  4  6 13 15 16 17 18 19
  78    1  7   36   0  1  2  3  4  6 13 15 16 17 18 19
  78    1 13   36   0  1  2  3  4  6 13 15 16 17 18 19
  78    2  4   36   0  1  2  3  4  7 12 15 16 17 18 19
  78    2  5   36   0  1  2  3  4  7 12 15 16 17 18 19
  78    2  7   36   0  1  2  3  4  7 12 15 16 17 18 19
  78    2  8   36   0  1  2  3  4  7 12 15 16 17 18 19
  78    2 19   36   0  1  2  3  4  7 12 15 16 17 18 19
  78    3  1   36   0  1  2  3  4 11 12 13 15 16 18 19
  78    3  4   36   0  1  2  3  4 11 12 13 15 16 18 19
  78    3 15   36   0  1  2  3  4 11 12 13 15 16 18 19
  78    4  1   36   0  1  2  3  4 11 12 14 15 17 18 19
  78    4  4   36   0  1  2  3  4 11 12 14 15 17 18 19
  78    4  5   36   0  1  2  3  4 11 12 14 15 17 18 19
  78    4 14   36   0  1  2  3  4 11 12 14 15 17 18 19
  78    4 15   36   0  1  2  3  4 11 12 14 15 17 18 19
  78    4 16   36   0  1  2  3  4 11 12 14 15 17 18 19
  78    5  5   36   0  1  2  3  6  9 10 13 16 17 18 19
  78    5  8   36   0  1  2  3  6  9 10 13 16 17 18 19
  78    5 11   36   0  1  2  3  6  9 10 13 16 17 18 19
  78    5 14   36   0  1  2  3  6  9 10 13 16 17 18 19
  78    6 11   36   0  1  2  3  6  9 11 14 16 17 18 19
  78    6 14   36   0  1  2  3  6  9 11 14 16 17 18 19
  78    7  3   36   0  1  2  3  6 10 11 13 15 16 18 19
  78    7  5   36   0  1  2  3  6 10 11 13 15 16 18 19
  78    7  7   36   0  1  2  3  6 10 11 13 15 16 18 19
  78    7 10   36   0  1  2  3  6 10 11 13 15 16 18 19
  78    7 13   36   0  1  2  3  6 10 11 13 15 16 18 19
  78    8  3   36   0  1  2  3  6 10 11 14 15 17 18 19
  78    8 14   36   0  1  2  3  6 10 11 14 15 17 18 19
  78    8 18   36   0  1  2  3  6 10 11 14 15 17 18 19
  78    9  4   36   0  1  2  3 10 11 12 13 14 15 16 17
  78    9  7   36   0  1  2  3 10 11 12 13 14 15 16 17
  78    9 10   36   0  1  2  3 10 11 12 13 14 15 16 17
  78    9 12   36   0  1  2  3 10 11 12 13 14 15 16 17
  78    9 14   36   0  1  2  3 10 11 12 13 14 15 16 17
  78    9 16   36   0  1  2  3 10 11 12 13 14 15 16 17
  78   10  4   36   0  1  2  4  6  9 10 13 15 17 18 19
  78   10  5   36   0  1  2  4  6  9 10 13 15 17 18 19
  78   10  9   36   0  1  2  4  6  9 10 13 15 17 18 19
  78   10 10   36   0  1  2  4  6  9 10 13 15 17 18 19
  78   10 15   36   0  1  2  4  6  9 10 13 15 17 18 19
  78   10 16   36   0  1  2  4  6  9 10 13 15 17 18 19
  78   11  9   36   0  1  2  4  6  9 11 14 15 17 18 19
  78   11 11   36   0  1  2  4  6  9 11 14 15 17 18 19
  78   11 17   36   0  1  2  4  6  9 11 14 15 17 18 19
  78   11 18   36   0  1  2  4  6  9 11 14 15 17 18 19
  78   12  1   36   0  1  2  4  9 10 12 13 14 15 16 18
  78   12  4   36   0  1  2  4  9 10 12 13 14 15 16 18
  78   12  6   36   0  1  2  4  9 10 12 13 14 15 16 18
  78   12 12   36   0  1  2  4  9 10 12 13 14 15 16 18
  78   12 14   36   0  1  2  4  9 10 12 13 14 15 16 18
  78   12 15   36   0  1  2  4  9 10 12 13 14 15 16 18
  78   12 16   36   0  1  2  4  9 10 12 13 14 15 16 18
  78   13  2   36   0  1  2  5  9 10 11 13 14 15 17 19
  78   13  4   36   0  1  2  5  9 10 11 13 14 15 17 19
  78   13  5   36   0  1  2  5  9 10 11 13 14 15 17 19
  78   13 11   36   0  1  2  5  9 10 11 13 14 15 17 19
  78   13 16   36   0  1  2  5  9 10 11 13 14 15 17 19
  78   13 18   36   0  1  2  5  9 10 11 13 14 15 17 19
  78   14  3   36   0  1  3  6  8  9 11 12 13 15 17 19
  78   14  6   36   0  1  3  6  8  9 11 12 13 15 17 19
  78   14 11   36   0  1  3  6  8  9 11 12 13 15 17 19
  78   14 16   36   0  1  3  6  8  9 11 12 13 15 17 19
  78   14 18   36   0  1  3  6  8  9 11 12 13 15 17 19
  79    1 12   36   0  1  2  3  4  6 13 15 16 17 18 19
  79    1 15   36   0  1  2  3  4  6 13 15 16 17 18 19
  79    2 12   36   0  1  2  3  4  7 12 15 16 17 18 19
  79    2 15   36   0  1  2  3  4  7 12 15 16 17 18 19
  79    3 13   36   0  1  2  3  4 11 12 13 15 16 18 19
  79    3 16   36   0  1  2  3  4 11 12 13 15 16 18 19
  79    5  1   36   0  1  2  3  6  9 10 13 16 17 18 19
  79    5 16   36   0  1  2  3  6  9 10 13 16 17 18 19
  79    5 18   36   0  1  2  3  6  9 10 13 16 17 18 19
  79    7 15   36   0  1  2  3  6 10 11 13 15 16 18 19
  79    7 18   36   0  1  2  3  6 10 11 13 15 16 18 19
  79    8 10   36   0  1  2  3  6 10 11 14 15 17 18 19
  79    8 11   36   0  1  2  3  6 10 11 14 15 17 18 19
  79    8 15   36   0  1  2  3  6 10 11 14 15 17 18 19
  79   10  1   36   0  1  2  4  6  9 10 13 15 17 18 19
  79   10  6   36   0  1  2  4  6  9 10 13 15 17 18 19
  79   10 13   36   0  1  2  4  6  9 10 13 15 17 18 19
  79   10 18   36   0  1  2  4  6  9 10 13 15 17 18 19
  79   11 14   36   0  1  2  4  6  9 11 14 15 17 18 19
  79   12  5   36   0  1  2  4  9 10 12 13 14 15 16 18
  79   12  9   36   0  1  2  4  9 10 12 13 14 15 16 18
  79   12 10   36   0  1  2  4  9 10 12 13 14 15 16 18
  79   13  9   36   0  1  2  5  9 10 11 13 14 15 17 19
  79   13 13   36   0  1  2  5  9 10 11 13 14 15 17 19
  79   13 15   36   0  1  2  5  9 10 11 13 14 15 17 19
