77
19
15
19
78
70
77
78
77
75
75
77
79
78
69
79
18
18
18
77
77
20
77
20
78
78
76
78
78
75
75
77
79
75
77
79
18
77
18
78
77
78
12
15
78
70
77
75
76
77
76
77
19
79
77
78
79
13
18
17
77
78
17
18
78
78
75
75
76
75
76
76
20
77
78
78
78
17
20
66
20
79
17
71
70
78
76
70
78
77
77
78
68
77
78
68
79
15
79
19
20
19
17
16
71
69
77
71
69
77
69
78
70
69
78
69
16
19
16
17
18
18
12
78
69
78
76
78
77
77
78
77
70
78
77
79
19
14
79
20
19
14
15
78
69
77
76
77
69
75
79
79
70
76
78
79
12
15
78
15
14
12
11
11
78
76
77
78
76
77
78
77
78
12
78
77
78
12
12
12
16
79
12
77
78
78
79
77
77
78
78
77
77
79
77
78
78
14
79
18
17
12
77
71
77
14
77
70
68
78
77
78
77
69
79
10
12
78
78
17
14
78
12
13
78
79
78
77
77
79
79
77
78
13
78
78
78
77
12
13
17
17
78
77
78
78
77
77
74
79
16
78
74
79
16
79
78
19
78
15
15
15
77
78
76
77
78
77
12
14
77
78
12
14
77
77
78
12
78
14
12
12
9
12
76
76
77
12
12
12
77
12
12
12
14
76
77
12
9
12
