12
77
77
77
77
78
78
78
78
78
78
66
66
66
66
75
77
77
77
77
79
12
78
77
76
77
18
18
77
77
77
77
77
77
78
77
77
78
18
22
78
76
78
77
78
79
78
78
76
78
76
76
78
78
74
77
77
74
77
78
77
77
79
77
77
79
79
62
77
77
20
71
77
77
76
77
77
77
67
79
78
77
79
15
78
77
79
77
78
15
76
76
18
17
76
77
77
77
76
78
19
78
78
78
78
19
77
78
75
77
76
61
76
77
14
79
76
77
76
77
77
78
70
79
77
69
70
71
78
77
64
77
76
15
76
76
18
78
76
77
69
77
77
77
71
78
78
77
77
71
77
78
20
77
76
71
77
77
70
76
76
77
75
77
75
78
71
77
77
70
77
71
75
77
76
77
77
77
76
18
16
17
76
79
77
76
62
63
77
77
78
78
19
17
20
75
77
77
76
78
77
70
70
17
12
79
69
76
63
77
70
77
77
79
69
20
70
78
76
77
78
78
77
78
76
78
60
17
77
75
78
76
77
77
78
78
78
77
16
77
60
77
76
77
77
19
78
79
58
17
77
76
78
78
77
77
63
78
77
76
18
18
63
77
78
77
77
11
77
79
17
64
77
77
62
70
77
77
70
78
77
78
71
18
71
78
77
12
76
14
14
14
76
77
77
76
62
12
79
15
79
16
78
15
16
77
77
76
77
77
75
76
78
77
75
78
77
76
77
17
77
69
77
17
77
71
62
77
62
77
77
77
75
77
16
77
76
77
78
58
69
79
78
76
70
77
78
71
59
77
76
17
77
14
76
18
16
78
76
78
77
77
69
16
78
19
70
14
78
17
63
16
77
17
77
14
76
14
78
77
68
78
77
70
71
20
78
16
71
20
78
15
78
18
19
77
76
77
76
77
69
77
15
69
77
66
71
77
78
76
71
77
78
75
79
18
79
19
75
77
75
17
16
17
16
17
14
75
74
75
74
75
75
14
76
14
76
14
77
76
76
76
60
78
77
69
14
79
69
71
78
78
69
70
78
14
69
79
71
63
76
77
76
77
76
63
76
18
12
17
70
71
79
77
77
69
70
12
69
16
71
78
18
76
77
77
14
71
79
7
18
17
77
64
71
77
77
23
78
7
69
14
16
77
20
77
76
77
16
17
15
6
14
15
77
64
62
77
77
61
64
7
69
14
16
14
77
77
77
69
76
60
14
79
77
69
78
79
19
70
78
16
19
79
78
78
62
76
76
78
76
76
17
17
14
7
77
60
78
79
15
17
78
14
12
17
6
70
78
20
76
77
76
14
14
17
19
18
77
78
77
79
14
14
78
14
14
16
12
14
78
14
78
17
61
14
17
7
19
7
76
70
78
78
14
20
78
6
16
20
7
15
77
18
18
76
76
76
12
17
78
7
15
16
70
79
17
78
78
12
14
79
6
77
16
16
16
77
76
69
12
17
78
17
17
78
77
63
17
77
78
76
16
77
12
76
79
17
64
17
75
19
17
7
16
7
77
14
78
78
15
15
79
7
14
14
7
17
14
18
18
76
77
17
14
15
77
20
76
74
75
78
17
14
76
14
18
16
14
19
77
15
78
76
62
17
18
6
76
8
75
75
75
77
17
20
76
6
19
19
6
20
76
19
78
76
61
11
76
15
16
16
77
70
76
77
18
15
78
14
18
14
8
16
71
70
69
76
76
61
12
62
77
78
61
16
7
77
64
7
12
71
77
77
79
76
14
63
77
70
77
69
78
62
17
7
14
17
9
12
14
14
14
7
15
16
5
15
71
78
70
77
16
78
17
18
6
12
12
16
5
6
19
14
12
5
18
6
6
15
78
12
17
16
18
18
17
14
7
17
14
6
18
7
17
5
18
7
17
6
14
15
18
14
15
18
18
18
7
18
7
7
18
4
11
4
18
4
11
4
18
7
7
18
18
7
18
18
15
16
3
78
7
16
3
78
18
20
7
18
18
78
18
20
7
18
78
16
7
15
