   3   40  2   40   0  1  5  8  9 11 12 14 15 17 19 21
   3   40  6   40   0  1  5  8  9 11 12 14 15 17 19 21
   4   39  7   40   0  1  3  6  8 10 12 14 17 18 20 21
   4   39  9   40   0  1  3  6  8 10 12 14 17 18 20 21
   4   39 11   40   0  1  3  6  8 10 12 14 17 18 20 21
   4   39 13   40   0  1  3  6  8 10 12 14 17 18 20 21
   5   36 16   40   0  1  3  6  8 10 11 13 15 18 20 21
   5   37  8   40   0  1  3  6  8 10 11 14 16 18 19 20
   5   37 13   40   0  1  3  6  8 10 11 14 16 18 19 20
   5   38 11   40   0  1  3  6  8 10 12 14 16 18 19 21
   6   24  5   40   0  1  2  4  6  9 14 16 17 18 19 20
   6   26 16   40   0  1  2  4  9 11 13 14 15 17 19 21
   6   28 13   40   0  1  2  4  9 11 14 15 18 19 20 21
   6   29 16   40   0  1  2  4  9 12 13 14 15 17 18 21
   6   33  3   40   0  1  2  4 10 11 14 15 17 19 20 21
   6   33 13   40   0  1  2  4 10 11 14 15 17 19 20 21
   6   33 16   40   0  1  2  4 10 11 14 15 17 19 20 21
   6   37  4   40   0  1  3  6  8 10 11 14 16 18 19 20
   6   37  9   40   0  1  3  6  8 10 11 14 16 18 19 20
   6   37 15   40   0  1  3  6  8 10 11 14 16 18 19 20
   6   37 16   40   0  1  3  6  8 10 11 14 16 18 19 20
   6   38  7   40   0  1  3  6  8 10 12 14 16 18 19 21
   6   38 15   40   0  1  3  6  8 10 12 14 16 18 19 21
   7   23  5   40   0  1  2  4  6  9 13 16 17 19 20 21
   7   23 15   40   0  1  2  4  6  9 13 16 17 19 20 21
   7   24 15   40   0  1  2  4  6  9 14 16 17 18 19 20
   7   26  5   40   0  1  2  4  9 11 13 14 15 17 19 21
   7   28  3   40   0  1  2  4  9 11 14 15 18 19 20 21
   7   28  5   40   0  1  2  4  9 11 14 15 18 19 20 21
   7   28 16   40   0  1  2  4  9 11 14 15 18 19 20 21
   7   29  5   40   0  1  2  4  9 12 13 14 15 17 18 21
   7   31  3   40   0  1  2  4  9 12 14 15 17 18 19 21
   7   31  5   40   0  1  2  4  9 12 14 15 17 18 19 21
   7   31 13   40   0  1  2  4  9 12 14 15 17 18 19 21
   7   31 16   40   0  1  2  4  9 12 14 15 17 18 19 21
   7   35  8   40   0  1  3  6  8  9 11 13 17 19 20 21
   7   35 11   40   0  1  3  6  8  9 11 13 17 19 20 21
   7   36  5   40   0  1  3  6  8 10 11 13 15 18 20 21
   7   36 13   40   0  1  3  6  8 10 11 13 15 18 20 21
   7   38  4   40   0  1  3  6  8 10 12 14 16 18 19 21
   7   38  9   40   0  1  3  6  8 10 12 14 16 18 19 21
   7   38 13   40   0  1  3  6  8 10 12 14 16 18 19 21
   7   39  2   40   0  1  3  6  8 10 12 14 17 18 20 21
   7   39  4   40   0  1  3  6  8 10 12 14 17 18 20 21
   7   39  5   40   0  1  3  6  8 10 12 14 17 18 20 21
   7   39 15   40   0  1  3  6  8 10 12 14 17 18 20 21
   7   39 16   40   0  1  3  6  8 10 12 14 17 18 20 21
   7   39 19   40   0  1  3  6  8 10 12 14 17 18 20 21
   7   40  4   40   0  1  5  8  9 11 12 14 15 17 19 21
   7   40 10   40   0  1  5  8  9 11 12 14 15 17 19 21
   7   40 16   40   0  1  5  8  9 11 12 14 15 17 19 21
   7   40 20   40   0  1  5  8  9 11 12 14 15 17 19 21
   8   33  5   40   0  1  2  4 10 11 14 15 17 19 20 21
   8   34 16   40   0  1  2  4 10 13 14 15 16 18 19 20
   9   36  8   40   0  1  3  6  8 10 11 13 15 18 20 21
  11   13  3   40   0  1  2  3  6 11 14 16 17 18 20 21
  11   34  1   40   0  1  2  4 10 13 14 15 16 18 19 20
  11   39  8   40   0  1  3  6  8 10 12 14 17 18 20 21
  11   39 12   40   0  1  3  6  8 10 12 14 17 18 20 21
  12    1  0   40   0  1  2  3  4  5 16 17 18 19 20 21
  12    1 21   40   0  1  2  3  4  5 16 17 18 19 20 21
  12   10  6   40   0  1  2  3  6 10 12 15 17 19 20 21
  12   14  1   40   0  1  2  3 10 11 12 14 16 19 20 21
  12   14 11   40   0  1  2  3 10 11 12 14 16 19 20 21
  12   22  6   40   0  1  2  4  6  9 13 15 17 18 20 21
  12   22 15   40   0  1  2  4  6  9 13 15 17 18 20 21
  12   26 14   40   0  1  2  4  9 11 13 14 15 17 19 21
  12   27 16   40   0  1  2  4  9 11 13 14 16 18 20 21
  12   29  2   40   0  1  2  4  9 12 13 14 15 17 18 21
  12   29 13   40   0  1  2  4  9 12 13 14 15 17 18 21
  12   30  2   40   0  1  2  4  9 12 13 14 16 17 18 20
  12   30 16   40   0  1  2  4  9 12 13 14 16 17 18 20
  12   35  2   40   0  1  3  6  8  9 11 13 17 19 20 21
  12   35 12   40   0  1  3  6  8  9 11 13 17 19 20 21
  12   36  9   40   0  1  3  6  8 10 11 13 15 18 20 21
  12   37  5   40   0  1  3  6  8 10 11 14 16 18 19 20
  12   37  6   40   0  1  3  6  8 10 11 14 16 18 19 20
  12   37 12   40   0  1  3  6  8 10 11 14 16 18 19 20
  12   37 19   40   0  1  3  6  8 10 11 14 16 18 19 20
  14    6  4   40   0  1  2  3  4 12 13 15 17 18 20 21
  14   14  3   40   0  1  2  3 10 11 12 14 16 19 20 21
  14   14  4   40   0  1  2  3 10 11 12 14 16 19 20 21
  14   14  5   40   0  1  2  3 10 11 12 14 16 19 20 21
  14   17  1   40   0  1  2  3 10 11 13 14 16 18 20 21
  14   17 15   40   0  1  2  3 10 11 13 14 16 18 20 21
  14   18  1   40   0  1  2  3 10 11 14 15 18 19 20 21
  14   18  3   40   0  1  2  3 10 11 14 15 18 19 20 21
  14   20  8   40   0  1  2  4  6  8 15 16 17 18 19 20
  14   20 15   40   0  1  2  4  6  8 15 16 17 18 19 20
  14   20 17   40   0  1  2  4  6  8 15 16 17 18 19 20
  14   20 19   40   0  1  2  4  6  8 15 16 17 18 19 20
  14   21  6   40   0  1  2  4  6  9 12 15 17 19 20 21
  14   21 15   40   0  1  2  4  6  9 12 15 17 19 20 21
  14   23  2   40   0  1  2  4  6  9 13 16 17 19 20 21
  14   23 17   40   0  1  2  4  6  9 13 16 17 19 20 21
  14   24  6   40   0  1  2  4  6  9 14 16 17 18 19 20
  14   24 17   40   0  1  2  4  6  9 14 16 17 18 19 20
  14   24 19   40   0  1  2  4  6  9 14 16 17 18 19 20
  14   25  4   40   0  1  2  4  9 10 13 14 15 18 19 21
  14   26  4   40   0  1  2  4  9 11 13 14 15 17 19 21
  14   26 13   40   0  1  2  4  9 11 13 14 15 17 19 21
  14   27  1   40   0  1  2  4  9 11 13 14 16 18 20 21
  14   27  2   40   0  1  2  4  9 11 13 14 16 18 20 21
  14   27 10   40   0  1  2  4  9 11 13 14 16 18 20 21
  14   27 11   40   0  1  2  4  9 11 13 14 16 18 20 21
  14   27 13   40   0  1  2  4  9 11 13 14 16 18 20 21
  14   27 14   40   0  1  2  4  9 11 13 14 16 18 20 21
  14   27 17   40   0  1  2  4  9 11 13 14 16 18 20 21
  14   27 19   40   0  1  2  4  9 11 13 14 16 18 20 21
  14   28  1   40   0  1  2  4  9 11 14 15 18 19 20 21
  14   28 10   40   0  1  2  4  9 11 14 15 18 19 20 21
  14   29 14   40   0  1  2  4  9 12 13 14 15 17 18 21
  14   31  7   40   0  1  2  4  9 12 14 15 17 18 19 21
  14   31 14   40   0  1  2  4  9 12 14 15 17 18 19 21
  14   31 15   40   0  1  2  4  9 12 14 15 17 18 19 21
  14   31 18   40   0  1  2  4  9 12 14 15 17 18 19 21
  14   32  2   40   0  1  2  4 10 11 13 14 16 17 20 21
  14   32 11   40   0  1  2  4 10 11 13 14 16 17 20 21
  14   32 13   40   0  1  2  4 10 11 13 14 16 17 20 21
  14   32 16   40   0  1  2  4 10 11 13 14 16 17 20 21
  14   34 13   40   0  1  2  4 10 13 14 15 16 18 19 20
  14   34 15   40   0  1  2  4 10 13 14 15 16 18 19 20
  14   35 18   40   0  1  3  6  8  9 11 13 17 19 20 21
  14   36  6   40   0  1  3  6  8 10 11 13 15 18 20 21
  14   36 10   40   0  1  3  6  8 10 11 13 15 18 20 21
  14   36 11   40   0  1  3  6  8 10 11 13 15 18 20 21
  14   36 12   40   0  1  3  6  8 10 11 13 15 18 20 21
  14   37 11   40   0  1  3  6  8 10 11 14 16 18 19 20
  14   38  3   40   0  1  3  6  8 10 12 14 16 18 19 21
  14   38  6   40   0  1  3  6  8 10 12 14 16 18 19 21
  14   38 16   40   0  1  3  6  8 10 12 14 16 18 19 21
  14   38 19   40   0  1  3  6  8 10 12 14 16 18 19 21
  15    4 17   40   0  1  2  3  4 11 12 15 18 19 20 21
  15    5  1   40   0  1  2  3  4 11 13 16 18 19 20 21
  15    7  1   40   0  1  2  3  4 12 13 16 17 19 20 21
  15   14 13   40   0  1  2  3 10 11 12 14 16 19 20 21
  15   14 17   40   0  1  2  3 10 11 12 14 16 19 20 21
  15   18 17   40   0  1  2  3 10 11 14 15 18 19 20 21
  15   19  6   40   0  1  2  3 10 12 13 14 16 17 18 20
  15   24  4   40   0  1  2  4  6  9 14 16 17 18 19 20
  15   24  7   40   0  1  2  4  6  9 14 16 17 18 19 20
  15   26 10   40   0  1  2  4  9 11 13 14 15 17 19 21
  15   28 17   40   0  1  2  4  9 11 14 15 18 19 20 21
  15   29  6   40   0  1  2  4  9 12 13 14 15 17 18 21
  15   31 10   40   0  1  2  4  9 12 14 15 17 18 19 21
  15   31 11   40   0  1  2  4  9 12 14 15 17 18 19 21
  15   32  3   40   0  1  2  4 10 11 13 14 16 17 20 21
  15   32 19   40   0  1  2  4 10 11 13 14 16 17 20 21
  15   34  3   40   0  1  2  4 10 13 14 15 16 18 19 20
  15   34 11   40   0  1  2  4 10 13 14 15 16 18 19 20
  15   36 14   40   0  1  3  6  8 10 11 13 15 18 20 21
  15   36 17   40   0  1  3  6  8 10 11 13 15 18 20 21
  15   37 17   40   0  1  3  6  8 10 11 14 16 18 19 20
  15   38 17   40   0  1  3  6  8 10 12 14 16 18 19 21
  15   38 20   40   0  1  3  6  8 10 12 14 16 18 19 21
  15   40  0   40   0  1  5  8  9 11 12 14 15 17 19 21
  15   40 21   40   0  1  5  8  9 11 12 14 15 17 19 21
  16    9  4   40   0  1  2  3  6 10 11 15 18 19 20 21
  16   11 18   40   0  1  2  3  6 10 13 16 17 19 20 21
  16   14 15   40   0  1  2  3 10 11 12 14 16 19 20 21
  16   14 18   40   0  1  2  3 10 11 12 14 16 19 20 21
  16   16  4   40   0  1  2  3 10 11 13 14 16 17 19 20
  16   17  4   40   0  1  2  3 10 11 13 14 16 18 20 21
  16   17 11   40   0  1  2  3 10 11 13 14 16 18 20 21
  16   17 19   40   0  1  2  3 10 11 13 14 16 18 20 21
  16   18 13   40   0  1  2  3 10 11 14 15 18 19 20 21
  16   20  4   40   0  1  2  4  6  8 15 16 17 18 19 20
  16   20  6   40   0  1  2  4  6  8 15 16 17 18 19 20
  16   22 17   40   0  1  2  4  6  9 13 15 17 18 20 21
  16   23 18   40   0  1  2  4  6  9 13 16 17 19 20 21
  16   24  2   40   0  1  2  4  6  9 14 16 17 18 19 20
  16   24 18   40   0  1  2  4  6  9 14 16 17 18 19 20
  16   25 13   40   0  1  2  4  9 10 13 14 15 18 19 21
  16   27 15   40   0  1  2  4  9 11 13 14 16 18 20 21
  16   28 14   40   0  1  2  4  9 11 14 15 18 19 20 21
  16   29  7   40   0  1  2  4  9 12 13 14 15 17 18 21
  16   29 18   40   0  1  2  4  9 12 13 14 15 17 18 21
  16   29 19   40   0  1  2  4  9 12 13 14 15 17 18 21
  16   29 20   40   0  1  2  4  9 12 13 14 15 17 18 21
  16   30 14   40   0  1  2  4  9 12 13 14 16 17 18 20
  16   31  4   40   0  1  2  4  9 12 14 15 17 18 19 21
  16   32 15   40   0  1  2  4 10 11 13 14 16 17 20 21
  16   34  4   40   0  1  2  4 10 13 14 15 16 18 19 20
  16   34  5   40   0  1  2  4 10 13 14 15 16 18 19 20
  16   34 17   40   0  1  2  4 10 13 14 15 16 18 19 20
  16   35  7   40   0  1  3  6  8  9 11 13 17 19 20 21
  16   36 15   40   0  1  3  6  8 10 11 13 15 18 20 21
  16   37  0   40   0  1  3  6  8 10 11 14 16 18 19 20
  16   37  7   40   0  1  3  6  8 10 11 14 16 18 19 20
  16   37 21   40   0  1  3  6  8 10 11 14 16 18 19 20
  16   40  1   40   0  1  5  8  9 11 12 14 15 17 19 21
  16   40  5   40   0  1  5  8  9 11 12 14 15 17 19 21
  16   40 19   40   0  1  5  8  9 11 12 14 15 17 19 21
  17    5  5   40   0  1  2  3  4 11 13 16 18 19 20 21
  17    9  5   40   0  1  2  3  6 10 11 15 18 19 20 21
  17    9 17   40   0  1  2  3  6 10 11 15 18 19 20 21
  17   10  5   40   0  1  2  3  6 10 12 15 17 19 20 21
  17   11  7   40   0  1  2  3  6 10 13 16 17 19 20 21
  17   12  7   40   0  1  2  3  6 10 14 16 17 18 19 20
  17   13  6   40   0  1  2  3  6 11 14 16 17 18 20 21
  17   15 11   40   0  1  2  3 10 11 13 14 15 17 19 21
  17   15 15   40   0  1  2  3 10 11 13 14 15 17 19 21
  17   16 21   40   0  1  2  3 10 11 13 14 16 17 19 20
  17   17 17   40   0  1  2  3 10 11 13 14 16 18 20 21
  17   17 21   40   0  1  2  3 10 11 13 14 16 18 20 21
  17   20  3   40   0  1  2  4  6  8 15 16 17 18 19 20
  17   20  5   40   0  1  2  4  6  8 15 16 17 18 19 20
  17   20  7   40   0  1  2  4  6  8 15 16 17 18 19 20
  17   22  7   40   0  1  2  4  6  9 13 15 17 18 20 21
  17   23  7   40   0  1  2  4  6  9 13 16 17 19 20 21
  17   24  3   40   0  1  2  4  6  9 14 16 17 18 19 20
  17   26  2   40   0  1  2  4  9 11 13 14 15 17 19 21
  17   26  3   40   0  1  2  4  9 11 13 14 15 17 19 21
  17   26 11   40   0  1  2  4  9 11 13 14 15 17 19 21
  17   26 15   40   0  1  2  4  9 11 13 14 15 17 19 21
  17   27  3   40   0  1  2  4  9 11 13 14 16 18 20 21
  17   27 21   40   0  1  2  4  9 11 13 14 16 18 20 21
  17   28  2   40   0  1  2  4  9 11 14 15 18 19 20 21
  17   29  3   40   0  1  2  4  9 12 13 14 15 17 18 21
  17   29 10   40   0  1  2  4  9 12 13 14 15 17 18 21
  17   30  3   40   0  1  2  4  9 12 13 14 16 17 18 20
  17   30  5   40   0  1  2  4  9 12 13 14 16 17 18 20
  17   30  6   40   0  1  2  4  9 12 13 14 16 17 18 20
  17   30 10   40   0  1  2  4  9 12 13 14 16 17 18 20
  17   30 19   40   0  1  2  4  9 12 13 14 16 17 18 20
  17   30 21   40   0  1  2  4  9 12 13 14 16 17 18 20
  17   31  2   40   0  1  2  4  9 12 14 15 17 18 19 21
  17   31 17   40   0  1  2  4  9 12 14 15 17 18 19 21
  17   32  1   40   0  1  2  4 10 11 13 14 16 17 20 21
  17   32 10   40   0  1  2  4 10 11 13 14 16 17 20 21
  17   33  1   40   0  1  2  4 10 11 14 15 17 19 20 21
  17   33 10   40   0  1  2  4 10 11 14 15 17 19 20 21
  17   36  4   40   0  1  3  6  8 10 11 13 15 18 20 21
  17   36  7   40   0  1  3  6  8 10 11 13 15 18 20 21
  17   37  2   40   0  1  3  6  8 10 11 14 16 18 19 20
  17   37 20   40   0  1  3  6  8 10 11 14 16 18 19 20
  17   38  2   40   0  1  3  6  8 10 12 14 16 18 19 21
  17   38  5   40   0  1  3  6  8 10 12 14 16 18 19 21
  17   38 10   40   0  1  3  6  8 10 12 14 16 18 19 21
  17   38 14   40   0  1  3  6  8 10 12 14 16 18 19 21
  18    2  4   40   0  1  2  3  4  6 15 17 18 19 20 21
  18    2  5   40   0  1  2  3  4  6 15 17 18 19 20 21
  18    2 16   40   0  1  2  3  4  6 15 17 18 19 20 21
  18    5  4   40   0  1  2  3  4 11 13 16 18 19 20 21
  18    7  4   40   0  1  2  3  4 12 13 16 17 19 20 21
  18    9  3   40   0  1  2  3  6 10 11 15 18 19 20 21
  18   12 18   40   0  1  2  3  6 10 14 16 17 18 19 20
  18   12 19   40   0  1  2  3  6 10 14 16 17 18 19 20
  18   13 19   40   0  1  2  3  6 11 14 16 17 18 20 21
  18   17  3   40   0  1  2  3 10 11 13 14 16 18 20 21
  18   18 19   40   0  1  2  3 10 11 14 15 18 19 20 21
  18   19 19   40   0  1  2  3 10 12 13 14 16 17 18 20
  18   22  5   40   0  1  2  4  6  9 13 15 17 18 20 21
  18   22 20   40   0  1  2  4  6  9 13 15 17 18 20 21
  18   23  6   40   0  1  2  4  6  9 13 16 17 19 20 21
  18   27  5   40   0  1  2  4  9 11 13 14 16 18 20 21
  18   28 19   40   0  1  2  4  9 11 14 15 18 19 20 21
  18   28 20   40   0  1  2  4  9 11 14 15 18 19 20 21
  18   31 19   40   0  1  2  4  9 12 14 15 17 18 19 21
  18   31 20   40   0  1  2  4  9 12 14 15 17 18 19 21
  18   32 14   40   0  1  2  4 10 11 13 14 16 17 20 21
  18   33  2   40   0  1  2  4 10 11 14 15 17 19 20 21
  18   34 10   40   0  1  2  4 10 13 14 15 16 18 19 20
  18   34 14   40   0  1  2  4 10 13 14 15 16 18 19 20
  18   37  3   40   0  1  3  6  8 10 11 14 16 18 19 20
  18   37 14   40   0  1  3  6  8 10 11 14 16 18 19 20
  18   38  0   40   0  1  3  6  8 10 12 14 16 18 19 21
  18   38  1   40   0  1  3  6  8 10 12 14 16 18 19 21
  18   38  8   40   0  1  3  6  8 10 12 14 16 18 19 21
  18   38 12   40   0  1  3  6  8 10 12 14 16 18 19 21
  18   38 18   40   0  1  3  6  8 10 12 14 16 18 19 21
  18   38 21   40   0  1  3  6  8 10 12 14 16 18 19 21
  18   39  0   40   0  1  3  6  8 10 12 14 17 18 20 21
  18   39  1   40   0  1  3  6  8 10 12 14 17 18 20 21
  18   39  3   40   0  1  3  6  8 10 12 14 17 18 20 21
  18   39  6   40   0  1  3  6  8 10 12 14 17 18 20 21
  18   39 10   40   0  1  3  6  8 10 12 14 17 18 20 21
  18   39 14   40   0  1  3  6  8 10 12 14 17 18 20 21
  18   39 17   40   0  1  3  6  8 10 12 14 17 18 20 21
  18   39 18   40   0  1  3  6  8 10 12 14 17 18 20 21
  18   39 20   40   0  1  3  6  8 10 12 14 17 18 20 21
  18   39 21   40   0  1  3  6  8 10 12 14 17 18 20 21
  18   40  8   40   0  1  5  8  9 11 12 14 15 17 19 21
  18   40 11   40   0  1  5  8  9 11 12 14 15 17 19 21
  18   40 12   40   0  1  5  8  9 11 12 14 15 17 19 21
  18   40 14   40   0  1  5  8  9 11 12 14 15 17 19 21
  18   40 17   40   0  1  5  8  9 11 12 14 15 17 19 21
  19    5 12   40   0  1  2  3  4 11 13 16 18 19 20 21
  19    5 17   40   0  1  2  3  4 11 13 16 18 19 20 21
  19    9 16   40   0  1  2  3  6 10 11 15 18 19 20 21
  19   12  3   40   0  1  2  3  6 10 14 16 17 18 19 20
  19   17 13   40   0  1  2  3 10 11 13 14 16 18 20 21
  19   18 20   40   0  1  2  3 10 11 14 15 18 19 20 21
  19   19 21   40   0  1  2  3 10 12 13 14 16 17 18 20
  19   25 10   40   0  1  2  4  9 10 13 14 15 18 19 21
  19   25 14   40   0  1  2  4  9 10 13 14 15 18 19 21
  19   27  4   40   0  1  2  4  9 11 13 14 16 18 20 21
  19   28  4   40   0  1  2  4  9 11 14 15 18 19 20 21
  19   31  1   40   0  1  2  4  9 12 14 15 17 18 19 21
  19   32 17   40   0  1  2  4 10 11 13 14 16 17 20 21
  19   33 14   40   0  1  2  4 10 11 14 15 17 19 20 21
  19   33 15   40   0  1  2  4 10 11 14 15 17 19 20 21
  19   33 19   40   0  1  2  4 10 11 14 15 17 19 20 21
  19   37 10   40   0  1  3  6  8 10 11 14 16 18 19 20
  20    4  4   40   0  1  2  3  4 11 12 15 18 19 20 21
  20    7 20   40   0  1  2  3  4 12 13 16 17 19 20 21
  20    9 18   40   0  1  2  3  6 10 11 15 18 19 20 21
  20   10 17   40   0  1  2  3  6 10 12 15 17 19 20 21
  20   18 11   40   0  1  2  3 10 11 14 15 18 19 20 21
  20   18 15   40   0  1  2  3 10 11 14 15 18 19 20 21
  20   23 20   40   0  1  2  4  6  9 13 16 17 19 20 21
  20   26 19   40   0  1  2  4  9 11 13 14 15 17 19 21
  20   28 11   40   0  1  2  4  9 11 14 15 18 19 20 21
  20   28 15   40   0  1  2  4  9 11 14 15 18 19 20 21
  20   32  5   40   0  1  2  4 10 11 13 14 16 17 20 21
  20   33 11   40   0  1  2  4 10 11 14 15 17 19 20 21
  20   33 17   40   0  1  2  4 10 11 14 15 17 19 20 21
  20   40  9   40   0  1  5  8  9 11 12 14 15 17 19 21
  20   40 15   40   0  1  5  8  9 11 12 14 15 17 19 21
  22    2 17   40   0  1  2  3  4  6 15 17 18 19 20 21
  23   23 13   40   0  1  2  4  6  9 13 16 17 19 20 21
  58   12  6   40   0  1  2  3  6 10 14 16 17 18 19 20
  58   16  9   40   0  1  2  3 10 11 13 14 16 17 19 20
  59   16 18   40   0  1  2  3 10 11 13 14 16 17 19 20
  60   11  6   40   0  1  2  3  6 10 13 16 17 19 20 21
  60   11 20   40   0  1  2  3  6 10 13 16 17 19 20 21
  60   21  2   40   0  1  2  4  6  9 12 15 17 19 20 21
  60   25  3   40   0  1  2  4  9 10 13 14 15 18 19 21
  60   26  7   40   0  1  2  4  9 11 13 14 15 17 19 21
  61    6  1   40   0  1  2  3  4 12 13 15 17 18 20 21
  61   24 13   40   0  1  2  4  6  9 14 16 17 18 19 20
  61   28  0   40   0  1  2  4  9 11 14 15 18 19 20 21
  61   34  0   40   0  1  2  4 10 13 14 15 16 18 19 20
  61   35  1   40   0  1  3  6  8  9 11 13 17 19 20 21
  61   35  6   40   0  1  3  6  8  9 11 13 17 19 20 21
  62    4  1   40   0  1  2  3  4 11 12 15 18 19 20 21
  62    9 10   40   0  1  2  3  6 10 11 15 18 19 20 21
  62   13 10   40   0  1  2  3  6 11 14 16 17 18 20 21
  62   14 10   40   0  1  2  3 10 11 12 14 16 19 20 21
  62   15 18   40   0  1  2  3 10 11 13 14 15 17 19 21
  62   15 20   40   0  1  2  3 10 11 13 14 15 17 19 21
  62   24 10   40   0  1  2  4  6  9 14 16 17 18 19 20
  62   25 18   40   0  1  2  4  9 10 13 14 15 18 19 21
  62   33  0   40   0  1  2  4 10 11 14 15 17 19 20 21
  62   35  3   40   0  1  3  6  8  9 11 13 17 19 20 21
  62   36  3   40   0  1  3  6  8 10 11 13 15 18 20 21
  63    9 11   40   0  1  2  3  6 10 11 15 18 19 20 21
  63   10 10   40   0  1  2  3  6 10 12 15 17 19 20 21
  63   12 14   40   0  1  2  3  6 10 14 16 17 18 19 20
  63   12 20   40   0  1  2  3  6 10 14 16 17 18 19 20
  63   17 18   40   0  1  2  3 10 11 13 14 16 18 20 21
  63   21 19   40   0  1  2  4  6  9 12 15 17 19 20 21
  63   22  3   40   0  1  2  4  6  9 13 15 17 18 20 21
  63   30  9   40   0  1  2  4  9 12 13 14 16 17 18 20
  63   35 19   40   0  1  3  6  8  9 11 13 17 19 20 21
  64    6 20   40   0  1  2  3  4 12 13 15 17 18 20 21
  64   13  7   40   0  1  2  3  6 11 14 16 17 18 20 21
  64   23  9   40   0  1  2  4  6  9 13 16 17 19 20 21
  64   24  9   40   0  1  2  4  6  9 14 16 17 18 19 20
  64   24 14   40   0  1  2  4  6  9 14 16 17 18 19 20
  64   30 20   40   0  1  2  4  9 12 13 14 16 17 18 20
  64   35 10   40   0  1  3  6  8  9 11 13 17 19 20 21
  66    1 11   40   0  1  2  3  4  5 16 17 18 19 20 21
  66    1 12   40   0  1  2  3  4  5 16 17 18 19 20 21
  66    1 13   40   0  1  2  3  4  5 16 17 18 19 20 21
  66    1 14   40   0  1  2  3  4  5 16 17 18 19 20 21
  66   19  9   40   0  1  2  3 10 12 13 14 16 17 18 20
  67    4 12   40   0  1  2  3  4 11 12 15 18 19 20 21
  68   18  6   40   0  1  2  3 10 11 14 15 18 19 20 21
  69    6 15   40   0  1  2  3  4 12 13 15 17 18 20 21
  69    7  8   40   0  1  2  3  4 12 13 16 17 19 20 21
  69   10  8   40   0  1  2  3  6 10 12 15 17 19 20 21
  69   10 16   40   0  1  2  3  6 10 12 15 17 19 20 21
  69   15 13   40   0  1  2  3 10 11 13 14 15 17 19 21
  69   16 10   40   0  1  2  3 10 11 13 14 16 17 19 20
  69   17 10   40   0  1  2  3 10 11 13 14 16 18 20 21
  69   19  4   40   0  1  2  3 10 12 13 14 16 17 18 20
  69   19  7   40   0  1  2  3 10 12 13 14 16 17 18 20
  69   21  5   40   0  1  2  4  6  9 12 15 17 19 20 21
  69   21  8   40   0  1  2  4  6  9 12 15 17 19 20 21
  69   21 12   40   0  1  2  4  6  9 12 15 17 19 20 21
  69   21 16   40   0  1  2  4  6  9 12 15 17 19 20 21
  69   22 13   40   0  1  2  4  6  9 13 15 17 18 20 21
  69   22 16   40   0  1  2  4  6  9 13 15 17 18 20 21
  69   23 16   40   0  1  2  4  6  9 13 16 17 19 20 21
  69   24 16   40   0  1  2  4  6  9 14 16 17 18 19 20
  69   25  1   40   0  1  2  4  9 10 13 14 15 18 19 21
  69   25  7   40   0  1  2  4  9 10 13 14 15 18 19 21
  69   30  1   40   0  1  2  4  9 12 13 14 16 17 18 20
  69   34 20   40   0  1  2  4 10 13 14 15 16 18 19 20
  69   36  1   40   0  1  3  6  8 10 11 13 15 18 20 21
  70    6 12   40   0  1  2  3  4 12 13 15 17 18 20 21
  70    6 16   40   0  1  2  3  4 12 13 15 17 18 20 21
  70    8  4   40   0  1  2  3  4 12 14 15 17 18 19 21
  70    8 15   40   0  1  2  3  4 12 14 15 17 18 19 21
  70   10  3   40   0  1  2  3  6 10 12 15 17 19 20 21
  70   10  4   40   0  1  2  3  6 10 12 15 17 19 20 21
  70   10 12   40   0  1  2  3  6 10 12 15 17 19 20 21
  70   10 18   40   0  1  2  3  6 10 12 15 17 19 20 21
  70   13 11   40   0  1  2  3  6 11 14 16 17 18 20 21
  70   13 14   40   0  1  2  3  6 11 14 16 17 18 20 21
  70   16 14   40   0  1  2  3 10 11 13 14 16 17 19 20
  70   17 14   40   0  1  2  3 10 11 13 14 16 18 20 21
  70   18  9   40   0  1  2  3 10 11 14 15 18 19 20 21
  70   21 13   40   0  1  2  4  6  9 12 15 17 19 20 21
  70   22  8   40   0  1  2  4  6  9 13 15 17 18 20 21
  70   22 14   40   0  1  2  4  6  9 13 15 17 18 20 21
  70   25 11   40   0  1  2  4  9 10 13 14 15 18 19 21
  70   26 17   40   0  1  2  4  9 11 13 14 15 17 19 21
  70   28  7   40   0  1  2  4  9 11 14 15 18 19 20 21
  70   29  8   40   0  1  2  4  9 12 13 14 15 17 18 21
  70   34  7   40   0  1  2  4 10 13 14 15 16 18 19 20
  70   34 19   40   0  1  2  4 10 13 14 15 16 18 19 20
  70   35 21   40   0  1  3  6  8  9 11 13 17 19 20 21
  70   36 20   40   0  1  3  6  8 10 11 13 15 18 20 21
  71    4  5   40   0  1  2  3  4 11 12 15 18 19 20 21
  71    6 17   40   0  1  2  3  4 12 13 15 17 18 20 21
  71    7 12   40   0  1  2  3  4 12 13 16 17 19 20 21
  71    7 17   40   0  1  2  3  4 12 13 16 17 19 20 21
  71    8  1   40   0  1  2  3  4 12 14 15 17 18 19 21
  71    8 12   40   0  1  2  3  4 12 14 15 17 18 19 21
  71    8 17   40   0  1  2  3  4 12 14 15 17 18 19 21
  71   13 18   40   0  1  2  3  6 11 14 16 17 18 20 21
  71   13 20   40   0  1  2  3  6 11 14 16 17 18 20 21
  71   15 17   40   0  1  2  3 10 11 13 14 15 17 19 21
  71   16 17   40   0  1  2  3 10 11 13 14 16 17 19 20
  71   18 10   40   0  1  2  3 10 11 14 15 18 19 20 21
  71   18 14   40   0  1  2  3 10 11 14 15 18 19 20 21
  71   19 10   40   0  1  2  3 10 12 13 14 16 17 18 20
  71   19 14   40   0  1  2  3 10 12 13 14 16 17 18 20
  71   21  9   40   0  1  2  4  6  9 12 15 17 19 20 21
  71   21 18   40   0  1  2  4  6  9 12 15 17 19 20 21
  71   22  9   40   0  1  2  4  6  9 13 15 17 18 20 21
  71   22 18   40   0  1  2  4  6  9 13 15 17 18 20 21
  71   23  3   40   0  1  2  4  6  9 13 16 17 19 20 21
  71   23 10   40   0  1  2  4  6  9 13 16 17 19 20 21
  71   34 18   40   0  1  2  4 10 13 14 15 16 18 19 20
  71   35 13   40   0  1  3  6  8  9 11 13 17 19 20 21
  71   36 18   40   0  1  3  6  8 10 11 13 15 18 20 21
  74    3 10   40   0  1  2  3  4  7 16 17 18 19 20 21
  74    3 13   40   0  1  2  3  4  7 16 17 18 19 20 21
  74   20 10   40   0  1  2  4  6  8 15 16 17 18 19 20
  74   20 12   40   0  1  2  4  6  8 15 16 17 18 19 20
  74   32  7   40   0  1  2  4 10 11 13 14 16 17 20 21
  75    1 15   40   0  1  2  3  4  5 16 17 18 19 20 21
  75    5 20   40   0  1  2  3  4 11 13 16 18 19 20 21
  75    8  8   40   0  1  2  3  4 12 14 15 17 18 19 21
  75    8 10   40   0  1  2  3  4 12 14 15 17 18 19 21
  75    8 18   40   0  1  2  3  4 12 14 15 17 18 19 21
  75    9 19   40   0  1  2  3  6 10 11 15 18 19 20 21
  75   11  9   40   0  1  2  3  6 10 13 16 17 19 20 21
  75   15  2   40   0  1  2  3 10 11 13 14 15 17 19 21
  75   15  6   40   0  1  2  3 10 11 13 14 15 17 19 21
  75   16  2   40   0  1  2  3 10 11 13 14 16 17 19 20
  75   19 17   40   0  1  2  3 10 12 13 14 16 17 18 20
  75   20  0   40   0  1  2  4  6  8 15 16 17 18 19 20
  75   20  2   40   0  1  2  4  6  8 15 16 17 18 19 20
  75   20  9   40   0  1  2  4  6  8 15 16 17 18 19 20
  75   20 11   40   0  1  2  4  6  8 15 16 17 18 19 20
  75   20 13   40   0  1  2  4  6  8 15 16 17 18 19 20
  75   20 14   40   0  1  2  4  6  8 15 16 17 18 19 20
  75   31  0   40   0  1  2  4  9 12 14 15 17 18 19 21
  75   32  8   40   0  1  2  4 10 11 13 14 16 17 20 21
  75   33  6   40   0  1  2  4 10 11 14 15 17 19 20 21
  75   33  7   40   0  1  2  4 10 11 14 15 17 19 20 21
  75   33  8   40   0  1  2  4 10 11 14 15 17 19 20 21
  76    2  2   40   0  1  2  3  4  6 15 17 18 19 20 21
  76    2 19   40   0  1  2  3  4  6 15 17 18 19 20 21
  76    3  4   40   0  1  2  3  4  7 16 17 18 19 20 21
  76    3  6   40   0  1  2  3  4  7 16 17 18 19 20 21
  76    3  7   40   0  1  2  3  4  7 16 17 18 19 20 21
  76    4  8   40   0  1  2  3  4 11 12 15 18 19 20 21
  76    5  2   40   0  1  2  3  4 11 13 16 18 19 20 21
  76    5  3   40   0  1  2  3  4 11 13 16 18 19 20 21
  76    5  6   40   0  1  2  3  4 11 13 16 18 19 20 21
  76    5 10   40   0  1  2  3  4 11 13 16 18 19 20 21
  76    6  0   40   0  1  2  3  4 12 13 15 17 18 20 21
  76    6  2   40   0  1  2  3  4 12 13 15 17 18 20 21
  76    6  6   40   0  1  2  3  4 12 13 15 17 18 20 21
  76    6  8   40   0  1  2  3  4 12 13 15 17 18 20 21
  76    7  0   40   0  1  2  3  4 12 13 16 17 19 20 21
  76    7  2   40   0  1  2  3  4 12 13 16 17 19 20 21
  76    7  3   40   0  1  2  3  4 12 13 16 17 19 20 21
  76    7  6   40   0  1  2  3  4 12 13 16 17 19 20 21
  76    8  0   40   0  1  2  3  4 12 14 15 17 18 19 21
  76    8  5   40   0  1  2  3  4 12 14 15 17 18 19 21
  76    8  6   40   0  1  2  3  4 12 14 15 17 18 19 21
  76    8 20   40   0  1  2  3  4 12 14 15 17 18 19 21
  76    9  2   40   0  1  2  3  6 10 11 15 18 19 20 21
  76    9  6   40   0  1  2  3  6 10 11 15 18 19 20 21
  76    9  9   40   0  1  2  3  6 10 11 15 18 19 20 21
  76   10  0   40   0  1  2  3  6 10 12 15 17 19 20 21
  76   10  9   40   0  1  2  3  6 10 12 15 17 19 20 21
  76   10 20   40   0  1  2  3  6 10 12 15 17 19 20 21
  76   11  4   40   0  1  2  3  6 10 13 16 17 19 20 21
  76   11 11   40   0  1  2  3  6 10 13 16 17 19 20 21
  76   12  0   40   0  1  2  3  6 10 14 16 17 18 19 20
  76   12  9   40   0  1  2  3  6 10 14 16 17 18 19 20
  76   12 17   40   0  1  2  3  6 10 14 16 17 18 19 20
  76   14  2   40   0  1  2  3 10 11 12 14 16 19 20 21
  76   14  6   40   0  1  2  3 10 11 12 14 16 19 20 21
  76   14  9   40   0  1  2  3 10 11 12 14 16 19 20 21
  76   14 21   40   0  1  2  3 10 11 12 14 16 19 20 21
  76   15  3   40   0  1  2  3 10 11 13 14 15 17 19 21
  76   15  9   40   0  1  2  3 10 11 13 14 15 17 19 21
  76   16  6   40   0  1  2  3 10 11 13 14 16 17 19 20
  76   16 13   40   0  1  2  3 10 11 13 14 16 17 19 20
  76   16 20   40   0  1  2  3 10 11 13 14 16 17 19 20
  76   17  2   40   0  1  2  3 10 11 13 14 16 18 20 21
  76   17  6   40   0  1  2  3 10 11 13 14 16 18 20 21
  76   18  2   40   0  1  2  3 10 11 14 15 18 19 20 21
  76   19  0   40   0  1  2  3 10 12 13 14 16 17 18 20
  76   19  2   40   0  1  2  3 10 12 13 14 16 17 18 20
  76   19 13   40   0  1  2  3 10 12 13 14 16 17 18 20
  76   20 16   40   0  1  2  4  6  8 15 16 17 18 19 20
  76   20 18   40   0  1  2  4  6  8 15 16 17 18 19 20
  76   20 21   40   0  1  2  4  6  8 15 16 17 18 19 20
  76   21  0   40   0  1  2  4  6  9 12 15 17 19 20 21
  76   21  1   40   0  1  2  4  6  9 12 15 17 19 20 21
  76   21 20   40   0  1  2  4  6  9 12 15 17 19 20 21
  76   22  0   40   0  1  2  4  6  9 13 15 17 18 20 21
  76   22  2   40   0  1  2  4  6  9 13 15 17 18 20 21
  76   22  4   40   0  1  2  4  6  9 13 15 17 18 20 21
  76   22 21   40   0  1  2  4  6  9 13 15 17 18 20 21
  76   24  0   40   0  1  2  4  6  9 14 16 17 18 19 20
  76   25  2   40   0  1  2  4  9 10 13 14 15 18 19 21
  76   25 19   40   0  1  2  4  9 10 13 14 15 18 19 21
  76   25 20   40   0  1  2  4  9 10 13 14 15 18 19 21
  76   26  0   40   0  1  2  4  9 11 13 14 15 17 19 21
  76   26  1   40   0  1  2  4  9 11 13 14 15 17 19 21
  76   26 20   40   0  1  2  4  9 11 13 14 15 17 19 21
  76   27  0   40   0  1  2  4  9 11 13 14 16 18 20 21
  76   28  6   40   0  1  2  4  9 11 14 15 18 19 20 21
  76   28 21   40   0  1  2  4  9 11 14 15 18 19 20 21
  76   29  0   40   0  1  2  4  9 12 13 14 15 17 18 21
  76   29  1   40   0  1  2  4  9 12 13 14 15 17 18 21
  76   30  0   40   0  1  2  4  9 12 13 14 16 17 18 20
  76   30 13   40   0  1  2  4  9 12 13 14 16 17 18 20
  76   30 17   40   0  1  2  4  9 12 13 14 16 17 18 20
  76   31 21   40   0  1  2  4  9 12 14 15 17 18 19 21
  76   32  6   40   0  1  2  4 10 11 13 14 16 17 20 21
  76   32 12   40   0  1  2  4 10 11 13 14 16 17 20 21
  76   32 21   40   0  1  2  4 10 11 13 14 16 17 20 21
  76   33  4   40   0  1  2  4 10 11 14 15 17 19 20 21
  76   33 12   40   0  1  2  4 10 11 14 15 17 19 20 21
  76   33 18   40   0  1  2  4 10 11 14 15 17 19 20 21
  76   33 21   40   0  1  2  4 10 11 14 15 17 19 20 21
  76   34  2   40   0  1  2  4 10 13 14 15 16 18 19 20
  76   34  8   40   0  1  2  4 10 13 14 15 16 18 19 20
  76   34 21   40   0  1  2  4 10 13 14 15 16 18 19 20
  76   35  0   40   0  1  3  6  8  9 11 13 17 19 20 21
  76   35 17   40   0  1  3  6  8  9 11 13 17 19 20 21
  77    1  1   40   0  1  2  3  4  5 16 17 18 19 20 21
  77    1  2   40   0  1  2  3  4  5 16 17 18 19 20 21
  77    1  3   40   0  1  2  3  4  5 16 17 18 19 20 21
  77    1  4   40   0  1  2  3  4  5 16 17 18 19 20 21
  77    1 16   40   0  1  2  3  4  5 16 17 18 19 20 21
  77    1 17   40   0  1  2  3  4  5 16 17 18 19 20 21
  77    1 18   40   0  1  2  3  4  5 16 17 18 19 20 21
  77    1 19   40   0  1  2  3  4  5 16 17 18 19 20 21
  77    2  1   40   0  1  2  3  4  6 15 17 18 19 20 21
  77    2  3   40   0  1  2  3  4  6 15 17 18 19 20 21
  77    2  6   40   0  1  2  3  4  6 15 17 18 19 20 21
  77    2  7   40   0  1  2  3  4  6 15 17 18 19 20 21
  77    2  8   40   0  1  2  3  4  6 15 17 18 19 20 21
  77    2  9   40   0  1  2  3  4  6 15 17 18 19 20 21
  77    2 10   40   0  1  2  3  4  6 15 17 18 19 20 21
  77    2 11   40   0  1  2  3  4  6 15 17 18 19 20 21
  77    2 13   40   0  1  2  3  4  6 15 17 18 19 20 21
  77    2 14   40   0  1  2  3  4  6 15 17 18 19 20 21
  77    2 21   40   0  1  2  3  4  6 15 17 18 19 20 21
  77    3 11   40   0  1  2  3  4  7 16 17 18 19 20 21
  77    3 12   40   0  1  2  3  4  7 16 17 18 19 20 21
  77    3 14   40   0  1  2  3  4  7 16 17 18 19 20 21
  77    3 16   40   0  1  2  3  4  7 16 17 18 19 20 21
  77    3 17   40   0  1  2  3  4  7 16 17 18 19 20 21
  77    3 19   40   0  1  2  3  4  7 16 17 18 19 20 21
  77    3 20   40   0  1  2  3  4  7 16 17 18 19 20 21
  77    4  2   40   0  1  2  3  4 11 12 15 18 19 20 21
  77    4  3   40   0  1  2  3  4 11 12 15 18 19 20 21
  77    4  6   40   0  1  2  3  4 11 12 15 18 19 20 21
  77    4  7   40   0  1  2  3  4 11 12 15 18 19 20 21
  77    4  9   40   0  1  2  3  4 11 12 15 18 19 20 21
  77    4 10   40   0  1  2  3  4 11 12 15 18 19 20 21
  77    4 11   40   0  1  2  3  4 11 12 15 18 19 20 21
  77    4 15   40   0  1  2  3  4 11 12 15 18 19 20 21
  77    4 19   40   0  1  2  3  4 11 12 15 18 19 20 21
  77    4 21   40   0  1  2  3  4 11 12 15 18 19 20 21
  77    5  7   40   0  1  2  3  4 11 13 16 18 19 20 21
  77    5  8   40   0  1  2  3  4 11 13 16 18 19 20 21
  77    5  9   40   0  1  2  3  4 11 13 16 18 19 20 21
  77    5 18   40   0  1  2  3  4 11 13 16 18 19 20 21
  77    5 21   40   0  1  2  3  4 11 13 16 18 19 20 21
  77    6  3   40   0  1  2  3  4 12 13 15 17 18 20 21
  77    6  7   40   0  1  2  3  4 12 13 15 17 18 20 21
  77    6  9   40   0  1  2  3  4 12 13 15 17 18 20 21
  77    6 10   40   0  1  2  3  4 12 13 15 17 18 20 21
  77    6 14   40   0  1  2  3  4 12 13 15 17 18 20 21
  77    6 19   40   0  1  2  3  4 12 13 15 17 18 20 21
  77    6 21   40   0  1  2  3  4 12 13 15 17 18 20 21
  77    7  7   40   0  1  2  3  4 12 13 16 17 19 20 21
  77    7  9   40   0  1  2  3  4 12 13 16 17 19 20 21
  77    7 10   40   0  1  2  3  4 12 13 16 17 19 20 21
  77    7 11   40   0  1  2  3  4 12 13 16 17 19 20 21
  77    7 15   40   0  1  2  3  4 12 13 16 17 19 20 21
  77    7 16   40   0  1  2  3  4 12 13 16 17 19 20 21
  77    7 18   40   0  1  2  3  4 12 13 16 17 19 20 21
  77    7 21   40   0  1  2  3  4 12 13 16 17 19 20 21
  77    8  2   40   0  1  2  3  4 12 14 15 17 18 19 21
  77    8  3   40   0  1  2  3  4 12 14 15 17 18 19 21
  77    8  7   40   0  1  2  3  4 12 14 15 17 18 19 21
  77    8  9   40   0  1  2  3  4 12 14 15 17 18 19 21
  77    8 13   40   0  1  2  3  4 12 14 15 17 18 19 21
  77    8 14   40   0  1  2  3  4 12 14 15 17 18 19 21
  77    8 16   40   0  1  2  3  4 12 14 15 17 18 19 21
  77    8 19   40   0  1  2  3  4 12 14 15 17 18 19 21
  77    8 21   40   0  1  2  3  4 12 14 15 17 18 19 21
  77    9  0   40   0  1  2  3  6 10 11 15 18 19 20 21
  77    9  1   40   0  1  2  3  6 10 11 15 18 19 20 21
  77    9  8   40   0  1  2  3  6 10 11 15 18 19 20 21
  77    9 12   40   0  1  2  3  6 10 11 15 18 19 20 21
  77    9 13   40   0  1  2  3  6 10 11 15 18 19 20 21
  77    9 20   40   0  1  2  3  6 10 11 15 18 19 20 21
  77    9 21   40   0  1  2  3  6 10 11 15 18 19 20 21
  77   10  2   40   0  1  2  3  6 10 12 15 17 19 20 21
  77   10 11   40   0  1  2  3  6 10 12 15 17 19 20 21
  77   10 13   40   0  1  2  3  6 10 12 15 17 19 20 21
  77   10 14   40   0  1  2  3  6 10 12 15 17 19 20 21
  77   10 21   40   0  1  2  3  6 10 12 15 17 19 20 21
  77   11  2   40   0  1  2  3  6 10 13 16 17 19 20 21
  77   11  8   40   0  1  2  3  6 10 13 16 17 19 20 21
  77   11 12   40   0  1  2  3  6 10 13 16 17 19 20 21
  77   11 13   40   0  1  2  3  6 10 13 16 17 19 20 21
  77   11 17   40   0  1  2  3  6 10 13 16 17 19 20 21
  77   11 19   40   0  1  2  3  6 10 13 16 17 19 20 21
  77   11 21   40   0  1  2  3  6 10 13 16 17 19 20 21
  77   12  1   40   0  1  2  3  6 10 14 16 17 18 19 20
  77   12  2   40   0  1  2  3  6 10 14 16 17 18 19 20
  77   12  8   40   0  1  2  3  6 10 14 16 17 18 19 20
  77   12 12   40   0  1  2  3  6 10 14 16 17 18 19 20
  77   12 13   40   0  1  2  3  6 10 14 16 17 18 19 20
  77   12 16   40   0  1  2  3  6 10 14 16 17 18 19 20
  77   12 21   40   0  1  2  3  6 10 14 16 17 18 19 20
  77   13  1   40   0  1  2  3  6 11 14 16 17 18 20 21
  77   13  2   40   0  1  2  3  6 11 14 16 17 18 20 21
  77   13  4   40   0  1  2  3  6 11 14 16 17 18 20 21
  77   13  8   40   0  1  2  3  6 11 14 16 17 18 20 21
  77   13  9   40   0  1  2  3  6 11 14 16 17 18 20 21
  77   13 12   40   0  1  2  3  6 11 14 16 17 18 20 21
  77   13 13   40   0  1  2  3  6 11 14 16 17 18 20 21
  77   13 16   40   0  1  2  3  6 11 14 16 17 18 20 21
  77   14  0   40   0  1  2  3 10 11 12 14 16 19 20 21
  77   14  7   40   0  1  2  3 10 11 12 14 16 19 20 21
  77   14  8   40   0  1  2  3 10 11 12 14 16 19 20 21
  77   14 19   40   0  1  2  3 10 11 12 14 16 19 20 21
  77   14 20   40   0  1  2  3 10 11 12 14 16 19 20 21
  77   15  0   40   0  1  2  3 10 11 13 14 15 17 19 21
  77   15  1   40   0  1  2  3 10 11 13 14 15 17 19 21
  77   15  5   40   0  1  2  3 10 11 13 14 15 17 19 21
  77   15  8   40   0  1  2  3 10 11 13 14 15 17 19 21
  77   15 10   40   0  1  2  3 10 11 13 14 15 17 19 21
  77   15 12   40   0  1  2  3 10 11 13 14 15 17 19 21
  77   15 14   40   0  1  2  3 10 11 13 14 15 17 19 21
  77   15 16   40   0  1  2  3 10 11 13 14 15 17 19 21
  77   15 19   40   0  1  2  3 10 11 13 14 15 17 19 21
  77   15 21   40   0  1  2  3 10 11 13 14 15 17 19 21
  77   16  0   40   0  1  2  3 10 11 13 14 16 17 19 20
  77   16  1   40   0  1  2  3 10 11 13 14 16 17 19 20
  77   16  3   40   0  1  2  3 10 11 13 14 16 17 19 20
  77   16  5   40   0  1  2  3 10 11 13 14 16 17 19 20
  77   16  7   40   0  1  2  3 10 11 13 14 16 17 19 20
  77   16 15   40   0  1  2  3 10 11 13 14 16 17 19 20
  77   16 19   40   0  1  2  3 10 11 13 14 16 17 19 20
  77   17  0   40   0  1  2  3 10 11 13 14 16 18 20 21
  77   17  8   40   0  1  2  3 10 11 13 14 16 18 20 21
  77   17  9   40   0  1  2  3 10 11 13 14 16 18 20 21
  77   17 20   40   0  1  2  3 10 11 13 14 16 18 20 21
  77   18  0   40   0  1  2  3 10 11 14 15 18 19 20 21
  77   18  5   40   0  1  2  3 10 11 14 15 18 19 20 21
  77   18  8   40   0  1  2  3 10 11 14 15 18 19 20 21
  77   18 21   40   0  1  2  3 10 11 14 15 18 19 20 21
  77   19  1   40   0  1  2  3 10 12 13 14 16 17 18 20
  77   19  3   40   0  1  2  3 10 12 13 14 16 17 18 20
  77   19  5   40   0  1  2  3 10 12 13 14 16 17 18 20
  77   19  8   40   0  1  2  3 10 12 13 14 16 17 18 20
  77   19 11   40   0  1  2  3 10 12 13 14 16 17 18 20
  77   19 15   40   0  1  2  3 10 12 13 14 16 17 18 20
  77   20  1   40   0  1  2  4  6  8 15 16 17 18 19 20
  77   20 20   40   0  1  2  4  6  8 15 16 17 18 19 20
  77   21  4   40   0  1  2  4  6  9 12 15 17 19 20 21
  77   21 21   40   0  1  2  4  6  9 12 15 17 19 20 21
  77   22  1   40   0  1  2  4  6  9 13 15 17 18 20 21
  77   22 11   40   0  1  2  4  6  9 13 15 17 18 20 21
  77   22 12   40   0  1  2  4  6  9 13 15 17 18 20 21
  77   23  0   40   0  1  2  4  6  9 13 16 17 19 20 21
  77   23  1   40   0  1  2  4  6  9 13 16 17 19 20 21
  77   23  8   40   0  1  2  4  6  9 13 16 17 19 20 21
  77   23 11   40   0  1  2  4  6  9 13 16 17 19 20 21
  77   23 12   40   0  1  2  4  6  9 13 16 17 19 20 21
  77   23 19   40   0  1  2  4  6  9 13 16 17 19 20 21
  77   23 21   40   0  1  2  4  6  9 13 16 17 19 20 21
  77   24  1   40   0  1  2  4  6  9 14 16 17 18 19 20
  77   24  8   40   0  1  2  4  6  9 14 16 17 18 19 20
  77   24 11   40   0  1  2  4  6  9 14 16 17 18 19 20
  77   24 12   40   0  1  2  4  6  9 14 16 17 18 19 20
  77   24 20   40   0  1  2  4  6  9 14 16 17 18 19 20
  77   24 21   40   0  1  2  4  6  9 14 16 17 18 19 20
  77   25  0   40   0  1  2  4  9 10 13 14 15 18 19 21
  77   25  6   40   0  1  2  4  9 10 13 14 15 18 19 21
  77   26  6   40   0  1  2  4  9 11 13 14 15 17 19 21
  77   26 21   40   0  1  2  4  9 11 13 14 15 17 19 21
  77   27  6   40   0  1  2  4  9 11 13 14 16 18 20 21
  77   27  8   40   0  1  2  4  9 11 13 14 16 18 20 21
  77   28 18   40   0  1  2  4  9 11 14 15 18 19 20 21
  77   29 17   40   0  1  2  4  9 12 13 14 15 17 18 21
  77   29 21   40   0  1  2  4  9 12 13 14 15 17 18 21
  77   30  8   40   0  1  2  4  9 12 13 14 16 17 18 20
  77   30 11   40   0  1  2  4  9 12 13 14 16 17 18 20
  77   30 15   40   0  1  2  4  9 12 13 14 16 17 18 20
  77   31  6   40   0  1  2  4  9 12 14 15 17 18 19 21
  77   32  0   40   0  1  2  4 10 11 13 14 16 17 20 21
  77   32  4   40   0  1  2  4 10 11 13 14 16 17 20 21
  77   32 18   40   0  1  2  4 10 11 13 14 16 17 20 21
  77   33  9   40   0  1  2  4 10 11 14 15 17 19 20 21
  77   34  6   40   0  1  2  4 10 13 14 15 16 18 19 20
  77   34  9   40   0  1  2  4 10 13 14 15 16 18 19 20
  77   35  4   40   0  1  3  6  8  9 11 13 17 19 20 21
  77   35  9   40   0  1  3  6  8  9 11 13 17 19 20 21
  77   35 14   40   0  1  3  6  8  9 11 13 17 19 20 21
  77   35 15   40   0  1  3  6  8  9 11 13 17 19 20 21
  77   35 20   40   0  1  3  6  8  9 11 13 17 19 20 21
  77   36  0   40   0  1  3  6  8 10 11 13 15 18 20 21
  77   36 21   40   0  1  3  6  8 10 11 13 15 18 20 21
  78    1  5   40   0  1  2  3  4  5 16 17 18 19 20 21
  78    1  6   40   0  1  2  3  4  5 16 17 18 19 20 21
  78    1  7   40   0  1  2  3  4  5 16 17 18 19 20 21
  78    1  8   40   0  1  2  3  4  5 16 17 18 19 20 21
  78    1  9   40   0  1  2  3  4  5 16 17 18 19 20 21
  78    1 10   40   0  1  2  3  4  5 16 17 18 19 20 21
  78    2  0   40   0  1  2  3  4  6 15 17 18 19 20 21
  78    2 12   40   0  1  2  3  4  6 15 17 18 19 20 21
  78    2 15   40   0  1  2  3  4  6 15 17 18 19 20 21
  78    2 18   40   0  1  2  3  4  6 15 17 18 19 20 21
  78    2 20   40   0  1  2  3  4  6 15 17 18 19 20 21
  78    3  0   40   0  1  2  3  4  7 16 17 18 19 20 21
  78    3  2   40   0  1  2  3  4  7 16 17 18 19 20 21
  78    3  3   40   0  1  2  3  4  7 16 17 18 19 20 21
  78    3  5   40   0  1  2  3  4  7 16 17 18 19 20 21
  78    3  8   40   0  1  2  3  4  7 16 17 18 19 20 21
  78    3  9   40   0  1  2  3  4  7 16 17 18 19 20 21
  78    3 15   40   0  1  2  3  4  7 16 17 18 19 20 21
  78    4 14   40   0  1  2  3  4 11 12 15 18 19 20 21
  78    4 18   40   0  1  2  3  4 11 12 15 18 19 20 21
  78    5  0   40   0  1  2  3  4 11 13 16 18 19 20 21
  78    5 11   40   0  1  2  3  4 11 13 16 18 19 20 21
  78    5 13   40   0  1  2  3  4 11 13 16 18 19 20 21
  78    5 14   40   0  1  2  3  4 11 13 16 18 19 20 21
  78    5 15   40   0  1  2  3  4 11 13 16 18 19 20 21
  78    5 16   40   0  1  2  3  4 11 13 16 18 19 20 21
  78    5 19   40   0  1  2  3  4 11 13 16 18 19 20 21
  78    6 11   40   0  1  2  3  4 12 13 15 17 18 20 21
  78    6 18   40   0  1  2  3  4 12 13 15 17 18 20 21
  78    7  5   40   0  1  2  3  4 12 13 16 17 19 20 21
  78    7 13   40   0  1  2  3  4 12 13 16 17 19 20 21
  78    7 14   40   0  1  2  3  4 12 13 16 17 19 20 21
  78    7 19   40   0  1  2  3  4 12 13 16 17 19 20 21
  78    8 11   40   0  1  2  3  4 12 14 15 17 18 19 21
  78    9 14   40   0  1  2  3  6 10 11 15 18 19 20 21
  78    9 15   40   0  1  2  3  6 10 11 15 18 19 20 21
  78   10  1   40   0  1  2  3  6 10 12 15 17 19 20 21
  78   10 19   40   0  1  2  3  6 10 12 15 17 19 20 21
  78   11  0   40   0  1  2  3  6 10 13 16 17 19 20 21
  78   11  1   40   0  1  2  3  6 10 13 16 17 19 20 21
  78   11  3   40   0  1  2  3  6 10 13 16 17 19 20 21
  78   11  5   40   0  1  2  3  6 10 13 16 17 19 20 21
  78   11 10   40   0  1  2  3  6 10 13 16 17 19 20 21
  78   11 14   40   0  1  2  3  6 10 13 16 17 19 20 21
  78   11 15   40   0  1  2  3  6 10 13 16 17 19 20 21
  78   11 16   40   0  1  2  3  6 10 13 16 17 19 20 21
  78   12  4   40   0  1  2  3  6 10 14 16 17 18 19 20
  78   12 10   40   0  1  2  3  6 10 14 16 17 18 19 20
  78   12 11   40   0  1  2  3  6 10 14 16 17 18 19 20
  78   12 15   40   0  1  2  3  6 10 14 16 17 18 19 20
  78   13  0   40   0  1  2  3  6 11 14 16 17 18 20 21
  78   13 15   40   0  1  2  3  6 11 14 16 17 18 20 21
  78   13 17   40   0  1  2  3  6 11 14 16 17 18 20 21
  78   13 21   40   0  1  2  3  6 11 14 16 17 18 20 21
  78   14 16   40   0  1  2  3 10 11 12 14 16 19 20 21
  78   15  4   40   0  1  2  3 10 11 13 14 15 17 19 21
  78   15  7   40   0  1  2  3 10 11 13 14 15 17 19 21
  78   16  8   40   0  1  2  3 10 11 13 14 16 17 19 20
  78   16 12   40   0  1  2  3 10 11 13 14 16 17 19 20
  78   16 16   40   0  1  2  3 10 11 13 14 16 17 19 20
  78   17  5   40   0  1  2  3 10 11 13 14 16 18 20 21
  78   17  7   40   0  1  2  3 10 11 13 14 16 18 20 21
  78   17 12   40   0  1  2  3 10 11 13 14 16 18 20 21
  78   17 16   40   0  1  2  3 10 11 13 14 16 18 20 21
  78   18  4   40   0  1  2  3 10 11 14 15 18 19 20 21
  78   18  7   40   0  1  2  3 10 11 14 15 18 19 20 21
  78   18 12   40   0  1  2  3 10 11 14 15 18 19 20 21
  78   18 16   40   0  1  2  3 10 11 14 15 18 19 20 21
  78   18 18   40   0  1  2  3 10 11 14 15 18 19 20 21
  78   19 12   40   0  1  2  3 10 12 13 14 16 17 18 20
  78   19 16   40   0  1  2  3 10 12 13 14 16 17 18 20
  78   21  3   40   0  1  2  4  6  9 12 15 17 19 20 21
  78   21 10   40   0  1  2  4  6  9 12 15 17 19 20 21
  78   21 11   40   0  1  2  4  6  9 12 15 17 19 20 21
  78   21 14   40   0  1  2  4  6  9 12 15 17 19 20 21
  78   22 19   40   0  1  2  4  6  9 13 15 17 18 20 21
  78   23 14   40   0  1  2  4  6  9 13 16 17 19 20 21
  78   25  8   40   0  1  2  4  9 10 13 14 15 18 19 21
  78   25 12   40   0  1  2  4  9 10 13 14 15 18 19 21
  78   25 16   40   0  1  2  4  9 10 13 14 15 18 19 21
  78   25 17   40   0  1  2  4  9 10 13 14 15 18 19 21
  78   25 21   40   0  1  2  4  9 10 13 14 15 18 19 21
  78   26  8   40   0  1  2  4  9 11 13 14 15 17 19 21
  78   26 12   40   0  1  2  4  9 11 13 14 15 17 19 21
  78   26 18   40   0  1  2  4  9 11 13 14 15 17 19 21
  78   27  7   40   0  1  2  4  9 11 13 14 16 18 20 21
  78   27 12   40   0  1  2  4  9 11 13 14 16 18 20 21
  78   27 18   40   0  1  2  4  9 11 13 14 16 18 20 21
  78   27 20   40   0  1  2  4  9 11 13 14 16 18 20 21
  78   28  8   40   0  1  2  4  9 11 14 15 18 19 20 21
  78   28  9   40   0  1  2  4  9 11 14 15 18 19 20 21
  78   28 12   40   0  1  2  4  9 11 14 15 18 19 20 21
  78   29  4   40   0  1  2  4  9 12 13 14 15 17 18 21
  78   29 11   40   0  1  2  4  9 12 13 14 15 17 18 21
  78   29 12   40   0  1  2  4  9 12 13 14 15 17 18 21
  78   30  4   40   0  1  2  4  9 12 13 14 16 17 18 20
  78   30  7   40   0  1  2  4  9 12 13 14 16 17 18 20
  78   30 12   40   0  1  2  4  9 12 13 14 16 17 18 20
  78   31  8   40   0  1  2  4  9 12 14 15 17 18 19 21
  78   31  9   40   0  1  2  4  9 12 14 15 17 18 19 21
  78   32  9   40   0  1  2  4 10 11 13 14 16 17 20 21
  78   32 20   40   0  1  2  4 10 11 13 14 16 17 20 21
  78   33 20   40   0  1  2  4 10 11 14 15 17 19 20 21
  78   34 12   40   0  1  2  4 10 13 14 15 16 18 19 20
  78   35  5   40   0  1  3  6  8  9 11 13 17 19 20 21
  78   36  2   40   0  1  3  6  8 10 11 13 15 18 20 21
  78   36 19   40   0  1  3  6  8 10 11 13 15 18 20 21
  78   37  1   40   0  1  3  6  8 10 11 14 16 18 19 20
  78   37 18   40   0  1  3  6  8 10 11 14 16 18 19 20
  78   40  3   40   0  1  5  8  9 11 12 14 15 17 19 21
  78   40  7   40   0  1  5  8  9 11 12 14 15 17 19 21
  78   40 13   40   0  1  5  8  9 11 12 14 15 17 19 21
  78   40 18   40   0  1  5  8  9 11 12 14 15 17 19 21
  79    1 20   40   0  1  2  3  4  5 16 17 18 19 20 21
  79    3  1   40   0  1  2  3  4  7 16 17 18 19 20 21
  79    3 18   40   0  1  2  3  4  7 16 17 18 19 20 21
  79    3 21   40   0  1  2  3  4  7 16 17 18 19 20 21
  79    4  0   40   0  1  2  3  4 11 12 15 18 19 20 21
  79    4 13   40   0  1  2  3  4 11 12 15 18 19 20 21
  79    4 16   40   0  1  2  3  4 11 12 15 18 19 20 21
  79    4 20   40   0  1  2  3  4 11 12 15 18 19 20 21
  79    6  5   40   0  1  2  3  4 12 13 15 17 18 20 21
  79    6 13   40   0  1  2  3  4 12 13 15 17 18 20 21
  79    9  7   40   0  1  2  3  6 10 11 15 18 19 20 21
  79   10  7   40   0  1  2  3  6 10 12 15 17 19 20 21
  79   10 15   40   0  1  2  3  6 10 12 15 17 19 20 21
  79   12  5   40   0  1  2  3  6 10 14 16 17 18 19 20
  79   13  5   40   0  1  2  3  6 11 14 16 17 18 20 21
  79   14 12   40   0  1  2  3 10 11 12 14 16 19 20 21
  79   14 14   40   0  1  2  3 10 11 12 14 16 19 20 21
  79   16 11   40   0  1  2  3 10 11 13 14 16 17 19 20
  79   19 18   40   0  1  2  3 10 12 13 14 16 17 18 20
  79   19 20   40   0  1  2  3 10 12 13 14 16 17 18 20
  79   21  7   40   0  1  2  4  6  9 12 15 17 19 20 21
  79   21 17   40   0  1  2  4  6  9 12 15 17 19 20 21
  79   22 10   40   0  1  2  4  6  9 13 15 17 18 20 21
  79   23  4   40   0  1  2  4  6  9 13 16 17 19 20 21
  79   25  5   40   0  1  2  4  9 10 13 14 15 18 19 21
  79   25  9   40   0  1  2  4  9 10 13 14 15 18 19 21
  79   25 15   40   0  1  2  4  9 10 13 14 15 18 19 21
  79   26  9   40   0  1  2  4  9 11 13 14 15 17 19 21
  79   27  9   40   0  1  2  4  9 11 13 14 16 18 20 21
  79   29  9   40   0  1  2  4  9 12 13 14 15 17 18 21
  79   29 15   40   0  1  2  4  9 12 13 14 15 17 18 21
  79   30 18   40   0  1  2  4  9 12 13 14 16 17 18 20
  79   31 12   40   0  1  2  4  9 12 14 15 17 18 19 21
  79   35 16   40   0  1  3  6  8  9 11 13 17 19 20 21
