  14    2  2   32   0  1  2  3  4  7 11 12 14 15 16 17
  15    1  0   32   0  1  2  3  4  6 11 13 14 15 16 17
  15    1 17   32   0  1  2  3  4  6 11 13 14 15 16 17
  15    2  0   32   0  1  2  3  4  7 11 12 14 15 16 17
  15    2 16   32   0  1  2  3  4  7 11 12 14 15 16 17
  15    2 17   32   0  1  2  3  4  7 11 12 14 15 16 17
  15    3  2   32   0  1  2  3  4  8 11 12 13 15 16 17
  15    3 16   32   0  1  2  3  4  8 11 12 13 15 16 17
  17    3 12   32   0  1  2  3  4  8 11 12 13 15 16 17
  18    3  3   32   0  1  2  3  4  8 11 12 13 15 16 17
  18    3 17   32   0  1  2  3  4  8 11 12 13 15 16 17
  19    3  0   32   0  1  2  3  4  8 11 12 13 15 16 17
  68    6 14   32   0  1  2  4  6  8  9 11 13 15 16 17
  69    4 10   32   0  1  2  3  6  9 10 11 13 14 16 17
  69    4 13   32   0  1  2  3  6  9 10 11 13 14 16 17
  69    5 12   32   0  1  2  3  6  9 10 12 13 15 16 17
  70    1  3   32   0  1  2  3  4  6 11 13 14 15 16 17
  70    4  1   32   0  1  2  3  6  9 10 11 13 14 16 17
  70    5  2   32   0  1  2  3  6  9 10 12 13 15 16 17
  70    5 10   32   0  1  2  3  6  9 10 12 13 15 16 17
  70    5 13   32   0  1  2  3  6  9 10 12 13 15 16 17
  70    5 15   32   0  1  2  3  6  9 10 12 13 15 16 17
  71    1 14   32   0  1  2  3  4  6 11 13 14 15 16 17
  71    4  3   32   0  1  2  3  6  9 10 11 13 14 16 17
  71    5  0   32   0  1  2  3  6  9 10 12 13 15 16 17
  75    1  8   32   0  1  2  3  4  6 11 13 14 15 16 17
  75    1  9   32   0  1  2  3  4  6 11 13 14 15 16 17
  75    1 10   32   0  1  2  3  4  6 11 13 14 15 16 17
  75    2  6   32   0  1  2  3  4  7 11 12 14 15 16 17
  75    2  9   32   0  1  2  3  4  7 11 12 14 15 16 17
  75    2 10   32   0  1  2  3  4  7 11 12 14 15 16 17
  75    2 13   32   0  1  2  3  4  7 11 12 14 15 16 17
  75    3  5   32   0  1  2  3  4  8 11 12 13 15 16 17
  75    3  6   32   0  1  2  3  4  8 11 12 13 15 16 17
  75    3  7   32   0  1  2  3  4  8 11 12 13 15 16 17
  75    3  9   32   0  1  2  3  4  8 11 12 13 15 16 17
  75    3 10   32   0  1  2  3  4  8 11 12 13 15 16 17
  75    3 14   32   0  1  2  3  4  8 11 12 13 15 16 17
  75    5 11   32   0  1  2  3  6  9 10 12 13 15 16 17
  75    5 14   32   0  1  2  3  6  9 10 12 13 15 16 17
  76    1  6   32   0  1  2  3  4  6 11 13 14 15 16 17
  76    1  7   32   0  1  2  3  4  6 11 13 14 15 16 17
  76    2  4   32   0  1  2  3  4  7 11 12 14 15 16 17
  76    2  5   32   0  1  2  3  4  7 11 12 14 15 16 17
  76    2  7   32   0  1  2  3  4  7 11 12 14 15 16 17
  76    2  8   32   0  1  2  3  4  7 11 12 14 15 16 17
  76    3  4   32   0  1  2  3  4  8 11 12 13 15 16 17
  76    3  8   32   0  1  2  3  4  8 11 12 13 15 16 17
  76    4  5   32   0  1  2  3  6  9 10 11 13 14 16 17
  76    4  8   32   0  1  2  3  6  9 10 11 13 14 16 17
  76    4  9   32   0  1  2  3  6  9 10 11 13 14 16 17
  76    5  4   32   0  1  2  3  6  9 10 12 13 15 16 17
  76    5  5   32   0  1  2  3  6  9 10 12 13 15 16 17
  76    5  7   32   0  1  2  3  6  9 10 12 13 15 16 17
  76    5  8   32   0  1  2  3  6  9 10 12 13 15 16 17
  77    1  4   32   0  1  2  3  4  6 11 13 14 15 16 17
  77    1 11   32   0  1  2  3  4  6 11 13 14 15 16 17
  77    2  1   32   0  1  2  3  4  7 11 12 14 15 16 17
  77    4  6   32   0  1  2  3  6  9 10 11 13 14 16 17
  77    4 12   32   0  1  2  3  6  9 10 11 13 14 16 17
  77    4 15   32   0  1  2  3  6  9 10 11 13 14 16 17
  77    5  1   32   0  1  2  3  6  9 10 12 13 15 16 17
  77    5  6   32   0  1  2  3  6  9 10 12 13 15 16 17
  77    6  4   32   0  1  2  4  6  8  9 11 13 15 16 17
  77    6  6   32   0  1  2  4  6  8  9 11 13 15 16 17
  77    6  8   32   0  1  2  4  6  8  9 11 13 15 16 17
  78    1  2   32   0  1  2  3  4  6 11 13 14 15 16 17
  78    1  5   32   0  1  2  3  4  6 11 13 14 15 16 17
  78    1 12   32   0  1  2  3  4  6 11 13 14 15 16 17
  78    2  3   32   0  1  2  3  4  7 11 12 14 15 16 17
  78    2 11   32   0  1  2  3  4  7 11 12 14 15 16 17
  78    2 14   32   0  1  2  3  4  7 11 12 14 15 16 17
  78    3  1   32   0  1  2  3  4  8 11 12 13 15 16 17
  78    3 11   32   0  1  2  3  4  8 11 12 13 15 16 17
  78    3 13   32   0  1  2  3  4  8 11 12 13 15 16 17
  78    3 15   32   0  1  2  3  4  8 11 12 13 15 16 17
  78    4  2   32   0  1  2  3  6  9 10 11 13 14 16 17
  78    4  4   32   0  1  2  3  6  9 10 11 13 14 16 17
  78    4  7   32   0  1  2  3  6  9 10 11 13 14 16 17
  78    4 17   32   0  1  2  3  6  9 10 11 13 14 16 17
  78    5  3   32   0  1  2  3  6  9 10 12 13 15 16 17
  78    5  9   32   0  1  2  3  6  9 10 12 13 15 16 17
  78    5 17   32   0  1  2  3  6  9 10 12 13 15 16 17
  78    6  0   32   0  1  2  4  6  8  9 11 13 15 16 17
  78    6  1   32   0  1  2  4  6  8  9 11 13 15 16 17
  78    6  2   32   0  1  2  4  6  8  9 11 13 15 16 17
  78    6  3   32   0  1  2  4  6  8  9 11 13 15 16 17
  78    6  5   32   0  1  2  4  6  8  9 11 13 15 16 17
  78    6  7   32   0  1  2  4  6  8  9 11 13 15 16 17
  78    6 10   32   0  1  2  4  6  8  9 11 13 15 16 17
  78    6 12   32   0  1  2  4  6  8  9 11 13 15 16 17
  78    6 15   32   0  1  2  4  6  8  9 11 13 15 16 17
  78    6 16   32   0  1  2  4  6  8  9 11 13 15 16 17
  78    6 17   32   0  1  2  4  6  8  9 11 13 15 16 17
  79    1  1   32   0  1  2  3  4  6 11 13 14 15 16 17
  79    1 13   32   0  1  2  3  4  6 11 13 14 15 16 17
  79    1 15   32   0  1  2  3  4  6 11 13 14 15 16 17
  79    1 16   32   0  1  2  3  4  6 11 13 14 15 16 17
  79    2 12   32   0  1  2  3  4  7 11 12 14 15 16 17
  79    2 15   32   0  1  2  3  4  7 11 12 14 15 16 17
  79    4  0   32   0  1  2  3  6  9 10 11 13 14 16 17
  79    4 11   32   0  1  2  3  6  9 10 11 13 14 16 17
  79    4 14   32   0  1  2  3  6  9 10 11 13 14 16 17
  79    4 16   32   0  1  2  3  6  9 10 11 13 14 16 17
  79    5 16   32   0  1  2  3  6  9 10 12 13 15 16 17
  79    6  9   32   0  1  2  4  6  8  9 11 13 15 16 17
  79    6 11   32   0  1  2  4  6  8  9 11 13 15 16 17
  79    6 13   32   0  1  2  4  6  8  9 11 13 15 16 17
