   4   12  2   38   0  1  2  4  6 10 13 15 16 17 19 20
   5   10 15   38   0  1  2  4  6  9 11 14 16 18 19 20
   5   13  3   38   0  1  2  4  9 10 12 14 15 18 19 20
   5   16  1   38   0  1  2  9 10 11 12 13 14 15 16 17
   5   16 17   38   0  1  2  9 10 11 12 13 14 15 16 17
   5   17  2   38   0  1  3  6  8  9 11 12 14 17 19 20
   5   17 11   38   0  1  3  6  8  9 11 12 14 17 19 20
   5   17 18   38   0  1  3  6  8  9 11 12 14 17 19 20
   6   14  1   38   0  1  2  4  9 11 13 14 15 16 18 19
   6   15 13   38   0  1  2  4 10 11 13 14 15 16 17 19
   6   15 16   38   0  1  2  4 10 11 13 14 15 16 17 19
   6   16  0   38   0  1  2  9 10 11 12 13 14 15 16 17
   6   16  2   38   0  1  2  9 10 11 12 13 14 15 16 17
   7    8  1   38   0  1  2  3 10 11 12 13 15 16 19 20
   7   11 15   38   0  1  2  4  6  9 13 15 16 17 18 19
   7   12 15   38   0  1  2  4  6 10 13 15 16 17 19 20
   7   13 13   38   0  1  2  4  9 10 12 14 15 18 19 20
   7   14 16   38   0  1  2  4  9 11 13 14 15 16 18 19
   7   16 11   38   0  1  2  9 10 11 12 13 14 15 16 17
   7   16 14   38   0  1  2  9 10 11 12 13 14 15 16 17
   7   17  9   38   0  1  3  6  8  9 11 12 14 17 19 20
   8   14 13   38   0  1  2  4  9 11 13 14 15 16 18 19
  10   10  5   38   0  1  2  4  6  9 11 14 16 18 19 20
  11   12 18   38   0  1  2  4  6 10 13 15 16 17 19 20
  11   15  3   38   0  1  2  4 10 11 13 14 15 16 17 19
  11   16  3   38   0  1  2  9 10 11 12 13 14 15 16 17
  11   16  5   38   0  1  2  9 10 11 12 13 14 15 16 17
  11   16  7   38   0  1  2  9 10 11 12 13 14 15 16 17
  12    7  2   38   0  1  2  3  6 10 12 15 16 18 19 20
  12    8  2   38   0  1  2  3 10 11 12 13 15 16 19 20
  12    8 17   38   0  1  2  3 10 11 12 13 15 16 19 20
  12   14  3   38   0  1  2  4  9 11 13 14 15 16 18 19
  12   14  5   38   0  1  2  4  9 11 13 14 15 16 18 19
  12   14 17   38   0  1  2  4  9 11 13 14 15 16 18 19
  12   17  7   38   0  1  3  6  8  9 11 12 14 17 19 20
  12   17  8   38   0  1  3  6  8  9 11 12 14 17 19 20
  12   17 13   38   0  1  3  6  8  9 11 12 14 17 19 20
  13    3  2   38   0  1  2  3  4 11 12 14 16 18 19 20
  13   14  0   38   0  1  2  4  9 11 13 14 15 16 18 19
  13   14 20   38   0  1  2  4  9 11 13 14 15 16 18 19
  13   15  0   38   0  1  2  4 10 11 13 14 15 16 17 19
  13   15  5   38   0  1  2  4 10 11 13 14 15 16 17 19
  13   16 18   38   0  1  2  9 10 11 12 13 14 15 16 17
  13   16 19   38   0  1  2  9 10 11 12 13 14 15 16 17
  13   16 20   38   0  1  2  9 10 11 12 13 14 15 16 17
  14    5  2   38   0  1  2  3  6 10 11 14 16 18 19 20
  14    8  3   38   0  1  2  3 10 11 12 13 15 16 19 20
  14   11  0   38   0  1  2  4  6  9 13 15 16 17 18 19
  14   15  4   38   0  1  2  4 10 11 13 14 15 16 17 19
  14   17 12   38   0  1  3  6  8  9 11 12 14 17 19 20
  15    3 17   38   0  1  2  3  4 11 12 14 16 18 19 20
  15    9  3   38   0  1  2  3 10 11 13 14 15 17 18 20
  15   10  4   38   0  1  2  4  6  9 11 14 16 18 19 20
  15   11 20   38   0  1  2  4  6  9 13 15 16 17 18 19
  15   12  5   38   0  1  2  4  6 10 13 15 16 17 19 20
  15   13  2   38   0  1  2  4  9 10 12 14 15 18 19 20
  15   14  2   38   0  1  2  4  9 11 13 14 15 16 18 19
  15   14 11   38   0  1  2  4  9 11 13 14 15 16 18 19
  15   15  2   38   0  1  2  4 10 11 13 14 15 16 17 19
  15   17  1   38   0  1  3  6  8  9 11 12 14 17 19 20
  15   17 19   38   0  1  3  6  8  9 11 12 14 17 19 20
  16    1  4   38   0  1  2  3  4  6 14 16 17 18 19 20
  16   11  5   38   0  1  2  4  6  9 13 15 16 17 18 19
  16   15  1   38   0  1  2  4 10 11 13 14 15 16 17 19
  16   15 10   38   0  1  2  4 10 11 13 14 15 16 17 19
  17    3  1   38   0  1  2  3  4 11 12 14 16 18 19 20
  17    4  1   38   0  1  2  3  4 12 13 14 16 17 18 20
  17    4 19   38   0  1  2  3  4 12 13 14 16 17 18 20
  17    5  3   38   0  1  2  3  6 10 11 14 16 18 19 20
  17    5 16   38   0  1  2  3  6 10 11 14 16 18 19 20
  17    5 17   38   0  1  2  3  6 10 11 14 16 18 19 20
  17    7  6   38   0  1  2  3  6 10 12 15 16 18 19 20
  17    7 17   38   0  1  2  3  6 10 12 15 16 18 19 20
  17    8 11   38   0  1  2  3 10 11 12 13 15 16 19 20
  17    8 13   38   0  1  2  3 10 11 12 13 15 16 19 20
  17    9 11   38   0  1  2  3 10 11 13 14 15 17 18 20
  17    9 13   38   0  1  2  3 10 11 13 14 15 17 18 20
  17    9 15   38   0  1  2  3 10 11 13 14 15 17 18 20
  17   10 16   38   0  1  2  4  6  9 11 14 16 18 19 20
  17   11  2   38   0  1  2  4  6  9 13 15 16 17 18 19
  17   11  6   38   0  1  2  4  6  9 13 15 16 17 18 19
  17   11 18   38   0  1  2  4  6  9 13 15 16 17 18 19
  17   13  4   38   0  1  2  4  9 10 12 14 15 18 19 20
  17   13 10   38   0  1  2  4  9 10 12 14 15 18 19 20
  17   14 15   38   0  1  2  4  9 11 13 14 15 16 18 19
  17   14 19   38   0  1  2  4  9 11 13 14 15 16 18 19
  17   15 14   38   0  1  2  4 10 11 13 14 15 16 17 19
  17   15 15   38   0  1  2  4 10 11 13 14 15 16 17 19
  17   17 17   38   0  1  3  6  8  9 11 12 14 17 19 20
  18    3 12   38   0  1  2  3  4 11 12 14 16 18 19 20
  18    5 18   38   0  1  2  3  6 10 11 14 16 18 19 20
  18    7 19   38   0  1  2  3  6 10 12 15 16 18 19 20
  18    8 18   38   0  1  2  3 10 11 12 13 15 16 19 20
  18    8 19   38   0  1  2  3 10 11 12 13 15 16 19 20
  18    9  1   38   0  1  2  3 10 11 13 14 15 17 18 20
  18    9 17   38   0  1  2  3 10 11 13 14 15 17 18 20
  18   12  1   38   0  1  2  4  6 10 13 15 16 17 19 20
  18   15 11   38   0  1  2  4 10 11 13 14 15 16 17 19
  18   15 19   38   0  1  2  4 10 11 13 14 15 16 17 19
  18   17  3   38   0  1  3  6  8  9 11 12 14 17 19 20
  18   17 20   38   0  1  3  6  8  9 11 12 14 17 19 20
  19    1  3   38   0  1  2  3  4  6 14 16 17 18 19 20
  19    6  2   38   0  1  2  3  6 10 12 14 16 17 19 20
  19    8 15   38   0  1  2  3 10 11 12 13 15 16 19 20
  19   12  0   38   0  1  2  4  6 10 13 15 16 17 19 20
  19   13 14   38   0  1  2  4  9 10 12 14 15 18 19 20
  19   13 18   38   0  1  2  4  9 10 12 14 15 18 19 20
  19   13 19   38   0  1  2  4  9 10 12 14 15 18 19 20
  19   17  0   38   0  1  3  6  8  9 11 12 14 17 19 20
  20    1 16   38   0  1  2  3  4  6 14 16 17 18 19 20
  20    1 17   38   0  1  2  3  4  6 14 16 17 18 19 20
  20   12 16   38   0  1  2  4  6 10 13 15 16 17 19 20
  20   12 20   38   0  1  2  4  6 10 13 15 16 17 19 20
  20   15 17   38   0  1  2  4 10 11 13 14 15 16 17 19
  22    6 17   38   0  1  2  3  6 10 12 14 16 17 19 20
  59    6  6   38   0  1  2  3  6 10 12 14 16 17 19 20
  61    6 19   38   0  1  2  3  6 10 12 14 16 17 19 20
  61    7  1   38   0  1  2  3  6 10 12 15 16 18 19 20
  61    8 20   38   0  1  2  3 10 11 12 13 15 16 19 20
  62    5 19   38   0  1  2  3  6 10 11 14 16 18 19 20
  63    1  1   38   0  1  2  3  4  6 14 16 17 18 19 20
  63    4 17   38   0  1  2  3  4 12 13 14 16 17 18 20
  63    5 10   38   0  1  2  3  6 10 11 14 16 18 19 20
  63    6  3   38   0  1  2  3  6 10 12 14 16 17 19 20
  63    6 10   38   0  1  2  3  6 10 12 14 16 17 19 20
  63   11 13   38   0  1  2  4  6  9 13 15 16 17 18 19
  64    1 19   38   0  1  2  3  4  6 14 16 17 18 19 20
  64    9 18   38   0  1  2  3 10 11 13 14 15 17 18 20
  64   11  9   38   0  1  2  4  6  9 13 15 16 17 18 19
  64   12  6   38   0  1  2  4  6 10 13 15 16 17 19 20
  64   12 17   38   0  1  2  4  6 10 13 15 16 17 19 20
  67    4 12   38   0  1  2  3  4 12 13 14 16 17 18 20
  68    9 20   38   0  1  2  3 10 11 13 14 15 17 18 20
  69    6  8   38   0  1  2  3  6 10 12 14 16 17 19 20
  69    6 11   38   0  1  2  3  6 10 12 14 16 17 19 20
  69    7  4   38   0  1  2  3  6 10 12 15 16 18 19 20
  69    9  2   38   0  1  2  3 10 11 13 14 15 17 18 20
  69    9  5   38   0  1  2  3 10 11 13 14 15 17 18 20
  69    9  6   38   0  1  2  3 10 11 13 14 15 17 18 20
  69    9  8   38   0  1  2  3 10 11 13 14 15 17 18 20
  70    4 15   38   0  1  2  3  4 12 13 14 16 17 18 20
  70    5 12   38   0  1  2  3  6 10 11 14 16 18 19 20
  70    7  3   38   0  1  2  3  6 10 12 15 16 18 19 20
  70    7  8   38   0  1  2  3  6 10 12 15 16 18 19 20
  70    8  6   38   0  1  2  3 10 11 12 13 15 16 19 20
  70    8  7   38   0  1  2  3 10 11 12 13 15 16 19 20
  70    9 10   38   0  1  2  3 10 11 13 14 15 17 18 20
  70    9 12   38   0  1  2  3 10 11 13 14 15 17 18 20
  70    9 14   38   0  1  2  3 10 11 13 14 15 17 18 20
  70    9 16   38   0  1  2  3 10 11 13 14 15 17 18 20
  70   10  7   38   0  1  2  4  6  9 11 14 16 18 19 20
  70   10 10   38   0  1  2  4  6  9 11 14 16 18 19 20
  70   10 13   38   0  1  2  4  6  9 11 14 16 18 19 20
  70   12 13   38   0  1  2  4  6 10 13 15 16 17 19 20
  70   13 11   38   0  1  2  4  9 10 12 14 15 18 19 20
  70   13 17   38   0  1  2  4  9 10 12 14 15 18 19 20
  71    4 16   38   0  1  2  3  4 12 13 14 16 17 18 20
  71    6  7   38   0  1  2  3  6 10 12 14 16 17 19 20
  71    6 18   38   0  1  2  3  6 10 12 14 16 17 19 20
  71    7 12   38   0  1  2  3  6 10 12 15 16 18 19 20
  71    7 18   38   0  1  2  3  6 10 12 15 16 18 19 20
  71    9  0   38   0  1  2  3 10 11 13 14 15 17 18 20
  71   10  3   38   0  1  2  4  6  9 11 14 16 18 19 20
  71   12 10   38   0  1  2  4  6 10 13 15 16 17 19 20
  71   17 10   38   0  1  3  6  8  9 11 12 14 17 19 20
  75    1 10   38   0  1  2  3  4  6 14 16 17 18 19 20
  75    2  6   38   0  1  2  3  4  8 12 16 17 18 19 20
  75    2 10   38   0  1  2  3  4  8 12 16 17 18 19 20
  75    2 14   38   0  1  2  3  4  8 12 16 17 18 19 20
  75    4  9   38   0  1  2  3  4 12 13 14 16 17 18 20
  75   15  7   38   0  1  2  4 10 11 13 14 15 16 17 19
  76    1  6   38   0  1  2  3  4  6 14 16 17 18 19 20
  76    1 20   38   0  1  2  3  4  6 14 16 17 18 19 20
  76    2  1   38   0  1  2  3  4  8 12 16 17 18 19 20
  76    2  4   38   0  1  2  3  4  8 12 16 17 18 19 20
  76    2  8   38   0  1  2  3  4  8 12 16 17 18 19 20
  76    2 12   38   0  1  2  3  4  8 12 16 17 18 19 20
  76    2 16   38   0  1  2  3  4  8 12 16 17 18 19 20
  76    2 19   38   0  1  2  3  4  8 12 16 17 18 19 20
  76    3  0   38   0  1  2  3  4 11 12 14 16 18 19 20
  76    3  8   38   0  1  2  3  4 11 12 14 16 18 19 20
  76    4  7   38   0  1  2  3  4 12 13 14 16 17 18 20
  76    5  6   38   0  1  2  3  6 10 11 14 16 18 19 20
  76    5  8   38   0  1  2  3  6 10 11 14 16 18 19 20
  76    7  9   38   0  1  2  3  6 10 12 15 16 18 19 20
  76   11 11   38   0  1  2  4  6  9 13 15 16 17 18 19
  76   11 12   38   0  1  2  4  6  9 13 15 16 17 18 19
  76   12 11   38   0  1  2  4  6 10 13 15 16 17 19 20
  76   12 12   38   0  1  2  4  6 10 13 15 16 17 19 20
  76   13 20   38   0  1  2  4  9 10 12 14 15 18 19 20
  76   14  8   38   0  1  2  4  9 11 13 14 15 16 18 19
  76   15  6   38   0  1  2  4 10 11 13 14 15 16 17 19
  76   15  8   38   0  1  2  4 10 11 13 14 15 16 17 19
  76   15 12   38   0  1  2  4 10 11 13 14 15 16 17 19
  76   15 20   38   0  1  2  4 10 11 13 14 15 16 17 19
  77    1  0   38   0  1  2  3  4  6 14 16 17 18 19 20
  77    1  2   38   0  1  2  3  4  6 14 16 17 18 19 20
  77    1  8   38   0  1  2  3  4  6 14 16 17 18 19 20
  77    2  2   38   0  1  2  3  4  8 12 16 17 18 19 20
  77    2  3   38   0  1  2  3  4  8 12 16 17 18 19 20
  77    2 11   38   0  1  2  3  4  8 12 16 17 18 19 20
  77    2 15   38   0  1  2  3  4  8 12 16 17 18 19 20
  77    2 17   38   0  1  2  3  4  8 12 16 17 18 19 20
  77    2 18   38   0  1  2  3  4  8 12 16 17 18 19 20
  77    2 20   38   0  1  2  3  4  8 12 16 17 18 19 20
  77    3  3   38   0  1  2  3  4 11 12 14 16 18 19 20
  77    3  6   38   0  1  2  3  4 11 12 14 16 18 19 20
  77    3  7   38   0  1  2  3  4 11 12 14 16 18 19 20
  77    3  9   38   0  1  2  3  4 11 12 14 16 18 19 20
  77    3 15   38   0  1  2  3  4 11 12 14 16 18 19 20
  77    3 18   38   0  1  2  3  4 11 12 14 16 18 19 20
  77    3 20   38   0  1  2  3  4 11 12 14 16 18 19 20
  77    4  0   38   0  1  2  3  4 12 13 14 16 17 18 20
  77    4  2   38   0  1  2  3  4 12 13 14 16 17 18 20
  77    4  3   38   0  1  2  3  4 12 13 14 16 17 18 20
  77    4  6   38   0  1  2  3  4 12 13 14 16 17 18 20
  77    4  8   38   0  1  2  3  4 12 13 14 16 17 18 20
  77    4 11   38   0  1  2  3  4 12 13 14 16 17 18 20
  77    4 20   38   0  1  2  3  4 12 13 14 16 17 18 20
  77    5  0   38   0  1  2  3  6 10 11 14 16 18 19 20
  77    5  1   38   0  1  2  3  6 10 11 14 16 18 19 20
  77    5  4   38   0  1  2  3  6 10 11 14 16 18 19 20
  77    5  9   38   0  1  2  3  6 10 11 14 16 18 19 20
  77    5 13   38   0  1  2  3  6 10 11 14 16 18 19 20
  77    5 20   38   0  1  2  3  6 10 11 14 16 18 19 20
  77    6  0   38   0  1  2  3  6 10 12 14 16 17 19 20
  77    6  9   38   0  1  2  3  6 10 12 14 16 17 19 20
  77    6 13   38   0  1  2  3  6 10 12 14 16 17 19 20
  77    6 16   38   0  1  2  3  6 10 12 14 16 17 19 20
  77    6 20   38   0  1  2  3  6 10 12 14 16 17 19 20
  77    7  0   38   0  1  2  3  6 10 12 15 16 18 19 20
  77    7 11   38   0  1  2  3  6 10 12 15 16 18 19 20
  77    7 13   38   0  1  2  3  6 10 12 15 16 18 19 20
  77    7 14   38   0  1  2  3  6 10 12 15 16 18 19 20
  77    7 16   38   0  1  2  3  6 10 12 15 16 18 19 20
  77    8  5   38   0  1  2  3 10 11 12 13 15 16 19 20
  77    8 14   38   0  1  2  3 10 11 12 13 15 16 19 20
  77    9  9   38   0  1  2  3 10 11 13 14 15 17 18 20
  77   10  0   38   0  1  2  4  6  9 11 14 16 18 19 20
  77   10  1   38   0  1  2  4  6  9 11 14 16 18 19 20
  77   10  8   38   0  1  2  4  6  9 11 14 16 18 19 20
  77   10 12   38   0  1  2  4  6  9 11 14 16 18 19 20
  77   10 17   38   0  1  2  4  6  9 11 14 16 18 19 20
  77   10 19   38   0  1  2  4  6  9 11 14 16 18 19 20
  77   10 20   38   0  1  2  4  6  9 11 14 16 18 19 20
  77   11  4   38   0  1  2  4  6  9 13 15 16 17 18 19
  77   11  7   38   0  1  2  4  6  9 13 15 16 17 18 19
  77   11  8   38   0  1  2  4  6  9 13 15 16 17 18 19
  77   11 14   38   0  1  2  4  6  9 13 15 16 17 18 19
  77   11 16   38   0  1  2  4  6  9 13 15 16 17 18 19
  77   12  3   38   0  1  2  4  6 10 13 15 16 17 19 20
  77   12  7   38   0  1  2  4  6 10 13 15 16 17 19 20
  77   12  8   38   0  1  2  4  6 10 13 15 16 17 19 20
  77   13  0   38   0  1  2  4  9 10 12 14 15 18 19 20
  77   13  6   38   0  1  2  4  9 10 12 14 15 18 19 20
  77   13  7   38   0  1  2  4  9 10 12 14 15 18 19 20
  77   13  8   38   0  1  2  4  9 10 12 14 15 18 19 20
  77   14  6   38   0  1  2  4  9 11 13 14 15 16 18 19
  77   14 10   38   0  1  2  4  9 11 13 14 15 16 18 19
  77   15  9   38   0  1  2  4 10 11 13 14 15 16 17 19
  77   15 18   38   0  1  2  4 10 11 13 14 15 16 17 19
  77   16  4   38   0  1  2  9 10 11 12 13 14 15 16 17
  77   16  6   38   0  1  2  9 10 11 12 13 14 15 16 17
  77   16  8   38   0  1  2  9 10 11 12 13 14 15 16 17
  77   17  4   38   0  1  3  6  8  9 11 12 14 17 19 20
  78    1  5   38   0  1  2  3  4  6 14 16 17 18 19 20
  78    1  7   38   0  1  2  3  4  6 14 16 17 18 19 20
  78    1  9   38   0  1  2  3  4  6 14 16 17 18 19 20
  78    1 11   38   0  1  2  3  4  6 14 16 17 18 19 20
  78    1 12   38   0  1  2  3  4  6 14 16 17 18 19 20
  78    1 14   38   0  1  2  3  4  6 14 16 17 18 19 20
  78    1 18   38   0  1  2  3  4  6 14 16 17 18 19 20
  78    2  0   38   0  1  2  3  4  8 12 16 17 18 19 20
  78    2  7   38   0  1  2  3  4  8 12 16 17 18 19 20
  78    2 13   38   0  1  2  3  4  8 12 16 17 18 19 20
  78    3  4   38   0  1  2  3  4 11 12 14 16 18 19 20
  78    3  5   38   0  1  2  3  4 11 12 14 16 18 19 20
  78    3 10   38   0  1  2  3  4 11 12 14 16 18 19 20
  78    3 11   38   0  1  2  3  4 11 12 14 16 18 19 20
  78    3 13   38   0  1  2  3  4 11 12 14 16 18 19 20
  78    3 14   38   0  1  2  3  4 11 12 14 16 18 19 20
  78    3 16   38   0  1  2  3  4 11 12 14 16 18 19 20
  78    3 19   38   0  1  2  3  4 11 12 14 16 18 19 20
  78    4  5   38   0  1  2  3  4 12 13 14 16 17 18 20
  78    4 10   38   0  1  2  3  4 12 13 14 16 17 18 20
  78    4 13   38   0  1  2  3  4 12 13 14 16 17 18 20
  78    4 14   38   0  1  2  3  4 12 13 14 16 17 18 20
  78    4 18   38   0  1  2  3  4 12 13 14 16 17 18 20
  78    5  5   38   0  1  2  3  6 10 11 14 16 18 19 20
  78    5  7   38   0  1  2  3  6 10 11 14 16 18 19 20
  78    5 14   38   0  1  2  3  6 10 11 14 16 18 19 20
  78    5 15   38   0  1  2  3  6 10 11 14 16 18 19 20
  78    6  1   38   0  1  2  3  6 10 12 14 16 17 19 20
  78    6  4   38   0  1  2  3  6 10 12 14 16 17 19 20
  78    6  5   38   0  1  2  3  6 10 12 14 16 17 19 20
  78    6 12   38   0  1  2  3  6 10 12 14 16 17 19 20
  78    6 14   38   0  1  2  3  6 10 12 14 16 17 19 20
  78    6 15   38   0  1  2  3  6 10 12 14 16 17 19 20
  78    7  5   38   0  1  2  3  6 10 12 15 16 18 19 20
  78    7  7   38   0  1  2  3  6 10 12 15 16 18 19 20
  78    7 20   38   0  1  2  3  6 10 12 15 16 18 19 20
  78    8  0   38   0  1  2  3 10 11 12 13 15 16 19 20
  78    8  4   38   0  1  2  3 10 11 12 13 15 16 19 20
  78    8  8   38   0  1  2  3 10 11 12 13 15 16 19 20
  78    8  9   38   0  1  2  3 10 11 12 13 15 16 19 20
  78    8 10   38   0  1  2  3 10 11 12 13 15 16 19 20
  78    8 12   38   0  1  2  3 10 11 12 13 15 16 19 20
  78    9  4   38   0  1  2  3 10 11 13 14 15 17 18 20
  78    9  7   38   0  1  2  3 10 11 13 14 15 17 18 20
  78   10  2   38   0  1  2  4  6  9 11 14 16 18 19 20
  78   10  6   38   0  1  2  4  6  9 11 14 16 18 19 20
  78   10 11   38   0  1  2  4  6  9 11 14 16 18 19 20
  78   11  1   38   0  1  2  4  6  9 13 15 16 17 18 19
  78   11  3   38   0  1  2  4  6  9 13 15 16 17 18 19
  78   11 10   38   0  1  2  4  6  9 13 15 16 17 18 19
  78   11 19   38   0  1  2  4  6  9 13 15 16 17 18 19
  78   12  9   38   0  1  2  4  6 10 13 15 16 17 19 20
  78   12 14   38   0  1  2  4  6 10 13 15 16 17 19 20
  78   13  1   38   0  1  2  4  9 10 12 14 15 18 19 20
  78   13  5   38   0  1  2  4  9 10 12 14 15 18 19 20
  78   13  9   38   0  1  2  4  9 10 12 14 15 18 19 20
  78   13 16   38   0  1  2  4  9 10 12 14 15 18 19 20
  78   14  4   38   0  1  2  4  9 11 13 14 15 16 18 19
  78   14  7   38   0  1  2  4  9 11 13 14 15 16 18 19
  78   14 12   38   0  1  2  4  9 11 13 14 15 16 18 19
  78   14 14   38   0  1  2  4  9 11 13 14 15 16 18 19
  78   14 18   38   0  1  2  4  9 11 13 14 15 16 18 19
  78   17  5   38   0  1  3  6  8  9 11 12 14 17 19 20
  78   17 14   38   0  1  3  6  8  9 11 12 14 17 19 20
  78   17 15   38   0  1  3  6  8  9 11 12 14 17 19 20
  78   17 16   38   0  1  3  6  8  9 11 12 14 17 19 20
  79    1 13   38   0  1  2  3  4  6 14 16 17 18 19 20
  79    1 15   38   0  1  2  3  4  6 14 16 17 18 19 20
  79    2  5   38   0  1  2  3  4  8 12 16 17 18 19 20
  79    2  9   38   0  1  2  3  4  8 12 16 17 18 19 20
  79    4  4   38   0  1  2  3  4 12 13 14 16 17 18 20
  79    5 11   38   0  1  2  3  6 10 11 14 16 18 19 20
  79    7 10   38   0  1  2  3  6 10 12 15 16 18 19 20
  79    7 15   38   0  1  2  3  6 10 12 15 16 18 19 20
  79    8 16   38   0  1  2  3 10 11 12 13 15 16 19 20
  79    9 19   38   0  1  2  3 10 11 13 14 15 17 18 20
  79   10  9   38   0  1  2  4  6  9 11 14 16 18 19 20
  79   10 14   38   0  1  2  4  6  9 11 14 16 18 19 20
  79   10 18   38   0  1  2  4  6  9 11 14 16 18 19 20
  79   11 17   38   0  1  2  4  6  9 13 15 16 17 18 19
  79   12  4   38   0  1  2  4  6 10 13 15 16 17 19 20
  79   12 19   38   0  1  2  4  6 10 13 15 16 17 19 20
  79   13 12   38   0  1  2  4  9 10 12 14 15 18 19 20
  79   13 15   38   0  1  2  4  9 10 12 14 15 18 19 20
  79   14  9   38   0  1  2  4  9 11 13 14 15 16 18 19
  79   16  9   38   0  1  2  9 10 11 12 13 14 15 16 17
  79   16 10   38   0  1  2  9 10 11 12 13 14 15 16 17
  79   16 12   38   0  1  2  9 10 11 12 13 14 15 16 17
  79   16 13   38   0  1  2  9 10 11 12 13 14 15 16 17
  79   16 15   38   0  1  2  9 10 11 12 13 14 15 16 17
  79   16 16   38   0  1  2  9 10 11 12 13 14 15 16 17
  79   17  6   38   0  1  3  6  8  9 11 12 14 17 19 20
