 26
350 260  3  4 7 1
388 287  3  0 9 2
373 332  3  1 11 3
326 332  3  2 13 4
311 287  3  3 5 0
282 257  3  4 15 6
314 228  3  5 17 7
359 220  3  6 8 0
401 238  3  7 19 9
426 275  3  8 10 1
427 320  3  9 20 11
403 359  3  10 12 2
362 379  3  11 22 13
318 373  3  12 14 3
283 344  3  13 23 15
270 301  3  14 16 5
238 255  3  15 24 17
293 194  3  16 18 6
374 182  3  17 25 19
444 226  3  18 20 8
469 304  3  19 21 10
439 380  3  20 25 22
366 418  3  21 23 12
286 401  3  22 24 14
235 337  3  23 25 16
498 433  3  24 21 18

 26
311 287  3  4 7 1
273 275  3  0 9 2
296 240  3  1 11 3
333 221  3  2 13 4
350 260  3  3 5 0
388 287  3  4 15 6
373 332  3  5 17 7
326 332  3  6 8 0
290 353  3  7 19 9
271 316  3  8 10 1
190 305  3  9 20 11
223 201  3  10 12 2
316 143  3  11 22 13
374 223  3  12 14 3
409 246  3  13 23 15
428 283  3  14 16 5
426 324  3  15 24 17
403 359  3  16 18 6
366 378  3  17 25 19
325 376  3  18 20 8
231 407  3  19 21 10
327 458  3  20 25 22
425 158  3  21 23 12
498 240  3  22 24 14
502 349  3  23 25 16
434 435  3  24 21 18

 26
350 260  3  4 7 1
311 287  3  0 9 2
273 275  3  1 11 3
298 238  3  2 13 4
340 220  3  3 5 0
385 228  3  4 15 6
417 257  3  5 17 7
388 287  3  6 8 0
373 332  3  7 19 9
326 332  3  8 10 1
296 359  3  9 20 11
272 320  3  10 12 2
230 306  3  11 22 13
254 227  3  12 14 3
323 183  3  13 23 15
404 193  3  14 16 5
460 253  3  15 24 17
429 301  3  16 18 6
416 344  3  17 25 19
381 373  3  18 20 8
337 379  3  19 21 10
335 419  3  20 25 22
262 381  3  21 23 12
541 358  3  22 24 14
464 335  3  23 25 16
415 400  3  24 21 18

 26
350 220  3  4 7 1
350 260  3  0 9 2
311 287  3  1 11 3
277 266  3  2 13 4
306 232  3  3 5 0
308 187  3  4 15 6
391 187  3  5 17 7
393 232  3  6 8 0
422 266  3  7 19 9
388 287  3  8 10 1
373 332  3  9 20 11
326 332  3  10 12 2
289 352  3  11 22 13
270 311  3  12 14 3
231 320  3  13 23 15
246 240  3  14 16 5
523 199  3  15 24 17
453 239  3  16 18 6
468 320  3  17 25 19
429 311  3  18 20 8
410 352  3  19 21 10
372 376  3  20 25 22
327 376  3  21 23 12
272 391  3  22 24 14
350 420  3  23 25 16
427 391  3  24 21 18

 26
309 230  3  4 7 1
350 220  3  0 9 2
350 260  3  1 11 3
311 287  3  2 13 4
280 260  3  3 5 0
270 300  3  4 15 6
211 220  3  5 17 7
295 149  3  6 8 0
404 149  3  7 19 9
390 230  3  8 10 1
419 259  3  9 20 11
388 287  3  10 12 2
373 332  3  11 22 13
326 332  3  12 14 3
310 369  3  13 23 15
280 340  3  14 16 5
247 422  3  15 24 17
192 327  3  16 18 6
507 327  3  17 25 19
488 219  3  18 20 8
430 300  3  19 21 10
419 340  3  20 25 22
390 369  3  21 23 12
350 380  3  22 24 14
350 460  3  23 25 16
452 422  3  24 21 18

 26
350 220  3  4 7 1
390 230  3  0 9 2
419 259  3  1 11 3
384 280  3  2 13 4
350 260  3  3 5 0
315 280  3  4 15 6
280 260  3  5 17 7
309 230  3  6 8 0
308 145  3  7 19 9
430 161  3  8 10 1
504 258  3  9 20 11
430 300  3  10 12 2
419 340  3  11 22 13
384 320  3  12 14 3
350 340  3  13 23 15
315 320  3  14 16 5
280 340  3  15 24 17
270 300  3  16 18 6
195 341  3  17 25 19
211 220  3  18 20 8
488 380  3  19 21 10
391 454  3  20 25 22
390 369  3  21 23 12
350 380  3  22 24 14
310 369  3  23 25 16
270 438  3  24 21 18

 26
302 235  3  4 7 1
255 170  3  0 9 2
361 140  3  1 11 3
382 226  3  2 13 4
341 220  3  3 5 0
350 260  3  4 15 6
311 287  3  5 17 7
276 267  3  6 8 0
270 308  3  7 19 9
194 261  3  8 10 1
206 370  3  9 20 11
461 184  3  10 12 2
509 283  3  11 22 13
414 252  3  12 14 3
429 291  3  13 23 15
388 287  3  14 16 5
373 332  3  15 24 17
326 332  3  16 18 6
317 373  3  17 25 19
285 347  3  18 20 8
284 446  3  19 21 10
394 453  3  20 25 22
482 389  3  21 23 12
423 332  3  22 24 14
397 364  3  23 25 16
358 379  3  24 21 18

 26
350 220  3  4 7 1
309 230  3  0 9 2
269 161  3  1 11 3
391 145  3  2 13 4
390 230  3  3 5 0
419 259  3  4 15 6
384 280  3  5 17 7
350 260  3  6 8 0
315 280  3  7 19 9
280 260  3  8 10 1
270 300  3  9 20 11
195 258  3  10 12 2
211 380  3  11 22 13
488 219  3  12 14 3
504 341  3  13 23 15
430 300  3  14 16 5
419 340  3  15 24 17
384 320  3  16 18 6
350 340  3  17 25 19
315 320  3  18 20 8
280 340  3  19 21 10
310 369  3  20 25 22
308 454  3  21 23 12
430 438  3  22 24 14
390 369  3  23 25 16
350 380  3  24 21 18

 26
390 230  3  4 7 1
350 220  3  0 9 2
309 230  3  1 11 3
295 149  3  2 13 4
404 149  3  3 5 0
488 219  3  4 15 6
430 300  3  5 17 7
419 259  3  6 8 0
388 287  3  7 19 9
350 260  3  8 10 1
311 287  3  9 20 11
280 260  3  10 12 2
270 300  3  11 22 13
211 220  3  12 14 3
192 327  3  13 23 15
507 327  3  14 16 5
452 422  3  15 24 17
419 340  3  16 18 6
390 369  3  17 25 19
373 332  3  18 20 8
326 332  3  19 21 10
310 369  3  20 25 22
280 340  3  21 23 12
247 422  3  22 24 14
350 460  3  23 25 16
350 380  3  24 21 18

 26
430 161  3  4 7 1
390 230  3  0 9 2
350 220  3  1 11 3
309 230  3  2 13 4
308 145  3  3 5 0
211 220  3  4 15 6
488 380  3  5 17 7
504 258  3  6 8 0
430 300  3  7 19 9
419 259  3  8 10 1
384 280  3  9 20 11
350 260  3  10 12 2
315 280  3  11 22 13
280 260  3  12 14 3
270 300  3  13 23 15
195 341  3  14 16 5
270 438  3  15 24 17
391 454  3  16 18 6
390 369  3  17 25 19
419 340  3  18 20 8
384 320  3  19 21 10
350 340  3  20 25 22
315 320  3  21 23 12
280 340  3  22 24 14
310 369  3  23 25 16
350 380  3  24 21 18

 26
338 140  3  4 7 1
444 170  3  0 9 2
397 235  3  1 11 3
358 220  3  2 13 4
317 226  3  3 5 0
285 252  3  4 15 6
190 283  3  5 17 7
238 184  3  6 8 0
493 370  3  7 19 9
505 261  3  8 10 1
429 308  3  9 20 11
423 267  3  10 12 2
388 287  3  11 22 13
350 260  3  12 14 3
311 287  3  13 23 15
270 291  3  14 16 5
276 332  3  15 24 17
217 389  3  16 18 6
305 453  3  17 25 19
415 446  3  18 20 8
414 347  3  19 21 10
382 373  3  20 25 22
373 332  3  21 23 12
326 332  3  22 24 14
302 364  3  23 25 16
341 379  3  24 21 18

 26
341 180  3  4 7 1
420 202  3  0 9 2
466 270  3  1 11 3
413 250  3  2 13 4
377 224  3  3 5 0
332 222  3  4 15 6
292 244  3  5 17 7
266 213  3  6 8 0
230 287  3  7 19 9
467 138  3  8 10 1
398 409  3  9 20 11
457 352  3  10 12 2
420 337  3  11 22 13
429 293  3  12 14 3
388 287  3  13 23 15
350 260  3  14 16 5
311 287  3  15 24 17
271 283  3  16 18 6
275 328  3  17 25 19
250 367  3  18 20 8
316 415  3  19 21 10
345 379  3  20 25 22
388 369  3  21 23 12
373 332  3  22 24 14
326 332  3  23 25 16
302 364  3  24 21 18

 26
356 180  3  4 7 1
277 204  3  0 9 2
548 275  3  1 11 3
469 285  3  2 13 4
431 212  3  3 5 0
406 243  3  4 15 6
367 222  3  5 17 7
322 224  3  6 8 0
286 251  3  7 19 9
233 273  3  8 10 1
243 354  3  9 20 11
303 410  3  10 12 2
385 414  3  11 22 13
450 365  3  12 14 3
424 328  3  13 23 15
428 283  3  14 16 5
388 287  3  15 24 17
350 260  3  16 18 6
311 287  3  17 25 19
270 293  3  18 20 8
279 337  3  19 21 10
311 369  3  20 25 22
355 379  3  21 23 12
397 364  3  22 24 14
373 332  3  23 25 16
326 332  3  24 21 18

 26
505 261  3  4 7 1
444 170  3  0 9 2
338 140  3  1 11 3
238 184  3  2 13 4
493 370  3  3 5 0
415 446  3  4 15 6
414 347  3  5 17 7
429 308  3  6 8 0
423 267  3  7 19 9
397 235  3  8 10 1
358 220  3  9 20 11
317 226  3  10 12 2
285 252  3  11 22 13
190 283  3  12 14 3
217 389  3  13 23 15
305 453  3  14 16 5
341 379  3  15 24 17
382 373  3  16 18 6
373 332  3  17 25 19
388 287  3  18 20 8
350 260  3  19 21 10
311 287  3  20 25 22
270 291  3  21 23 12
276 332  3  22 24 14
302 364  3  23 25 16
326 332  3  24 21 18

 26
548 275  3  4 7 1
277 204  3  0 9 2
233 273  3  1 11 3
243 354  3  2 13 4
303 410  3  3 5 0
385 414  3  4 15 6
450 365  3  5 17 7
469 285  3  6 8 0
431 212  3  7 19 9
356 180  3  8 10 1
322 224  3  9 20 11
286 251  3  10 12 2
270 293  3  11 22 13
279 337  3  12 14 3
311 369  3  13 23 15
355 379  3  14 16 5
397 364  3  15 24 17
424 328  3  16 18 6
428 283  3  17 25 19
406 243  3  18 20 8
367 222  3  19 21 10
350 260  3  20 25 22
311 287  3  21 23 12
326 332  3  22 24 14
373 332  3  23 25 16
388 287  3  24 21 18

