 24
350 260  3  4 7 1
388 287  3  0 9 2
373 332  3  1 11 3
326 332  3  2 13 4
311 287  3  3 5 0
282 257  3  4 15 6
314 228  3  5 17 7
359 220  3  6 8 0
401 238  3  7 18 9
426 275  3  8 10 1
427 320  3  9 20 11
403 359  3  10 12 2
362 379  3  11 21 13
318 373  3  12 14 3
283 344  3  13 22 15
270 301  3  14 16 5
207 227  3  15 23 17
300 147  3  16 18 6
422 157  3  17 19 8
502 250  3  18 23 20
492 372  3  19 21 10
399 452  3  20 22 12
277 442  3  21 23 14
197 349  3  22 19 16

 24
311 287  3  4 7 1
271 283  3  0 9 2
292 244  3  1 11 3
332 222  3  2 13 4
350 260  3  3 5 0
388 287  3  4 15 6
373 332  3  5 17 7
326 332  3  6 8 0
302 364  3  7 18 9
275 328  3  8 10 1
191 325  3  9 20 11
220 205  3  10 12 2
324 141  3  11 21 13
377 224  3  12 14 3
413 250  3  13 22 15
429 293  3  14 16 5
420 337  3  15 23 17
388 369  3  16 18 6
345 379  3  17 19 8
375 458  3  18 23 20
255 429  3  19 21 10
444 170  3  20 22 12
508 274  3  21 23 14
479 394  3  22 19 16

 24
350 260  3  4 7 1
311 287  3  0 9 2
277 266  3  1 11 3
306 232  3  2 13 4
350 220  3  3 5 0
393 232  3  4 15 6
422 266  3  5 17 7
388 287  3  6 8 0
373 332  3  7 18 9
326 332  3  8 10 1
289 352  3  9 20 11
270 311  3  10 12 2
190 300  3  11 21 13
236 186  3  12 14 3
349 140  3  13 22 15
463 186  3  14 16 5
510 300  3  15 23 17
429 311  3  16 18 6
410 352  3  17 19 8
372 376  3  18 23 20
327 376  3  19 21 10
236 413  3  20 22 12
350 460  3  21 23 14
463 413  3  22 19 16

 24
340 220  3  4 7 1
350 260  3  0 9 2
311 287  3  1 11 3
273 275  3  2 13 4
298 238  3  3 5 0
274 158  3  4 15 6
396 146  3  5 17 7
385 228  3  6 8 0
417 257  3  7 18 9
388 287  3  8 10 1
373 332  3  9 20 11
326 332  3  10 12 2
296 359  3  11 21 13
272 320  3  12 14 3
208 375  3  13 22 15
196 253  3  14 16 5
503 346  3  15 23 17
491 224  3  16 18 6
429 301  3  17 19 8
416 344  3  18 23 20
381 373  3  19 21 10
337 379  3  20 22 12
303 453  3  21 23 14
425 441  3  22 19 16

 24
314 228  3  4 7 1
359 220  3  0 9 2
350 260  3  1 11 3
311 287  3  2 13 4
282 257  3  3 5 0
270 301  3  4 15 6
207 227  3  5 17 7
300 147  3  6 8 0
422 157  3  7 18 9
401 238  3  8 10 1
426 275  3  9 20 11
388 287  3  10 12 2
373 332  3  11 21 13
326 332  3  12 14 3
318 373  3  13 22 15
283 344  3  14 16 5
277 442  3  15 23 17
197 349  3  16 18 6
502 250  3  17 19 8
492 372  3  18 23 20
427 320  3  19 21 10
403 359  3  20 22 12
362 379  3  21 23 14
399 452  3  22 19 16

 24
350 220  3  4 7 1
390 230  3  0 9 2
419 259  3  1 11 3
384 280  3  2 13 4
350 260  3  3 5 0
315 280  3  4 15 6
280 260  3  5 17 7
309 230  3  6 8 0
269 161  3  7 18 9
430 161  3  8 10 1
510 300  3  9 20 11
430 300  3  10 12 2
419 340  3  11 21 13
384 320  3  12 14 3
350 340  3  13 22 15
315 320  3  14 16 5
280 340  3  15 23 17
270 300  3  16 18 6
190 300  3  17 19 8
270 438  3  18 23 20
430 438  3  19 21 10
390 369  3  20 22 12
350 380  3  21 23 14
310 369  3  22 19 16

 24
292 244  3  4 7 1
220 205  3  0 9 2
324 141  3  1 11 3
377 224  3  2 13 4
332 222  3  3 5 0
350 260  3  4 15 6
311 287  3  5 17 7
271 283  3  6 8 0
275 328  3  7 18 9
191 325  3  8 10 1
255 429  3  9 20 11
444 170  3  10 12 2
508 274  3  11 21 13
413 250  3  12 14 3
429 293  3  13 22 15
388 287  3  14 16 5
373 332  3  15 23 17
326 332  3  16 18 6
302 364  3  17 19 8
345 379  3  18 23 20
375 458  3  19 21 10
479 394  3  20 22 12
420 337  3  21 23 14
388 369  3  22 19 16

 24
359 220  3  4 7 1
314 228  3  0 9 2
300 147  3  1 11 3
422 157  3  2 13 4
401 238  3  3 5 0
426 275  3  4 15 6
388 287  3  5 17 7
350 260  3  6 8 0
311 287  3  7 18 9
282 257  3  8 10 1
270 301  3  9 20 11
207 227  3  10 12 2
197 349  3  11 21 13
502 250  3  12 14 3
492 372  3  13 22 15
427 320  3  14 16 5
403 359  3  15 23 17
373 332  3  16 18 6
326 332  3  17 19 8
318 373  3  18 23 20
283 344  3  19 21 10
277 442  3  20 22 12
399 452  3  21 23 14
362 379  3  22 19 16

 24
390 230  3  4 7 1
350 220  3  0 9 2
309 230  3  1 11 3
269 161  3  2 13 4
430 161  3  3 5 0
510 300  3  4 15 6
430 300  3  5 17 7
419 259  3  6 8 0
384 280  3  7 18 9
350 260  3  8 10 1
315 280  3  9 20 11
280 260  3  10 12 2
270 300  3  11 21 13
190 300  3  12 14 3
270 438  3  13 22 15
430 438  3  14 16 5
390 369  3  15 23 17
419 340  3  16 18 6
384 320  3  17 19 8
350 340  3  18 23 20
315 320  3  19 21 10
280 340  3  20 22 12
310 369  3  21 23 14
350 380  3  22 19 16

 24
396 146  3  4 7 1
385 228  3  0 9 2
340 220  3  1 11 3
298 238  3  2 13 4
274 158  3  3 5 0
196 253  3  4 15 6
503 346  3  5 17 7
491 224  3  6 8 0
429 301  3  7 18 9
417 257  3  8 10 1
388 287  3  9 20 11
350 260  3  10 12 2
311 287  3  11 21 13
273 275  3  12 14 3
272 320  3  13 22 15
208 375  3  14 16 5
303 453  3  15 23 17
425 441  3  16 18 6
416 344  3  17 19 8
381 373  3  18 23 20
373 332  3  19 21 10
326 332  3  20 22 12
296 359  3  21 23 14
337 379  3  22 19 16

 24
372 141  3  4 7 1
477 203  3  0 9 2
406 243  3  1 11 3
367 222  3  2 13 4
322 224  3  3 5 0
286 251  3  4 15 6
191 277  3  5 17 7
253 172  3  6 8 0
446 427  3  7 18 9
508 322  3  8 10 1
424 328  3  9 20 11
428 283  3  10 12 2
388 287  3  11 21 13
350 260  3  12 14 3
311 287  3  13 22 15
270 293  3  14 16 5
279 337  3  15 23 17
222 396  3  16 18 6
327 458  3  17 19 8
355 379  3  18 23 20
397 364  3  19 21 10
373 332  3  20 22 12
326 332  3  21 23 14
311 369  3  22 19 16

 24
324 141  3  4 7 1
444 170  3  0 9 2
508 274  3  1 11 3
413 250  3  2 13 4
377 224  3  3 5 0
332 222  3  4 15 6
292 244  3  5 17 7
220 205  3  6 8 0
191 325  3  7 18 9
255 429  3  8 10 1
375 458  3  9 20 11
479 394  3  10 12 2
420 337  3  11 21 13
429 293  3  12 14 3
388 287  3  13 22 15
350 260  3  14 16 5
311 287  3  15 23 17
271 283  3  16 18 6
275 328  3  17 19 8
302 364  3  18 23 20
345 379  3  19 21 10
388 369  3  20 22 12
373 332  3  21 23 14
326 332  3  22 19 16

 24
477 203  3  4 7 1
372 141  3  0 9 2
253 172  3  1 11 3
446 427  3  2 13 4
508 322  3  3 5 0
424 328  3  4 15 6
428 283  3  5 17 7
406 243  3  6 8 0
367 222  3  7 18 9
322 224  3  8 10 1
286 251  3  9 20 11
191 277  3  10 12 2
222 396  3  11 21 13
327 458  3  12 14 3
355 379  3  13 22 15
397 364  3  14 16 5
373 332  3  15 23 17
388 287  3  16 18 6
350 260  3  17 19 8
311 287  3  18 23 20
270 293  3  19 21 10
279 337  3  20 22 12
311 369  3  21 23 14
326 332  3  22 19 16

 24
253 172  3  4 7 1
191 277  3  0 9 2
222 396  3  1 11 3
327 458  3  2 13 4
446 427  3  3 5 0
508 322  3  4 15 6
477 203  3  5 17 7
372 141  3  6 8 0
322 224  3  7 18 9
286 251  3  8 10 1
270 293  3  9 20 11
279 337  3  10 12 2
311 369  3  11 21 13
355 379  3  12 14 3
397 364  3  13 22 15
424 328  3  14 16 5
428 283  3  15 23 17
406 243  3  16 18 6
367 222  3  17 19 8
350 260  3  18 23 20
311 287  3  19 21 10
326 332  3  20 22 12
373 332  3  21 23 14
388 287  3  22 19 16

