 30
350 260  3  4 7 1
388 287  3  0 9 2
373 332  3  1 11 3
326 332  3  2 13 4
311 287  3  3 5 0
273 275  3  4 14 6
302 235  3  5 17 7
350 220  3  6 8 0
397 235  3  7 19 9
426 275  3  8 10 1
426 324  3  9 21 11
397 364  3  10 12 2
350 380  3  11 23 13
302 364  3  12 14 3
273 324  3  13 15 5
235 337  3  14 24 16
235 262  3  15 26 17
279 202  3  16 18 6
350 180  3  17 27 19
420 202  3  18 20 8
464 262  3  19 28 21
464 337  3  20 22 10
420 397  3  21 29 23
350 420  3  22 24 12
279 397  3  23 25 15
232 461  3  24 29 26
159 238  3  25 27 16
349 100  3  26 28 18
540 238  3  27 29 20
467 461  3  28 25 22

 30
311 287  3  4 7 1
276 267  3  0 9 2
302 235  3  1 11 3
341 220  3  2 13 4
350 260  3  3 5 0
388 287  3  4 14 6
373 332  3  5 17 7
326 332  3  6 8 0
285 347  3  7 19 9
270 308  3  8 10 1
238 255  3  9 21 11
279 202  3  10 12 2
343 180  3  11 23 13
382 226  3  12 14 3
414 252  3  13 15 5
429 291  3  14 24 16
423 332  3  15 26 17
397 364  3  16 18 6
358 379  3  17 27 19
317 373  3  18 20 8
263 383  3  19 28 21
232 322  3  20 22 10
232 138  3  21 29 23
410 196  3  22 24 12
455 243  3  23 25 15
469 310  3  24 29 26
444 373  3  25 27 16
389 413  3  26 28 18
323 416  3  27 29 20
467 461  3  28 25 22

 30
350 260  3  4 7 1
311 287  3  0 9 2
276 267  3  1 11 3
302 235  3  2 13 4
341 220  3  3 5 0
382 226  3  4 14 6
414 252  3  5 17 7
388 287  3  6 8 0
373 332  3  7 19 9
326 332  3  8 10 1
285 347  3  9 21 11
270 308  3  10 12 2
238 255  3  11 23 13
279 202  3  12 14 3
343 180  3  13 15 5
410 196  3  14 24 16
455 243  3  15 26 17
429 291  3  16 18 6
423 332  3  17 27 19
397 364  3  18 20 8
358 379  3  19 28 21
317 373  3  20 22 10
263 383  3  21 29 23
232 322  3  22 24 12
232 138  3  23 25 15
467 461  3  24 29 26
469 310  3  25 27 16
444 373  3  26 28 18
389 413  3  27 29 20
323 416  3  28 25 22

 30
341 220  3  4 7 1
350 260  3  0 9 2
311 287  3  1 11 3
276 267  3  2 13 4
302 235  3  3 5 0
279 202  3  4 14 6
343 180  3  5 17 7
382 226  3  6 8 0
414 252  3  7 19 9
388 287  3  8 10 1
373 332  3  9 21 11
326 332  3  10 12 2
285 347  3  11 23 13
270 308  3  12 14 3
238 255  3  13 15 5
232 322  3  14 24 16
232 138  3  15 26 17
410 196  3  16 18 6
455 243  3  17 27 19
429 291  3  18 20 8
423 332  3  19 28 21
397 364  3  20 22 10
358 379  3  21 29 23
317 373  3  22 24 12
263 383  3  23 25 15
323 416  3  24 29 26
467 461  3  25 27 16
469 310  3  26 28 18
444 373  3  27 29 20
389 413  3  28 25 22

 30
302 235  3  4 7 1
341 220  3  0 9 2
350 260  3  1 11 3
311 287  3  2 13 4
276 267  3  3 5 0
270 308  3  4 14 6
238 255  3  5 17 7
279 202  3  6 8 0
343 180  3  7 19 9
382 226  3  8 10 1
414 252  3  9 21 11
388 287  3  10 12 2
373 332  3  11 23 13
326 332  3  12 14 3
285 347  3  13 15 5
317 373  3  14 24 16
263 383  3  15 26 17
232 322  3  16 18 6
232 138  3  17 27 19
410 196  3  18 20 8
455 243  3  19 28 21
429 291  3  20 22 10
423 332  3  21 29 23
397 364  3  22 24 12
358 379  3  23 25 15
389 413  3  24 29 26
323 416  3  25 27 16
467 461  3  26 28 18
469 310  3  27 29 20
444 373  3  28 25 22

 30
358 220  3  4 7 1
397 235  3  0 9 2
423 267  3  1 11 3
388 287  3  2 13 4
350 260  3  3 5 0
311 287  3  4 14 6
285 252  3  5 17 7
317 226  3  6 8 0
356 180  3  7 19 9
420 202  3  8 10 1
461 255  3  9 21 11
429 308  3  10 12 2
414 347  3  11 23 13
373 332  3  12 14 3
326 332  3  13 15 5
302 364  3  14 24 16
276 332  3  15 26 17
270 291  3  16 18 6
244 243  3  17 27 19
289 196  3  18 20 8
464 136  3  19 28 21
467 322  3  20 22 10
436 383  3  21 29 23
382 373  3  22 24 12
341 379  3  23 25 15
310 413  3  24 29 26
255 373  3  25 27 16
230 310  3  26 28 18
232 461  3  27 29 20
376 416  3  28 25 22

 30
314 228  3  4 7 1
255 170  3  0 9 2
349 140  3  1 11 3
385 228  3  2 13 4
350 220  3  3 5 0
350 260  3  4 14 6
315 280  3  5 17 7
287 249  3  6 8 0
272 282  3  7 19 9
197 250  3  8 10 1
502 250  3  9 21 11
444 170  3  10 12 2
427 282  3  11 23 13
412 249  3  12 14 3
384 280  3  13 15 5
384 320  3  14 24 16
350 340  3  15 26 17
315 320  3  16 18 6
287 350  3  17 27 19
272 317  3  18 20 8
197 349  3  19 28 21
502 349  3  20 22 10
444 429  3  21 29 23
427 317  3  22 24 12
412 350  3  23 25 15
385 371  3  24 29 26
350 380  3  25 27 16
314 371  3  26 28 18
255 429  3  27 29 20
350 460  3  28 25 22

 30
350 220  3  4 7 1
314 228  3  0 9 2
255 170  3  1 11 3
349 140  3  2 13 4
385 228  3  3 5 0
412 249  3  4 14 6
384 280  3  5 17 7
350 260  3  6 8 0
315 280  3  7 19 9
287 249  3  8 10 1
272 282  3  9 21 11
197 250  3  10 12 2
502 250  3  11 23 13
444 170  3  12 14 3
427 282  3  13 15 5
427 317  3  14 24 16
412 350  3  15 26 17
384 320  3  16 18 6
350 340  3  17 27 19
315 320  3  18 20 8
287 350  3  19 28 21
272 317  3  20 22 10
197 349  3  21 29 23
502 349  3  22 24 12
444 429  3  23 25 15
350 460  3  24 29 26
385 371  3  25 27 16
350 380  3  26 28 18
314 371  3  27 29 20
255 429  3  28 25 22

 30
385 228  3  4 7 1
350 220  3  0 9 2
314 228  3  1 11 3
255 170  3  2 13 4
349 140  3  3 5 0
444 170  3  4 14 6
427 282  3  5 17 7
412 249  3  6 8 0
384 280  3  7 19 9
350 260  3  8 10 1
315 280  3  9 21 11
287 249  3  10 12 2
272 282  3  11 23 13
197 250  3  12 14 3
502 250  3  13 15 5
502 349  3  14 24 16
444 429  3  15 26 17
427 317  3  16 18 6
412 350  3  17 27 19
384 320  3  18 20 8
350 340  3  19 28 21
315 320  3  20 22 10
287 350  3  21 29 23
272 317  3  22 24 12
197 349  3  23 25 15
255 429  3  24 29 26
350 460  3  25 27 16
385 371  3  26 28 18
350 380  3  27 29 20
314 371  3  28 25 22

 30
349 140  3  4 7 1
385 228  3  0 9 2
350 220  3  1 11 3
314 228  3  2 13 4
255 170  3  3 5 0
197 250  3  4 14 6
502 250  3  5 17 7
444 170  3  6 8 0
427 282  3  7 19 9
412 249  3  8 10 1
384 280  3  9 21 11
350 260  3  10 12 2
315 280  3  11 23 13
287 249  3  12 14 3
272 282  3  13 15 5
272 317  3  14 24 16
197 349  3  15 26 17
502 349  3  16 18 6
444 429  3  17 27 19
427 317  3  18 20 8
412 350  3  19 28 21
384 320  3  20 22 10
350 340  3  21 29 23
315 320  3  22 24 12
287 350  3  23 25 15
314 371  3  24 29 26
255 429  3  25 27 16
350 460  3  26 28 18
385 371  3  27 29 20
350 380  3  28 25 22

 30
488 219  3  4 7 1
509 316  3  0 9 2
429 294  3  1 11 3
419 259  3  2 13 4
394 233  3  3 5 0
362 220  3  4 14 6
326 223  3  5 17 7
415 153  3  6 8 0
316 143  3  7 19 9
468 407  3  8 10 1
404 358  3  9 21 11
424 329  3  10 12 2
384 320  3  11 23 13
384 280  3  12 14 3
350 260  3  13 15 5
315 280  3  14 24 16
275 270  3  15 26 17
295 241  3  16 18 6
190 283  3  17 27 19
231 192  3  18 20 8
383 456  3  19 28 21
373 376  3  20 22 10
337 379  3  21 29 23
350 340  3  22 24 12
315 320  3  23 25 15
280 340  3  24 29 26
270 305  3  25 27 16
211 380  3  26 28 18
284 446  3  27 29 20
305 366  3  28 25 22

 30
259 221  3  4 7 1
349 100  3  0 9 2
440 221  3  1 11 3
383 184  3  2 13 4
314 185  3  3 5 0
309 230  3  4 14 6
280 260  3  5 17 7
231 283  3  6 8 0
241 350  3  7 19 9
353 499  3  8 10 1
459 348  3  9 21 11
468 283  3  10 12 2
419 259  3  11 23 13
390 230  3  12 14 3
350 220  3  13 15 5
350 260  3  14 24 16
311 287  3  15 26 17
270 300  3  16 18 6
280 340  3  17 27 19
284 400  3  18 20 8
350 420  3  19 28 21
415 400  3  20 22 10
419 340  3  21 29 23
430 300  3  22 24 12
388 287  3  23 25 15
373 332  3  24 29 26
326 332  3  25 27 16
310 369  3  26 28 18
350 380  3  27 29 20
390 369  3  28 25 22

 30
314 185  3  4 7 1
259 221  3  0 9 2
349 100  3  1 11 3
440 221  3  2 13 4
383 184  3  3 5 0
390 230  3  4 14 6
350 220  3  5 17 7
309 230  3  6 8 0
280 260  3  7 19 9
231 283  3  8 10 1
241 350  3  9 21 11
353 499  3  10 12 2
459 348  3  11 23 13
468 283  3  12 14 3
419 259  3  13 15 5
430 300  3  14 24 16
388 287  3  15 26 17
350 260  3  16 18 6
311 287  3  17 27 19
270 300  3  18 20 8
280 340  3  19 28 21
284 400  3  20 22 10
350 420  3  21 29 23
415 400  3  22 24 12
419 340  3  23 25 15
390 369  3  24 29 26
373 332  3  25 27 16
326 332  3  26 28 18
310 369  3  27 29 20
350 380  3  28 25 22

 30
383 184  3  4 7 1
314 185  3  0 9 2
259 221  3  1 11 3
349 100  3  2 13 4
440 221  3  3 5 0
468 283  3  4 14 6
419 259  3  5 17 7
390 230  3  6 8 0
350 220  3  7 19 9
309 230  3  8 10 1
280 260  3  9 21 11
231 283  3  10 12 2
241 350  3  11 23 13
353 499  3  12 14 3
459 348  3  13 15 5
415 400  3  14 24 16
419 340  3  15 26 17
430 300  3  16 18 6
388 287  3  17 27 19
350 260  3  18 20 8
311 287  3  19 28 21
270 300  3  20 22 10
280 340  3  21 29 23
284 400  3  22 24 12
350 420  3  23 25 15
350 380  3  24 29 26
390 369  3  25 27 16
373 332  3  26 28 18
326 332  3  27 29 20
310 369  3  28 25 22

 30
440 221  3  4 7 1
383 184  3  0 9 2
314 185  3  1 11 3
259 221  3  2 13 4
349 100  3  3 5 0
353 499  3  4 14 6
459 348  3  5 17 7
468 283  3  6 8 0
419 259  3  7 19 9
390 230  3  8 10 1
350 220  3  9 21 11
309 230  3  10 12 2
280 260  3  11 23 13
231 283  3  12 14 3
241 350  3  13 15 5
284 400  3  14 24 16
350 420  3  15 26 17
415 400  3  16 18 6
419 340  3  17 27 19
430 300  3  18 20 8
388 287  3  19 28 21
350 260  3  20 22 10
311 287  3  21 29 23
270 300  3  22 24 12
280 340  3  23 25 15
310 369  3  24 29 26
350 380  3  25 27 16
390 369  3  26 28 18
373 332  3  27 29 20
326 332  3  28 25 22

 30
539 234  3  4 7 1
452 361  3  0 9 2
469 295  3  1 11 3
448 231  3  2 13 4
394 188  3  3 5 0
329 181  3  4 14 6
268 212  3  5 17 7
160 365  3  6 8 0
337 419  3  7 19 9
404 406  3  8 10 1
409 353  3  9 21 11
428 316  3  10 12 2
426 275  3  11 23 13
403 240  3  12 14 3
366 221  3  13 15 5
325 223  3  14 24 16
290 246  3  15 26 17
233 270  3  16 18 6
235 337  3  17 27 19
274 393  3  18 20 8
333 378  3  19 28 21
374 376  3  20 22 10
373 332  3  21 29 23
388 287  3  22 24 12
350 260  3  23 25 15
311 287  3  24 29 26
271 283  3  25 27 16
273 324  3  26 28 18
296 359  3  27 29 20
326 332  3  28 25 22

 30
232 461  3  4 7 1
467 461  3  0 9 2
540 238  3  1 11 3
349 100  3  2 13 4
159 238  3  3 5 0
235 262  3  4 14 6
235 337  3  5 17 7
279 397  3  6 8 0
350 420  3  7 19 9
420 397  3  8 10 1
464 337  3  9 21 11
464 262  3  10 12 2
420 202  3  11 23 13
350 180  3  12 14 3
279 202  3  13 15 5
302 235  3  14 24 16
273 275  3  15 26 17
273 324  3  16 18 6
302 364  3  17 27 19
350 380  3  18 20 8
397 364  3  19 28 21
426 324  3  20 22 10
426 275  3  21 29 23
397 235  3  22 24 12
350 220  3  23 25 15
350 260  3  24 29 26
311 287  3  25 27 16
326 332  3  26 28 18
373 332  3  27 29 20
388 287  3  28 25 22

 30
350 260  3  4 7 1
388 287  3  0 9 2
373 332  3  1 11 3
326 332  3  2 13 4
311 287  3  3 5 0
282 257  3  4 15 6
314 228  3  5 17 7
359 220  3  6 8 0
401 238  3  7 19 9
426 275  3  8 10 1
427 320  3  9 21 11
403 359  3  10 12 2
362 379  3  11 23 13
318 373  3  12 14 3
283 344  3  13 24 15
270 301  3  14 16 5
248 236  3  15 26 17
297 192  3  16 18 6
364 180  3  17 27 19
427 208  3  18 20 8
464 262  3  19 28 21
465 331  3  20 22 10
430 389  3  21 29 23
368 418  3  22 24 12
303 410  3  23 25 14
250 367  3  24 29 26
230 302  3  25 27 16
242 181  3  26 28 18
578 225  3  27 29 20
330 458  3  28 25 22

 30
311 287  3  4 7 1
273 275  3  0 9 2
296 240  3  1 11 3
333 221  3  2 13 4
350 260  3  3 5 0
388 287  3  4 15 6
373 332  3  5 17 7
326 332  3  6 8 0
290 353  3  7 19 9
271 316  3  8 10 1
231 283  3  9 21 11
258 222  3  10 12 2
314 185  3  11 23 13
374 223  3  12 14 3
409 246  3  13 24 15
428 283  3  14 16 5
426 324  3  15 26 17
403 359  3  16 18 6
366 378  3  17 27 19
325 376  3  18 20 8
286 401  3  19 28 21
241 350  3  20 22 10
196 171  3  21 29 23
383 184  3  22 24 12
439 219  3  23 25 14
468 281  3  24 29 26
459 348  3  25 27 16
415 400  3  26 28 18
352 419  3  27 29 20
503 428  3  28 25 22

 30
350 260  3  4 7 1
311 287  3  0 9 2
276 267  3  1 11 3
302 235  3  2 13 4
341 220  3  3 5 0
382 226  3  4 15 6
414 252  3  5 17 7
388 287  3  6 8 0
373 332  3  7 19 9
326 332  3  8 10 1
285 347  3  9 21 11
270 308  3  10 12 2
234 266  3  11 23 13
269 210  3  12 14 3
331 181  3  13 24 15
398 190  3  14 16 5
449 232  3  15 26 17
429 291  3  16 18 6
423 332  3  17 27 19
397 364  3  18 20 8
358 379  3  19 28 21
317 373  3  20 22 10
272 391  3  21 29 23
235 335  3  22 24 12
180 194  3  23 25 14
483 448  3  24 29 26
469 297  3  25 27 16
451 363  3  26 28 18
400 408  3  27 29 20
335 419  3  28 25 22

 30
341 220  3  4 7 1
350 260  3  0 9 2
311 287  3  1 11 3
276 267  3  2 13 4
302 235  3  3 5 0
284 199  3  4 15 6
350 180  3  5 17 7
382 226  3  6 8 0
414 252  3  7 19 9
388 287  3  8 10 1
373 332  3  9 21 11
326 332  3  10 12 2
285 347  3  11 23 13
270 308  3  12 14 3
231 316  3  13 24 15
240 251  3  14 16 5
291 108  3  15 26 17
413 198  3  16 18 6
458 249  3  17 27 19
429 291  3  18 20 8
423 332  3  19 28 21
397 364  3  20 22 10
358 379  3  21 29 23
317 373  3  22 24 12
259 378  3  23 25 14
316 415  3  24 29 26
458 467  3  25 27 16
468 316  3  26 28 18
440 378  3  27 29 20
385 414  3  28 25 22

 30
309 230  3  4 7 1
350 220  3  0 9 2
350 260  3  1 11 3
311 287  3  2 13 4
280 260  3  3 5 0
270 300  3  4 15 6
244 243  3  5 17 7
289 196  3  6 8 0
356 180  3  7 19 9
390 230  3  8 10 1
419 259  3  9 21 11
388 287  3  10 12 2
373 332  3  11 23 13
326 332  3  12 14 3
310 369  3  13 24 15
280 340  3  14 16 5
255 373  3  15 26 17
230 310  3  16 18 6
249 126  3  17 27 19
420 202  3  18 20 8
461 255  3  19 28 21
430 300  3  20 22 10
419 340  3  21 29 23
390 369  3  22 24 12
350 380  3  23 25 14
376 416  3  24 29 26
310 413  3  25 27 16
450 473  3  26 28 18
467 322  3  27 29 20
436 383  3  28 25 22

 30
352 220  3  4 7 1
390 230  3  0 9 2
417 256  3  1 11 3
384 280  3  2 13 4
350 260  3  3 5 0
315 280  3  4 15 6
286 251  3  5 17 7
314 228  3  6 8 0
337 180  3  7 19 9
410 196  3  8 10 1
459 251  3  9 21 11
429 293  3  10 12 2
423 331  3  11 23 13
384 320  3  12 14 3
350 340  3  13 24 15
315 320  3  14 16 5
274 326  3  15 26 17
270 287  3  16 18 6
232 275  3  17 27 19
269 210  3  18 20 8
545 341  3  19 28 21
467 324  3  20 22 10
430 389  3  21 29 23
401 361  3  22 24 12
366 378  3  23 25 14
327 376  3  24 29 26
295 358  3  25 27 16
240 348  3  26 28 18
290 403  3  27 29 20
362 419  3  28 25 22

 30
299 237  3  4 7 1
262 165  3  0 9 2
341 140  3  1 11 3
373 223  3  2 13 4
334 221  3  3 5 0
350 260  3  4 15 6
311 287  3  5 17 7
276 267  3  6 8 0
270 305  3  7 19 9
207 227  3  8 10 1
190 308  3  9 21 11
422 157  3  10 12 2
484 212  3  11 23 13
405 242  3  12 14 3
426 275  3  13 24 15
388 287  3  14 16 5
373 332  3  15 26 17
326 332  3  16 18 6
310 369  3  17 27 19
282 342  3  18 20 8
277 442  3  19 28 21
215 387  3  20 22 10
492 372  3  21 29 23
509 291  3  22 24 12
428 313  3  23 25 14
413 348  3  24 29 26
383 372  3  25 27 16
345 379  3  26 28 18
358 459  3  27 29 20
437 434  3  28 25 22

 30
359 220  3  4 7 1
321 225  3  0 9 2
327 141  3  1 11 3
417 154  3  2 13 4
395 234  3  3 5 0
420 262  3  4 15 6
384 280  3  5 17 7
350 260  3  6 8 0
315 280  3  7 19 9
290 246  3  8 10 1
272 280  3  9 21 11
247 177  3  10 12 2
196 253  3  11 23 13
485 215  3  12 14 3
510 300  3  13 24 15
430 300  3  14 16 5
420 337  3  15 26 17
384 320  3  16 18 6
350 340  3  17 27 19
315 320  3  18 20 8
290 353  3  19 28 21
272 319  3  20 22 10
245 420  3  21 29 23
196 344  3  22 24 12
484 387  3  23 25 14
415 446  3  24 29 26
395 365  3  25 27 16
359 379  3  26 28 18
321 374  3  27 29 20
324 458  3  28 25 22

 30
385 228  3  4 7 1
350 220  3  0 9 2
314 228  3  1 11 3
300 147  3  2 13 4
399 147  3  3 5 0
479 205  3  4 15 6
427 282  3  5 17 7
412 249  3  6 8 0
384 280  3  7 19 9
350 260  3  8 10 1
315 280  3  9 21 11
287 249  3  10 12 2
272 282  3  11 23 13
220 205  3  12 14 3
190 300  3  13 24 15
510 300  3  14 16 5
479 394  3  15 26 17
427 317  3  16 18 6
412 350  3  17 27 19
384 320  3  18 20 8
350 340  3  19 28 21
315 320  3  20 22 10
287 350  3  21 29 23
272 317  3  22 24 12
220 394  3  23 25 14
300 452  3  24 29 26
399 452  3  25 27 16
385 371  3  26 28 18
350 380  3  27 29 20
314 371  3  28 25 22

 30
372 141  3  4 7 1
378 225  3  0 9 2
340 220  3  1 11 3
304 234  3  2 13 4
282 154  3  3 5 0
214 215  3  4 15 6
503 253  3  5 17 7
452 177  3  6 8 0
427 280  3  7 19 9
409 246  3  8 10 1
384 280  3  9 21 11
350 260  3  10 12 2
315 280  3  11 23 13
279 262  3  12 14 3
270 300  3  13 24 15
190 300  3  14 16 5
215 387  3  15 26 17
503 344  3  16 18 6
454 420  3  17 27 19
427 319  3  18 20 8
410 352  3  19 28 21
384 320  3  20 22 10
350 340  3  21 29 23
315 320  3  22 24 12
279 337  3  23 25 14
305 366  3  24 29 26
284 446  3  25 27 16
375 458  3  26 28 18
378 374  3  27 29 20
340 379  3  28 25 22

 30
355 140  3  4 7 1
434 164  3  0 9 2
399 236  3  1 11 3
365 221  3  2 13 4
326 223  3  3 5 0
293 243  3  4 15 6
214 215  3  5 17 7
274 158  3  6 8 0
509 305  3  7 19 9
491 224  3  8 10 1
429 305  3  9 21 11
423 267  3  10 12 2
388 287  3  11 23 13
350 260  3  12 14 3
311 287  3  13 24 15
273 275  3  14 16 5
271 313  3  15 26 17
190 294  3  16 18 6
208 375  3  17 27 19
485 384  3  18 20 8
425 441  3  19 28 21
418 341  3  20 22 10
391 368  3  21 29 23
373 332  3  22 24 12
326 332  3  23 25 14
317 373  3  24 29 26
286 349  3  25 27 16
265 435  3  26 28 18
344 459  3  27 29 20
354 379  3  28 25 22

 30
335 180  3  4 7 1
408 195  3  0 9 2
458 249  3  1 11 3
404 241  3  2 13 4
372 223  3  3 5 0
333 221  3  4 15 6
298 238  3  5 17 7
268 212  3  6 8 0
232 277  3  7 19 9
446 125  3  8 10 1
431 387  3  9 21 11
467 322  3  10 12 2
429 312  3  11 23 13
425 273  3  12 14 3
384 280  3  13 24 15
350 260  3  14 16 5
315 280  3  15 26 17
276 268  3  16 18 6
270 306  3  17 27 19
241 350  3  18 20 8
291 404  3  19 28 21
364 419  3  20 22 10
385 371  3  21 29 23
414 347  3  22 24 12
384 320  3  23 25 14
350 340  3  24 29 26
315 320  3  25 27 16
282 343  3  26 28 18
311 369  3  27 29 20
347 379  3  28 25 22

 30
327 182  3  4 7 1
268 212  3  0 9 2
370 101  3  1 11 3
448 231  3  2 13 4
394 188  3  3 5 0
397 235  3  4 15 6
358 220  3  5 17 7
317 226  3  6 8 0
285 252  3  7 19 9
233 270  3  8 10 1
236 339  3  9 21 11
332 499  3  10 12 2
453 360  3  11 23 13
469 295  3  12 14 3
429 308  3  13 24 15
423 267  3  14 16 5
388 287  3  15 26 17
350 260  3  16 18 6
311 287  3  17 27 19
270 291  3  18 20 8
276 332  3  19 28 21
274 393  3  20 22 10
337 419  3  21 29 23
404 406  3  22 24 12
414 347  3  23 25 14
382 373  3  24 29 26
373 332  3  25 27 16
326 332  3  26 28 18
302 364  3  27 29 20
341 379  3  28 25 22

 30
389 186  3  4 7 1
320 183  3  0 9 2
263 216  3  1 11 3
360 100  3  2 13 4
444 226  3  3 5 0
469 289  3  4 15 6
419 259  3  5 17 7
390 230  3  6 8 0
350 220  3  7 19 9
309 230  3  8 10 1
280 260  3  9 21 11
232 277  3  10 12 2
238 344  3  11 23 13
284 489  3  12 14 3
410 403  3  13 24 15
456 354  3  14 16 5
419 340  3  15 26 17
430 300  3  16 18 6
388 287  3  17 27 19
350 260  3  18 20 8
311 287  3  19 28 21
270 300  3  20 22 10
280 340  3  21 29 23
279 397  3  22 24 12
343 419  3  23 25 14
350 380  3  24 29 26
390 369  3  25 27 16
373 332  3  26 28 18
326 332  3  27 29 20
310 369  3  28 25 22

 30
431 212  3  4 7 1
370 181  3  0 9 2
305 188  3  1 11 3
251 231  3  2 13 4
329 101  3  3 5 0
424 485  3  4 15 6
463 339  3  5 17 7
466 270  3  6 8 0
419 259  3  7 19 9
390 230  3  8 10 1
350 220  3  9 21 11
309 230  3  10 12 2
280 260  3  11 23 13
230 295  3  12 14 3
246 360  3  13 24 15
295 406  3  14 16 5
362 419  3  15 26 17
425 393  3  16 18 6
419 340  3  17 27 19
430 300  3  18 20 8
388 287  3  19 28 21
350 260  3  20 22 10
311 287  3  21 29 23
270 300  3  22 24 12
280 340  3  23 25 14
310 369  3  24 29 26
350 380  3  25 27 16
390 369  3  26 28 18
373 332  3  27 29 20
326 332  3  28 25 22

 30
517 191  3  4 7 1
464 335  3  0 9 2
465 266  3  1 11 3
428 209  3  2 13 4
366 181  3  3 5 0
301 190  3  4 15 6
249 234  3  5 17 7
182 408  3  6 8 0
366 418  3  7 19 9
428 390  3  8 10 1
414 347  3  9 21 11
429 308  3  10 12 2
423 267  3  11 23 13
397 235  3  12 14 3
358 220  3  13 24 15
317 226  3  14 16 5
285 252  3  15 26 17
230 300  3  16 18 6
248 363  3  17 27 19
299 408  3  18 20 8
341 379  3  19 28 21
382 373  3  20 22 10
373 332  3  21 29 23
388 287  3  22 24 12
350 260  3  23 25 14
311 287  3  24 29 26
270 291  3  25 27 16
276 332  3  26 28 18
302 364  3  27 29 20
326 332  3  28 25 22

 30
193 333  3  4 7 1
494 491  3  0 9 2
427 160  3  1 11 3
308 187  3  2 13 4
254 227  3  3 5 0
230 291  3  4 15 6
244 356  3  5 17 7
291 404  3  6 8 0
358 419  3  7 19 9
422 395  3  8 10 1
462 343  3  9 21 11
467 275  3  10 12 2
434 215  3  11 23 13
374 182  3  12 14 3
322 224  3  13 24 15
286 251  3  14 16 5
270 293  3  15 26 17
279 337  3  16 18 6
311 369  3  17 27 19
355 379  3  18 20 8
397 364  3  19 28 21
424 328  3  20 22 10
428 283  3  21 29 23
406 243  3  22 24 12
367 222  3  23 25 14
350 260  3  24 29 26
311 287  3  25 27 16
326 332  3  26 28 18
373 332  3  27 29 20
388 287  3  28 25 22

 30
350 260  3  4 7 1
388 287  3  0 9 2
373 332  3  1 11 3
326 332  3  2 14 4
311 287  3  3 5 0
285 252  3  4 16 6
317 226  3  5 18 7
358 220  3  6 8 0
397 235  3  7 20 9
423 267  3  8 10 1
429 308  3  9 22 11
414 347  3  10 12 2
382 373  3  11 23 13
341 379  3  12 25 14
302 364  3  13 15 3
276 332  3  14 26 16
270 291  3  15 17 5
244 243  3  16 27 18
289 196  3  17 19 6
356 180  3  18 28 20
420 202  3  19 21 8
461 255  3  20 29 22
467 322  3  21 23 10
436 383  3  22 24 12
376 416  3  23 29 25
310 413  3  24 26 13
255 373  3  25 27 15
230 310  3  26 28 17
206 161  3  27 29 19
528 390  3  28 24 21

 30
311 287  3  4 7 1
273 275  3  0 9 2
296 240  3  1 11 3
333 221  3  2 14 4
350 260  3  3 5 0
388 287  3  4 16 6
373 332  3  5 18 7
326 332  3  6 8 0
290 353  3  7 20 9
271 316  3  8 10 1
230 295  3  9 22 11
250 232  3  10 12 2
303 189  3  11 23 13
370 181  3  12 25 14
374 223  3  13 15 3
409 246  3  14 26 16
428 283  3  15 17 5
426 324  3  16 27 18
403 359  3  17 19 6
366 378  3  18 28 20
325 376  3  19 21 8
297 407  3  20 29 22
247 361  3  21 23 10
159 238  3  22 24 12
541 358  3  23 29 25
430 210  3  24 26 13
465 268  3  25 27 15
464 337  3  26 28 17
425 393  3  27 29 19
364 419  3  28 24 21

 30
350 260  3  4 7 1
311 287  3  0 9 2
276 267  3  1 11 3
302 235  3  2 14 4
341 220  3  3 5 0
382 226  3  4 16 6
414 252  3  5 18 7
388 287  3  6 8 0
373 332  3  7 20 9
326 332  3  8 10 1
285 347  3  9 22 11
270 308  3  10 12 2
232 322  3  11 23 13
237 256  3  12 25 14
279 202  3  13 15 3
343 180  3  14 26 16
408 195  3  15 17 5
455 243  3  16 27 18
429 291  3  17 19 6
423 332  3  18 28 20
397 364  3  19 21 8
358 379  3  20 29 22
317 373  3  21 23 10
263 383  3  22 24 12
323 416  3  23 29 25
173 393  3  24 26 13
493 161  3  25 27 15
469 310  3  26 28 17
444 373  3  27 29 19
391 412  3  28 24 21

 30
350 220  3  4 7 1
350 260  3  0 9 2
311 287  3  1 11 3
280 260  3  2 14 4
309 230  3  3 5 0
316 184  3  4 16 6
385 185  3  5 18 7
390 230  3  6 8 0
419 259  3  7 20 9
388 287  3  8 10 1
373 332  3  9 22 11
326 332  3  10 12 2
310 369  3  11 23 13
280 340  3  12 25 14
270 300  3  13 15 3
231 281  3  14 26 16
259 221  3  15 17 5
349 100  3  16 27 18
440 221  3  17 19 6
468 283  3  18 28 20
430 300  3  19 21 8
419 340  3  20 29 22
390 369  3  21 23 10
350 380  3  22 24 12
350 420  3  23 29 25
284 400  3  24 26 13
240 348  3  25 27 15
350 500  3  26 28 17
458 350  3  27 29 19
413 401  3  28 24 21

 30
321 225  3  4 7 1
359 220  3  0 9 2
350 260  3  1 11 3
315 280  3  2 14 4
290 246  3  3 5 0
272 280  3  4 16 6
252 229  3  5 18 7
312 185  3  6 8 0
387 185  3  7 20 9
395 234  3  8 10 1
420 262  3  9 22 11
384 280  3  10 12 2
384 320  3  11 23 13
350 340  3  12 25 14
315 320  3  13 15 3
290 353  3  14 26 16
272 319  3  15 17 5
252 370  3  16 27 18
230 300  3  17 19 6
411 490  3  18 28 20
447 229  3  19 21 8
470 300  3  20 29 22
430 300  3  21 23 10
420 337  3  22 24 12
395 365  3  23 29 25
359 379  3  24 26 13
321 374  3  25 27 15
312 414  3  26 28 17
387 414  3  27 29 19
447 370  3  28 24 21

 30
340 220  3  4 7 1
378 225  3  0 9 2
409 246  3  1 11 3
384 280  3  2 14 4
350 260  3  3 5 0
315 280  3  4 16 6
279 262  3  5 18 7
304 234  3  6 8 0
306 187  3  7 20 9
381 184  3  8 10 1
443 224  3  9 22 11
427 280  3  10 12 2
427 319  3  11 23 13
410 352  3  12 25 14
384 320  3  13 15 3
350 340  3  14 26 16
315 320  3  15 17 5
279 337  3  16 27 18
270 300  3  17 19 6
230 306  3  18 28 20
249 234  3  19 21 8
549 289  3  20 29 22
469 293  3  21 23 10
450 365  3  22 24 12
393 412  3  23 29 25
378 374  3  24 26 13
340 379  3  25 27 15
305 366  3  26 28 17
256 375  3  27 29 19
318 415  3  28 24 21

 30
302 235  3  4 7 1
279 202  3  0 9 2
350 180  3  1 11 3
382 226  3  2 14 4
341 220  3  3 5 0
350 260  3  4 16 6
311 287  3  5 18 7
276 267  3  6 8 0
270 308  3  7 20 9
235 262  3  8 10 1
150 300  3  9 22 11
411 109  3  10 12 2
420 202  3  11 23 13
464 262  3  12 25 14
414 252  3  13 15 3
429 291  3  14 26 16
388 287  3  15 17 5
373 332  3  16 27 18
326 332  3  17 19 6
317 373  3  18 28 20
285 347  3  19 21 8
279 397  3  20 29 22
235 337  3  21 23 10
467 461  3  22 24 12
420 397  3  23 29 25
464 337  3  24 26 13
423 332  3  25 27 15
397 364  3  26 28 17
358 379  3  27 29 19
350 420  3  28 24 21

 30
359 220  3  4 7 1
321 225  3  0 9 2
312 185  3  1 11 3
387 185  3  2 14 4
395 234  3  3 5 0
420 262  3  4 16 6
384 280  3  5 18 7
350 260  3  6 8 0
315 280  3  7 20 9
290 246  3  8 10 1
272 280  3  9 22 11
252 229  3  10 12 2
230 300  3  11 23 13
411 490  3  12 25 14
447 229  3  13 15 3
470 300  3  14 26 16
430 300  3  15 17 5
420 337  3  16 27 18
384 320  3  17 19 6
350 340  3  18 28 20
315 320  3  19 21 8
290 353  3  20 29 22
272 319  3  21 23 10
252 370  3  22 24 12
312 414  3  23 29 25
387 414  3  24 26 13
447 370  3  25 27 15
395 365  3  26 28 17
359 379  3  27 29 19
321 374  3  28 24 21

 30
378 225  3  4 7 1
340 220  3  0 9 2
304 234  3  1 11 3
306 187  3  2 14 4
381 184  3  3 5 0
443 224  3  4 16 6
427 280  3  5 18 7
409 246  3  6 8 0
384 280  3  7 20 9
350 260  3  8 10 1
315 280  3  9 22 11
279 262  3  10 12 2
270 300  3  11 23 13
230 306  3  12 25 14
249 234  3  13 15 3
549 289  3  14 26 16
469 293  3  15 17 5
450 365  3  16 27 18
427 319  3  17 19 6
410 352  3  18 28 20
384 320  3  19 21 8
350 340  3  20 29 22
315 320  3  21 23 10
279 337  3  22 24 12
305 366  3  23 29 25
256 375  3  24 26 13
318 415  3  25 27 15
393 412  3  26 28 17
378 374  3  27 29 19
340 379  3  28 24 21

 30
420 202  3  4 7 1
397 235  3  0 9 2
358 220  3  1 11 3
317 226  3  2 14 4
350 180  3  3 5 0
288 109  3  4 16 6
550 300  3  5 18 7
464 262  3  6 8 0
429 308  3  7 20 9
423 267  3  8 10 1
388 287  3  9 22 11
350 260  3  10 12 2
311 287  3  11 23 13
270 291  3  12 25 14
285 252  3  13 15 3
235 262  3  14 26 16
279 202  3  15 17 5
540 361  3  16 27 18
464 337  3  17 19 6
420 397  3  18 28 20
414 347  3  19 21 8
382 373  3  20 29 22
373 332  3  21 23 10
326 332  3  22 24 12
302 364  3  23 29 25
276 332  3  24 26 13
235 337  3  25 27 15
279 397  3  26 28 17
350 420  3  27 29 19
341 379  3  28 24 21

 30
299 191  3  4 7 1
364 180  3  0 9 2
325 223  3  1 11 3
290 246  3  2 14 4
248 236  3  3 5 0
230 302  3  4 16 6
221 453  3  5 18 7
431 117  3  6 8 0
464 264  3  7 20 9
427 208  3  8 10 1
403 240  3  9 22 11
366 221  3  10 12 2
350 260  3  11 23 13
311 287  3  12 25 14
271 283  3  13 15 3
273 324  3  14 26 16
249 365  3  15 17 5
301 409  3  16 27 18
368 418  3  17 19 6
430 389  3  18 28 20
465 333  3  19 21 8
428 316  3  20 29 22
426 275  3  21 23 10
388 287  3  22 24 12
373 332  3  23 29 25
326 332  3  24 26 13
296 359  3  25 27 15
333 378  3  26 28 17
374 376  3  27 29 19
409 353  3  28 24 21

 30
314 185  3  4 7 1
381 184  3  0 9 2
386 228  3  1 11 3
350 220  3  2 14 4
312 229  3  3 5 0
283 255  3  4 16 6
230 285  3  5 18 7
258 222  3  6 8 0
498 166  3  7 20 9
439 219  3  8 10 1
468 281  3  9 22 11
415 254  3  10 12 2
429 290  3  11 23 13
388 287  3  12 25 14
350 260  3  13 15 3
311 287  3  14 26 16
270 290  3  15 17 5
275 328  3  16 27 18
241 350  3  17 19 6
286 401  3  18 28 20
352 419  3  19 21 8
417 399  3  20 29 22
459 348  3  21 23 10
425 327  3  22 24 12
403 359  3  23 29 25
373 332  3  24 26 13
326 332  3  25 27 15
297 360  3  26 28 17
332 377  3  27 29 19
369 377  3  28 24 21

 30
331 181  3  4 7 1
396 189  3  0 9 2
449 232  3  1 11 3
409 246  3  2 14 4
374 223  3  3 5 0
333 221  3  4 16 6
296 240  3  5 18 7
269 210  3  6 8 0
234 268  3  7 20 9
262 120  3  8 10 1
483 448  3  9 22 11
469 297  3  10 12 2
451 363  3  11 23 13
426 324  3  12 25 14
428 283  3  13 15 3
388 287  3  14 26 16
350 260  3  15 17 5
311 287  3  16 27 18
273 275  3  17 19 6
271 316  3  18 28 20
235 335  3  19 21 8
272 391  3  20 29 22
335 419  3  21 23 10
402 407  3  22 24 12
366 378  3  23 29 25
403 359  3  24 26 13
373 332  3  25 27 15
326 332  3  26 28 17
290 353  3  27 29 19
325 376  3  28 24 21

 30
364 180  3  4 7 1
299 191  3  0 9 2
431 117  3  1 11 3
464 264  3  2 14 4
427 208  3  3 5 0
403 240  3  4 16 6
366 221  3  5 18 7
325 223  3  6 8 0
290 246  3  7 20 9
248 236  3  8 10 1
230 302  3  9 22 11
221 453  3  10 12 2
368 418  3  11 23 13
430 389  3  12 25 14
465 333  3  13 15 3
428 316  3  14 26 16
426 275  3  15 17 5
388 287  3  16 27 18
350 260  3  17 19 6
311 287  3  18 28 20
271 283  3  19 21 8
273 324  3  20 29 22
249 365  3  21 23 10
301 409  3  22 24 12
333 378  3  23 29 25
374 376  3  24 26 13
409 353  3  25 27 15
373 332  3  26 28 17
326 332  3  27 29 19
296 359  3  28 24 21

 30
381 184  3  4 7 1
314 185  3  0 9 2
258 222  3  1 11 3
498 166  3  2 14 4
439 219  3  3 5 0
468 281  3  4 16 6
415 254  3  5 18 7
386 228  3  6 8 0
350 220  3  7 20 9
312 229  3  8 10 1
283 255  3  9 22 11
230 285  3  10 12 2
241 350  3  11 23 13
286 401  3  12 25 14
352 419  3  13 15 3
417 399  3  14 26 16
459 348  3  15 17 5
425 327  3  16 27 18
429 290  3  17 19 6
388 287  3  18 28 20
350 260  3  19 21 8
311 287  3  20 29 22
270 290  3  21 23 10
275 328  3  22 24 12
297 360  3  23 29 25
332 377  3  24 26 13
369 377  3  25 27 15
403 359  3  26 28 17
373 332  3  27 29 19
326 332  3  28 24 21

 30
469 310  3  4 7 1
455 243  3  0 9 2
410 196  3  1 11 3
343 180  3  2 14 4
493 161  3  3 5 0
250 473  3  4 16 6
389 413  3  5 18 7
444 373  3  6 8 0
419 340  3  7 20 9
430 300  3  8 10 1
419 259  3  9 22 11
390 230  3  10 12 2
350 220  3  11 23 13
309 230  3  12 25 14
279 202  3  13 15 3
238 255  3  14 26 16
232 322  3  15 17 5
263 383  3  16 27 18
323 416  3  17 19 6
350 380  3  18 28 20
390 369  3  19 21 8
373 332  3  20 29 22
388 287  3  21 23 10
350 260  3  22 24 12
311 287  3  23 29 25
280 260  3  24 26 13
270 300  3  25 27 15
280 340  3  26 28 17
310 369  3  27 29 19
326 332  3  28 24 21

 30
350 500  3  4 7 1
349 100  3  0 9 2
252 229  3  1 11 3
230 300  3  2 14 4
252 370  3  3 5 0
312 414  3  4 16 6
387 414  3  5 18 7
447 370  3  6 8 0
470 300  3  7 20 9
447 229  3  8 10 1
387 185  3  9 22 11
312 185  3  10 12 2
309 230  3  11 23 13
280 260  3  12 25 14
270 300  3  13 15 3
280 340  3  14 26 16
310 369  3  15 17 5
350 380  3  16 27 18
390 369  3  17 19 6
419 340  3  18 28 20
430 300  3  19 21 8
419 259  3  20 29 22
390 230  3  21 23 10
350 220  3  22 24 12
350 260  3  23 29 25
315 280  3  24 26 13
315 320  3  25 27 15
350 340  3  26 28 17
384 320  3  27 29 19
384 280  3  28 24 21

