 30
350 260  3  4 7 1
388 287  3  0 9 2
373 332  3  1 11 3
326 332  3  2 13 4
311 287  3  3 5 0
273 275  3  4 14 6
302 235  3  5 17 7
350 220  3  6 8 0
397 235  3  7 19 9
426 275  3  8 10 1
426 324  3  9 21 11
397 364  3  10 12 2
350 380  3  11 23 13
302 364  3  12 14 3
273 324  3  13 15 5
235 337  3  14 24 16
235 262  3  15 26 17
279 202  3  16 18 6
350 180  3  17 27 19
420 202  3  18 20 8
464 262  3  19 28 21
464 337  3  20 22 10
420 397  3  21 29 23
350 420  3  22 24 12
279 397  3  23 25 15
232 461  3  24 29 26
159 238  3  25 27 16
349 100  3  26 28 18
540 238  3  27 29 20
467 461  3  28 25 22

 30
311 287  3  4 7 1
276 267  3  0 9 2
302 235  3  1 11 3
341 220  3  2 13 4
350 260  3  3 5 0
388 287  3  4 14 6
373 332  3  5 17 7
326 332  3  6 8 0
285 347  3  7 19 9
270 308  3  8 10 1
238 255  3  9 21 11
279 202  3  10 12 2
341 180  3  11 23 13
382 226  3  12 14 3
414 252  3  13 15 5
429 291  3  14 24 16
423 332  3  15 26 17
397 364  3  16 18 6
358 379  3  17 27 19
317 373  3  18 20 8
272 391  3  19 28 21
235 337  3  20 22 10
221 146  3  21 29 23
406 194  3  22 24 12
453 239  3  23 25 15
469 304  3  24 29 26
449 367  3  25 27 16
398 409  3  26 28 18
333 418  3  27 29 20
478 453  3  28 25 22

 30
350 260  3  4 7 1
311 287  3  0 9 2
276 267  3  1 11 3
302 235  3  2 13 4
341 220  3  3 5 0
382 226  3  4 14 6
414 252  3  5 17 7
388 287  3  6 8 0
373 332  3  7 19 9
326 332  3  8 10 1
285 347  3  9 21 11
270 308  3  10 12 2
238 255  3  11 23 13
279 202  3  12 14 3
341 180  3  13 15 5
406 194  3  14 24 16
453 239  3  15 26 17
429 291  3  16 18 6
423 332  3  17 27 19
397 364  3  18 20 8
358 379  3  19 28 21
317 373  3  20 22 10
272 391  3  21 29 23
235 337  3  22 24 12
221 146  3  23 25 15
478 453  3  24 29 26
469 304  3  25 27 16
449 367  3  26 28 18
398 409  3  27 29 20
333 418  3  28 25 22

 30
341 220  3  4 7 1
350 260  3  0 9 2
311 287  3  1 11 3
276 267  3  2 13 4
302 235  3  3 5 0
279 202  3  4 14 6
341 180  3  5 17 7
382 226  3  6 8 0
414 252  3  7 19 9
388 287  3  8 10 1
373 332  3  9 21 11
326 332  3  10 12 2
285 347  3  11 23 13
270 308  3  12 14 3
238 255  3  13 15 5
235 337  3  14 24 16
221 146  3  15 26 17
406 194  3  16 18 6
453 239  3  17 27 19
429 291  3  18 20 8
423 332  3  19 28 21
397 364  3  20 22 10
358 379  3  21 29 23
317 373  3  22 24 12
272 391  3  23 25 15
333 418  3  24 29 26
478 453  3  25 27 16
469 304  3  26 28 18
449 367  3  27 29 20
398 409  3  28 25 22

 30
302 235  3  4 7 1
341 220  3  0 9 2
350 260  3  1 11 3
311 287  3  2 13 4
276 267  3  3 5 0
270 308  3  4 14 6
238 255  3  5 17 7
279 202  3  6 8 0
341 180  3  7 19 9
382 226  3  8 10 1
414 252  3  9 21 11
388 287  3  10 12 2
373 332  3  11 23 13
326 332  3  12 14 3
285 347  3  13 15 5
317 373  3  14 24 16
272 391  3  15 26 17
235 337  3  16 18 6
221 146  3  17 27 19
406 194  3  18 20 8
453 239  3  19 28 21
429 291  3  20 22 10
423 332  3  21 29 23
397 364  3  22 24 12
358 379  3  23 25 15
398 409  3  24 29 26
333 418  3  25 27 16
478 453  3  26 28 18
469 304  3  27 29 20
449 367  3  28 25 22

 30
358 220  3  4 7 1
397 235  3  0 9 2
423 267  3  1 11 3
388 287  3  2 13 4
350 260  3  3 5 0
311 287  3  4 14 6
285 252  3  5 17 7
317 226  3  6 8 0
358 180  3  7 19 9
420 202  3  8 10 1
461 255  3  9 21 11
429 308  3  10 12 2
414 347  3  11 23 13
373 332  3  12 14 3
326 332  3  13 15 5
302 364  3  14 24 16
276 332  3  15 26 17
270 291  3  16 18 6
246 240  3  17 27 19
293 194  3  18 20 8
467 138  3  19 28 21
468 320  3  20 22 10
439 380  3  21 29 23
382 373  3  22 24 12
341 379  3  23 25 15
316 415  3  24 29 26
260 380  3  25 27 16
231 320  3  26 28 18
244 469  3  27 29 20
383 415  3  28 25 22

 30
318 226  3  4 7 1
253 172  3  0 9 2
347 140  3  1 11 3
386 228  3  2 13 4
352 220  3  3 5 0
350 260  3  4 14 6
315 280  3  5 17 7
290 246  3  6 8 0
270 290  3  7 19 9
196 253  3  8 10 1
501 247  3  9 21 11
441 168  3  10 12 2
427 282  3  11 23 13
413 250  3  12 14 3
384 280  3  13 15 5
384 320  3  14 24 16
350 340  3  15 26 17
315 320  3  16 18 6
291 354  3  17 27 19
273 324  3  18 20 8
198 352  3  19 28 21
503 346  3  20 22 10
446 427  3  21 29 23
428 316  3  22 24 12
413 348  3  23 25 15
387 370  3  24 29 26
354 379  3  25 27 16
320 374  3  26 28 18
258 431  3  27 29 20
352 459  3  28 25 22

 30
352 220  3  4 7 1
318 226  3  0 9 2
253 172  3  1 11 3
347 140  3  2 13 4
386 228  3  3 5 0
413 250  3  4 14 6
384 280  3  5 17 7
350 260  3  6 8 0
315 280  3  7 19 9
290 246  3  8 10 1
270 290  3  9 21 11
196 253  3  10 12 2
501 247  3  11 23 13
441 168  3  12 14 3
427 282  3  13 15 5
428 316  3  14 24 16
413 348  3  15 26 17
384 320  3  16 18 6
350 340  3  17 27 19
315 320  3  18 20 8
291 354  3  19 28 21
273 324  3  20 22 10
198 352  3  21 29 23
503 346  3  22 24 12
446 427  3  23 25 15
352 459  3  24 29 26
387 370  3  25 27 16
354 379  3  26 28 18
320 374  3  27 29 20
258 431  3  28 25 22

 30
386 228  3  4 7 1
352 220  3  0 9 2
318 226  3  1 11 3
253 172  3  2 13 4
347 140  3  3 5 0
441 168  3  4 14 6
427 282  3  5 17 7
413 250  3  6 8 0
384 280  3  7 19 9
350 260  3  8 10 1
315 280  3  9 21 11
290 246  3  10 12 2
270 290  3  11 23 13
196 253  3  12 14 3
501 247  3  13 15 5
503 346  3  14 24 16
446 427  3  15 26 17
428 316  3  16 18 6
413 348  3  17 27 19
384 320  3  18 20 8
350 340  3  19 28 21
315 320  3  20 22 10
291 354  3  21 29 23
273 324  3  22 24 12
198 352  3  23 25 15
258 431  3  24 29 26
352 459  3  25 27 16
387 370  3  26 28 18
354 379  3  27 29 20
320 374  3  28 25 22

 30
347 140  3  4 7 1
386 228  3  0 9 2
352 220  3  1 11 3
318 226  3  2 13 4
253 172  3  3 5 0
196 253  3  4 14 6
501 247  3  5 17 7
441 168  3  6 8 0
427 282  3  7 19 9
413 250  3  8 10 1
384 280  3  9 21 11
350 260  3  10 12 2
315 280  3  11 23 13
290 246  3  12 14 3
270 290  3  13 15 5
273 324  3  14 24 16
198 352  3  15 26 17
503 346  3  16 18 6
446 427  3  17 27 19
428 316  3  18 20 8
413 348  3  19 28 21
384 320  3  20 22 10
350 340  3  21 29 23
315 320  3  22 24 12
291 354  3  23 25 15
320 374  3  24 29 26
258 431  3  25 27 16
352 459  3  26 28 18
387 370  3  27 29 20
354 379  3  28 25 22

 30
491 224  3  4 7 1
508 322  3  0 9 2
429 293  3  1 11 3
419 259  3  2 13 4
395 234  3  3 5 0
363 221  3  4 14 6
329 222  3  5 17 7
420 156  3  6 8 0
322 142  3  7 19 9
465 411  3  8 10 1
406 356  3  9 21 11
425 327  3  10 12 2
384 320  3  11 23 13
384 280  3  12 14 3
350 260  3  13 15 5
315 280  3  14 24 16
277 266  3  15 26 17
298 238  3  16 18 6
191 277  3  17 27 19
234 188  3  18 20 8
377 457  3  19 28 21
377 375  3  20 22 10
343 379  3  21 29 23
350 340  3  22 24 12
315 320  3  23 25 15
284 345  3  24 29 26
271 313  3  25 27 16
208 375  3  26 28 18
279 443  3  27 29 20
310 369  3  28 25 22

 30
260 219  3  4 7 1
349 100  3  0 9 2
439 219  3  1 11 3
383 184  3  2 13 4
316 184  3  3 5 0
309 230  3  4 14 6
280 260  3  5 17 7
231 279  3  6 8 0
238 344  3  7 19 9
350 500  3  8 10 1
461 344  3  9 21 11
468 279  3  10 12 2
419 259  3  11 23 13
390 230  3  12 14 3
350 220  3  13 15 5
350 260  3  14 24 16
311 287  3  15 26 17
270 300  3  16 18 6
280 340  3  17 27 19
279 397  3  18 20 8
358 419  3  19 28 21
420 397  3  20 22 10
419 340  3  21 29 23
430 300  3  22 24 12
388 287  3  23 25 15
373 332  3  24 29 26
326 332  3  25 27 16
310 369  3  26 28 18
350 380  3  27 29 20
390 369  3  28 25 22

 30
316 184  3  4 7 1
260 219  3  0 9 2
349 100  3  1 11 3
439 219  3  2 13 4
383 184  3  3 5 0
390 230  3  4 14 6
350 220  3  5 17 7
309 230  3  6 8 0
280 260  3  7 19 9
231 279  3  8 10 1
238 344  3  9 21 11
350 500  3  10 12 2
461 344  3  11 23 13
468 279  3  12 14 3
419 259  3  13 15 5
430 300  3  14 24 16
388 287  3  15 26 17
350 260  3  16 18 6
311 287  3  17 27 19
270 300  3  18 20 8
280 340  3  19 28 21
279 397  3  20 22 10
358 419  3  21 29 23
420 397  3  22 24 12
419 340  3  23 25 15
390 369  3  24 29 26
373 332  3  25 27 16
326 332  3  26 28 18
310 369  3  27 29 20
350 380  3  28 25 22

 30
383 184  3  4 7 1
316 184  3  0 9 2
260 219  3  1 11 3
349 100  3  2 13 4
439 219  3  3 5 0
468 279  3  4 14 6
419 259  3  5 17 7
390 230  3  6 8 0
350 220  3  7 19 9
309 230  3  8 10 1
280 260  3  9 21 11
231 279  3  10 12 2
238 344  3  11 23 13
350 500  3  12 14 3
461 344  3  13 15 5
420 397  3  14 24 16
419 340  3  15 26 17
430 300  3  16 18 6
388 287  3  17 27 19
350 260  3  18 20 8
311 287  3  19 28 21
270 300  3  20 22 10
280 340  3  21 29 23
279 397  3  22 24 12
358 419  3  23 25 15
350 380  3  24 29 26
390 369  3  25 27 16
373 332  3  26 28 18
326 332  3  27 29 20
310 369  3  28 25 22

 30
439 219  3  4 7 1
383 184  3  0 9 2
316 184  3  1 11 3
260 219  3  2 13 4
349 100  3  3 5 0
350 500  3  4 14 6
461 344  3  5 17 7
468 279  3  6 8 0
419 259  3  7 19 9
390 230  3  8 10 1
350 220  3  9 21 11
309 230  3  10 12 2
280 260  3  11 23 13
231 279  3  12 14 3
238 344  3  13 15 5
279 397  3  14 24 16
358 419  3  15 26 17
420 397  3  16 18 6
419 340  3  17 27 19
430 300  3  18 20 8
388 287  3  19 28 21
350 260  3  20 22 10
311 287  3  21 29 23
270 300  3  22 24 12
280 340  3  23 25 15
310 369  3  24 29 26
350 380  3  25 27 16
390 369  3  26 28 18
373 332  3  27 29 20
326 332  3  28 25 22

 30
535 225  3  4 7 1
457 352  3  0 9 2
469 287  3  1 11 3
444 226  3  2 13 4
391 187  3  3 5 0
325 182  3  4 14 6
266 213  3  5 17 7
164 374  3  6 8 0
350 420  3  7 19 9
413 401  3  8 10 1
409 353  3  9 21 11
428 316  3  10 12 2
426 275  3  11 23 13
403 240  3  12 14 3
366 221  3  13 15 5
325 223  3  14 24 16
290 246  3  15 26 17
233 270  3  16 18 6
235 337  3  17 27 19
286 401  3  18 20 8
333 378  3  19 28 21
374 376  3  20 22 10
373 332  3  21 29 23
388 287  3  22 24 12
350 260  3  23 25 15
311 287  3  24 29 26
271 283  3  25 27 16
273 324  3  26 28 18
296 359  3  27 29 20
326 332  3  28 25 22

 30
232 461  3  4 7 1
467 461  3  0 9 2
540 238  3  1 11 3
349 100  3  2 13 4
159 238  3  3 5 0
235 262  3  4 14 6
235 337  3  5 17 7
279 397  3  6 8 0
350 420  3  7 19 9
420 397  3  8 10 1
464 337  3  9 21 11
464 262  3  10 12 2
420 202  3  11 23 13
350 180  3  12 14 3
279 202  3  13 15 5
302 235  3  14 24 16
273 275  3  15 26 17
273 324  3  16 18 6
302 364  3  17 27 19
350 380  3  18 20 8
397 364  3  19 28 21
426 324  3  20 22 10
426 275  3  21 29 23
397 235  3  22 24 12
350 220  3  23 25 15
350 260  3  24 29 26
311 287  3  25 27 16
326 332  3  26 28 18
373 332  3  27 29 20
388 287  3  28 25 22

 30
350 260  3  4 7 1
388 287  3  0 9 2
373 332  3  1 11 3
326 332  3  2 13 4
311 287  3  3 5 0
283 255  3  4 15 6
317 226  3  5 17 7
361 220  3  6 8 0
401 238  3  7 19 9
426 275  3  8 10 1
427 319  3  9 21 11
405 357  3  10 12 2
366 378  3  11 23 13
322 375  3  12 14 3
286 349  3  13 24 15
270 308  3  14 16 5
250 232  3  15 26 17
301 190  3  16 18 6
366 181  3  17 27 19
427 208  3  18 20 8
464 262  3  19 28 21
466 329  3  20 22 10
433 386  3  21 29 23
374 417  3  22 24 12
308 412  3  23 25 14
255 373  3  24 29 26
230 312  3  25 27 16
238 184  3  26 28 18
575 217  3  27 29 20
338 459  3  28 25 22

 30
311 287  3  4 7 1
273 275  3  0 9 2
296 240  3  1 11 3
333 221  3  2 13 4
350 260  3  3 5 0
388 287  3  4 15 6
373 332  3  5 17 7
326 332  3  6 8 0
290 353  3  7 19 9
271 316  3  8 10 1
231 279  3  9 21 11
260 219  3  10 12 2
316 184  3  11 23 13
374 223  3  12 14 3
409 246  3  13 24 15
428 283  3  14 16 5
426 324  3  15 26 17
403 359  3  16 18 6
366 378  3  17 27 19
325 376  3  18 20 8
293 405  3  19 28 21
246 360  3  20 22 10
192 176  3  21 29 23
383 184  3  22 24 12
439 219  3  23 25 14
468 279  3  24 29 26
461 344  3  25 27 16
420 397  3  26 28 18
358 419  3  27 29 20
507 423  3  28 25 22

 30
350 260  3  4 7 1
311 287  3  0 9 2
276 267  3  1 11 3
302 235  3  2 13 4
341 220  3  3 5 0
382 226  3  4 15 6
414 252  3  5 17 7
388 287  3  6 8 0
373 332  3  7 19 9
326 332  3  8 10 1
285 347  3  9 21 11
270 308  3  10 12 2
235 262  3  11 23 13
272 208  3  12 14 3
333 181  3  13 24 15
398 190  3  14 16 5
449 232  3  15 26 17
429 291  3  16 18 6
423 332  3  17 27 19
397 364  3  18 20 8
358 379  3  19 28 21
317 373  3  20 22 10
279 397  3  21 29 23
238 344  3  22 24 12
176 199  3  23 25 14
488 443  3  24 29 26
469 295  3  25 27 16
453 360  3  26 28 18
406 405  3  27 29 20
341 419  3  28 25 22

 30
341 220  3  4 7 1
350 260  3  0 9 2
311 287  3  1 11 3
276 267  3  2 13 4
302 235  3  3 5 0
286 198  3  4 15 6
350 180  3  5 17 7
382 226  3  6 8 0
414 252  3  7 19 9
388 287  3  8 10 1
373 332  3  9 21 11
326 332  3  10 12 2
285 347  3  11 23 13
270 308  3  12 14 3
230 312  3  13 24 15
242 247  3  14 16 5
294 107  3  15 26 17
413 198  3  16 18 6
457 247  3  17 27 19
429 291  3  18 20 8
423 332  3  19 28 21
397 364  3  20 22 10
358 379  3  21 29 23
317 373  3  22 24 12
266 386  3  23 25 14
325 417  3  24 29 26
467 461  3  25 27 16
469 312  3  26 28 18
444 373  3  27 29 20
391 412  3  28 25 22

 30
309 230  3  4 7 1
350 220  3  0 9 2
350 260  3  1 11 3
311 287  3  2 13 4
280 260  3  3 5 0
270 300  3  4 15 6
244 243  3  5 17 7
289 196  3  6 8 0
354 180  3  7 19 9
390 230  3  8 10 1
419 259  3  9 21 11
388 287  3  10 12 2
373 332  3  11 23 13
326 332  3  12 14 3
310 369  3  13 24 15
280 340  3  14 16 5
263 383  3  15 26 17
232 324  3  16 18 6
238 134  3  17 27 19
417 200  3  18 20 8
459 251  3  19 28 21
430 300  3  20 22 10
419 340  3  21 29 23
390 369  3  22 24 12
350 380  3  23 25 14
387 414  3  24 29 26
320 416  3  25 27 16
461 465  3  26 28 18
468 316  3  27 29 20
441 377  3  28 25 22

 30
358 220  3  4 7 1
393 232  3  0 9 2
419 259  3  1 11 3
384 280  3  2 13 4
350 260  3  3 5 0
315 280  3  4 15 6
290 246  3  5 17 7
321 225  3  6 8 0
335 180  3  7 19 9
408 195  3  8 10 1
458 249  3  9 21 11
429 295  3  10 12 2
423 332  3  11 23 13
384 320  3  12 14 3
350 340  3  13 24 15
315 320  3  14 16 5
275 328  3  15 26 17
270 291  3  16 18 6
232 277  3  17 27 19
268 212  3  18 20 8
546 338  3  19 28 21
467 322  3  20 22 10
431 387  3  21 29 23
400 362  3  22 24 12
366 378  3  23 25 14
329 377  3  24 29 26
296 359  3  25 27 16
241 350  3  26 28 18
291 404  3  27 29 20
364 419  3  28 25 22

 30
302 235  3  4 7 1
255 170  3  0 9 2
333 140  3  1 11 3
374 223  3  2 13 4
337 220  3  3 5 0
350 260  3  4 15 6
311 287  3  5 17 7
278 263  3  6 8 0
270 312  3  7 19 9
203 234  3  8 10 1
190 316  3  9 21 11
415 153  3  10 12 2
479 205  3  11 23 13
406 243  3  12 14 3
426 275  3  13 24 15
388 287  3  14 16 5
373 332  3  15 26 17
326 332  3  16 18 6
313 371  3  17 27 19
285 347  3  18 20 8
284 446  3  19 28 21
220 394  3  20 22 10
496 365  3  21 29 23
509 283  3  22 24 12
429 312  3  23 25 14
414 347  3  24 29 26
386 371  3  25 27 16
350 380  3  26 28 18
366 459  3  27 29 20
444 429  3  28 25 22

 30
362 220  3  4 7 1
325 223  3  0 9 2
322 142  3  1 11 3
409 151  3  2 13 4
397 235  3  3 5 0
421 263  3  4 15 6
384 280  3  5 17 7
350 260  3  6 8 0
315 280  3  7 19 9
293 243  3  8 10 1
270 287  3  9 21 11
242 181  3  10 12 2
191 277  3  11 23 13
479 205  3  12 14 3
509 288  3  13 24 15
430 300  3  14 16 5
421 336  3  15 26 17
384 320  3  16 18 6
350 340  3  17 27 19
315 320  3  18 20 8
293 356  3  19 28 21
273 324  3  20 22 10
260 432  3  21 29 23
203 365  3  22 24 12
491 375  3  23 25 14
430 438  3  24 29 26
397 364  3  25 27 16
362 379  3  26 28 18
325 376  3  27 29 20
344 459  3  28 25 22

 30
386 228  3  4 7 1
352 220  3  0 9 2
318 226  3  1 11 3
292 150  3  2 13 4
391 145  3  3 5 0
474 199  3  4 15 6
427 282  3  5 17 7
413 250  3  6 8 0
384 280  3  7 19 9
350 260  3  8 10 1
315 280  3  9 21 11
290 246  3  10 12 2
270 290  3  11 23 13
215 212  3  12 14 3
190 308  3  13 24 15
509 291  3  14 16 5
484 387  3  15 26 17
428 316  3  16 18 6
413 348  3  17 27 19
384 320  3  18 20 8
350 340  3  19 28 21
315 320  3  20 22 10
291 354  3  21 29 23
273 324  3  22 24 12
225 400  3  23 25 14
308 454  3  24 29 26
407 449  3  25 27 16
387 370  3  26 28 18
354 379  3  27 29 20
320 374  3  28 25 22

 30
352 140  3  4 7 1
379 225  3  0 9 2
343 220  3  1 11 3
307 232  3  2 13 4
267 162  3  3 5 0
207 227  3  4 15 6
495 232  3  5 17 7
437 165  3  6 8 0
427 280  3  7 19 9
410 247  3  8 10 1
384 280  3  9 21 11
350 260  3  10 12 2
315 280  3  11 23 13
281 258  3  12 14 3
270 306  3  13 24 15
190 313  3  14 16 5
236 413  3  15 26 17
508 319  3  16 18 6
474 400  3  17 27 19
427 317  3  18 20 8
411 351  3  19 28 21
384 320  3  20 22 10
350 340  3  21 29 23
315 320  3  22 24 12
282 342  3  23 25 14
308 368  3  24 29 26
314 455  3  25 27 16
402 451  3  26 28 18
381 373  3  27 29 20
344 379  3  28 25 22

 30
344 140  3  4 7 1
425 158  3  0 9 2
397 235  3  1 11 3
362 220  3  2 13 4
325 223  3  3 5 0
293 243  3  4 15 6
208 224  3  5 17 7
265 164  3  6 8 0
509 294  3  7 19 9
485 215  3  8 10 1
430 300  3  9 21 11
421 263  3  10 12 2
388 287  3  11 23 13
350 260  3  12 14 3
311 287  3  13 24 15
273 275  3  14 16 5
273 324  3  15 26 17
190 305  3  16 18 6
214 384  3  17 27 19
491 375  3  18 20 8
434 435  3  19 28 21
421 336  3  20 22 10
397 364  3  21 29 23
373 332  3  22 24 12
326 332  3  23 25 14
325 376  3  24 29 26
293 356  3  25 27 16
274 441  3  26 28 18
355 459  3  27 29 20
362 379  3  28 25 22

 30
331 181  3  4 7 1
404 193  3  0 9 2
456 245  3  1 11 3
406 243  3  2 13 4
374 223  3  3 5 0
337 220  3  4 15 6
302 235  3  5 17 7
265 215  3  6 8 0
231 281  3  7 19 9
440 121  3  8 10 1
434 384  3  9 21 11
468 318  3  10 12 2
429 312  3  11 23 13
426 275  3  12 14 3
384 280  3  13 24 15
350 260  3  14 16 5
315 280  3  15 26 17
278 263  3  16 18 6
270 312  3  17 27 19
243 354  3  18 20 8
295 406  3  19 28 21
368 418  3  20 22 10
386 371  3  21 29 23
414 347  3  22 24 12
384 320  3  23 25 14
350 340  3  24 29 26
315 320  3  25 27 16
285 347  3  26 28 18
313 371  3  27 29 20
350 380  3  28 25 22

 30
337 180  3  4 7 1
276 205  3  0 9 2
384 103  3  1 11 3
451 236  3  2 13 4
402 192  3  3 5 0
397 235  3  4 15 6
358 220  3  5 17 7
317 226  3  6 8 0
285 252  3  7 19 9
237 258  3  8 10 1
232 324  3  9 21 11
315 496  3  10 12 2
451 363  3  11 23 13
470 300  3  12 14 3
429 308  3  13 24 15
423 267  3  14 16 5
388 287  3  15 26 17
350 260  3  16 18 6
311 287  3  17 27 19
270 291  3  18 20 8
276 332  3  19 28 21
263 383  3  20 22 10
337 419  3  21 29 23
402 407  3  22 24 12
414 347  3  23 25 14
382 373  3  24 29 26
373 332  3  25 27 16
326 332  3  26 28 18
302 364  3  27 29 20
341 379  3  28 25 22

 30
391 187  3  4 7 1
325 182  3  0 9 2
266 213  3  1 11 3
363 100  3  2 13 4
444 226  3  3 5 0
469 287  3  4 15 6
419 259  3  5 17 7
390 230  3  6 8 0
350 220  3  7 19 9
309 230  3  8 10 1
280 260  3  9 21 11
233 270  3  10 12 2
235 337  3  11 23 13
281 487  3  12 14 3
413 401  3  13 24 15
457 352  3  14 16 5
419 340  3  15 26 17
430 300  3  16 18 6
388 287  3  17 27 19
350 260  3  18 20 8
311 287  3  19 28 21
270 300  3  20 22 10
280 340  3  21 29 23
272 391  3  22 24 12
350 420  3  23 25 14
350 380  3  24 29 26
390 369  3  25 27 16
373 332  3  26 28 18
326 332  3  27 29 20
310 369  3  28 25 22

 30
427 208  3  4 7 1
366 181  3  0 9 2
301 190  3  1 11 3
250 232  3  2 13 4
322 101  3  3 5 0
443 476  3  4 15 6
466 329  3  5 17 7
464 262  3  6 8 0
419 259  3  7 19 9
390 230  3  8 10 1
350 220  3  9 21 11
309 230  3  10 12 2
280 260  3  11 23 13
230 295  3  12 14 3
246 360  3  13 24 15
308 412  3  14 16 5
374 417  3  15 26 17
433 386  3  16 18 6
419 340  3  17 27 19
430 300  3  18 20 8
388 287  3  19 28 21
350 260  3  20 22 10
311 287  3  21 29 23
270 300  3  22 24 12
280 340  3  23 25 14
310 369  3  24 29 26
350 380  3  25 27 16
390 369  3  26 28 18
373 332  3  27 29 20
326 332  3  28 25 22

 30
515 188  3  4 7 1
466 329  3  0 9 2
464 262  3  1 11 3
427 208  3  2 13 4
366 181  3  3 5 0
301 190  3  4 15 6
250 232  3  5 17 7
184 411  3  6 8 0
374 417  3  7 19 9
433 386  3  8 10 1
414 347  3  9 21 11
429 308  3  10 12 2
423 267  3  11 23 13
397 235  3  12 14 3
358 220  3  13 24 15
317 226  3  14 16 5
285 252  3  15 26 17
230 295  3  16 18 6
246 360  3  17 27 19
308 412  3  18 20 8
341 379  3  19 28 21
382 373  3  20 22 10
373 332  3  21 29 23
388 287  3  22 24 12
350 260  3  23 25 14
311 287  3  24 29 26
270 291  3  25 27 16
276 332  3  26 28 18
302 364  3  27 29 20
326 332  3  28 25 22

 30
194 338  3  4 7 1
504 483  3  0 9 2
425 158  3  1 11 3
308 187  3  2 13 4
255 226  3  3 5 0
230 287  3  4 15 6
242 352  3  5 17 7
301 409  3  6 8 0
366 418  3  7 19 9
427 391  3  8 10 1
464 337  3  9 21 11
466 270  3  10 12 2
433 213  3  11 23 13
374 182  3  12 14 3
322 224  3  13 24 15
286 250  3  14 16 5
270 291  3  15 26 17
283 344  3  16 18 6
317 373  3  17 27 19
361 379  3  18 20 8
401 361  3  19 28 21
426 324  3  20 22 10
427 280  3  21 29 23
405 242  3  22 24 12
366 221  3  23 25 14
350 260  3  24 29 26
311 287  3  25 27 16
326 332  3  26 28 18
373 332  3  27 29 20
388 287  3  28 25 22

 30
350 260  3  4 7 1
388 287  3  0 9 2
373 332  3  1 11 3
326 332  3  2 14 4
311 287  3  3 5 0
285 252  3  4 16 6
317 226  3  5 18 7
358 220  3  6 8 0
397 235  3  7 20 9
423 267  3  8 10 1
429 308  3  9 22 11
414 347  3  10 12 2
382 373  3  11 23 13
341 379  3  12 25 14
302 364  3  13 15 3
276 332  3  14 26 16
270 291  3  15 17 5
246 240  3  16 27 18
293 194  3  17 19 6
358 180  3  18 28 20
420 202  3  19 21 8
461 255  3  20 29 22
468 320  3  21 23 10
439 380  3  22 24 12
383 415  3  23 29 25
316 415  3  24 26 13
260 380  3  25 27 15
231 320  3  26 28 17
201 166  3  27 29 19
529 387  3  28 24 21

 30
311 287  3  4 7 1
273 275  3  0 9 2
296 240  3  1 11 3
333 221  3  2 14 4
350 260  3  3 5 0
388 287  3  4 16 6
373 332  3  5 18 7
326 332  3  6 8 0
290 353  3  7 20 9
271 316  3  8 10 1
230 287  3  9 22 11
255 226  3  10 12 2
308 187  3  11 23 13
374 182  3  12 25 14
374 223  3  13 15 3
409 246  3  14 26 16
428 283  3  15 17 5
426 324  3  16 27 18
403 359  3  17 19 6
366 378  3  18 28 20
325 376  3  19 21 8
301 409  3  20 29 22
250 367  3  21 23 10
159 238  3  22 24 12
540 361  3  23 29 25
433 213  3  24 26 13
466 270  3  25 27 15
464 337  3  26 28 17
427 391  3  27 29 19
366 418  3  28 24 21

 30
350 260  3  4 7 1
311 287  3  0 9 2
276 267  3  1 11 3
302 235  3  2 14 4
341 220  3  3 5 0
382 226  3  4 16 6
414 252  3  5 18 7
388 287  3  6 8 0
373 332  3  7 20 9
326 332  3  8 10 1
285 347  3  9 22 11
270 308  3  10 12 2
231 320  3  11 23 13
238 255  3  12 25 14
279 202  3  13 15 3
341 180  3  14 26 16
406 194  3  15 17 5
453 239  3  16 27 18
429 291  3  17 19 6
423 332  3  18 28 20
397 364  3  19 21 8
358 379  3  20 29 22
317 373  3  21 23 10
272 391  3  22 24 12
333 418  3  23 29 25
176 400  3  24 26 13
488 156  3  25 27 15
469 304  3  26 28 17
449 367  3  27 29 19
398 409  3  28 24 21

 30
350 220  3  4 7 1
350 260  3  0 9 2
311 287  3  1 11 3
280 260  3  2 14 4
309 230  3  3 5 0
325 182  3  4 16 6
391 187  3  5 18 7
390 230  3  6 8 0
419 259  3  7 20 9
388 287  3  8 10 1
373 332  3  9 22 11
326 332  3  10 12 2
310 369  3  11 23 13
280 340  3  12 25 14
270 300  3  13 15 3
233 270  3  14 26 16
266 213  3  15 17 5
363 100  3  16 27 18
444 226  3  17 19 6
469 287  3  18 28 20
430 300  3  19 21 8
419 340  3  20 29 22
390 369  3  21 23 10
350 380  3  22 24 12
350 420  3  23 29 25
286 401  3  24 26 13
242 352  3  25 27 15
350 500  3  26 28 17
457 352  3  27 29 19
413 401  3  28 24 21

 30
325 223  3  4 7 1
362 220  3  0 9 2
350 260  3  1 11 3
315 280  3  2 14 4
293 243  3  3 5 0
270 287  3  4 16 6
252 229  3  5 18 7
312 185  3  6 8 0
387 185  3  7 20 9
397 235  3  8 10 1
421 263  3  9 22 11
384 280  3  10 12 2
384 320  3  11 23 13
350 340  3  12 25 14
315 320  3  13 15 3
293 356  3  14 26 16
273 324  3  15 17 5
252 370  3  16 27 18
230 300  3  17 19 6
411 490  3  18 28 20
447 229  3  19 21 8
470 300  3  20 29 22
430 300  3  21 23 10
421 336  3  22 24 12
397 364  3  23 29 25
362 379  3  24 26 13
325 376  3  25 27 15
312 414  3  26 28 17
387 414  3  27 29 19
447 370  3  28 24 21

 30
343 220  3  4 7 1
379 225  3  0 9 2
410 247  3  1 11 3
384 280  3  2 14 4
350 260  3  3 5 0
315 280  3  4 16 6
281 258  3  5 18 7
307 232  3  6 8 0
303 189  3  7 20 9
376 183  3  8 10 1
440 221  3  9 22 11
427 280  3  10 12 2
427 317  3  11 23 13
411 351  3  12 25 14
384 320  3  13 15 3
350 340  3  14 26 16
315 320  3  15 17 5
282 342  3  16 27 18
270 306  3  17 19 6
230 310  3  18 28 20
247 238  3  19 21 8
549 282  3  20 29 22
469 289  3  21 23 10
452 361  3  22 24 12
396 410  3  23 29 25
381 373  3  24 26 13
344 379  3  25 27 15
308 368  3  26 28 17
259 378  3  27 29 19
323 416  3  28 24 21

 30
302 235  3  4 7 1
279 202  3  0 9 2
350 180  3  1 11 3
382 226  3  2 14 4
341 220  3  3 5 0
350 260  3  4 16 6
311 287  3  5 18 7
276 267  3  6 8 0
270 308  3  7 20 9
235 262  3  8 10 1
150 300  3  9 22 11
411 109  3  10 12 2
420 202  3  11 23 13
464 262  3  12 25 14
414 252  3  13 15 3
429 291  3  14 26 16
388 287  3  15 17 5
373 332  3  16 27 18
326 332  3  17 19 6
317 373  3  18 28 20
285 347  3  19 21 8
279 397  3  20 29 22
235 337  3  21 23 10
467 461  3  22 24 12
420 397  3  23 29 25
464 337  3  24 26 13
423 332  3  25 27 15
397 364  3  26 28 17
358 379  3  27 29 19
350 420  3  28 24 21

 30
362 220  3  4 7 1
325 223  3  0 9 2
312 185  3  1 11 3
387 185  3  2 14 4
397 235  3  3 5 0
421 263  3  4 16 6
384 280  3  5 18 7
350 260  3  6 8 0
315 280  3  7 20 9
293 243  3  8 10 1
270 287  3  9 22 11
252 229  3  10 12 2
230 300  3  11 23 13
411 490  3  12 25 14
447 229  3  13 15 3
470 300  3  14 26 16
430 300  3  15 17 5
421 336  3  16 27 18
384 320  3  17 19 6
350 340  3  18 28 20
315 320  3  19 21 8
293 356  3  20 29 22
273 324  3  21 23 10
252 370  3  22 24 12
312 414  3  23 29 25
387 414  3  24 26 13
447 370  3  25 27 15
397 364  3  26 28 17
362 379  3  27 29 19
325 376  3  28 24 21

 30
379 225  3  4 7 1
343 220  3  0 9 2
307 232  3  1 11 3
303 189  3  2 14 4
376 183  3  3 5 0
440 221  3  4 16 6
427 280  3  5 18 7
410 247  3  6 8 0
384 280  3  7 20 9
350 260  3  8 10 1
315 280  3  9 22 11
281 258  3  10 12 2
270 306  3  11 23 13
230 310  3  12 25 14
247 238  3  13 15 3
549 282  3  14 26 16
469 289  3  15 17 5
452 361  3  16 27 18
427 317  3  17 19 6
411 351  3  18 28 20
384 320  3  19 21 8
350 340  3  20 29 22
315 320  3  21 23 10
282 342  3  22 24 12
308 368  3  23 29 25
259 378  3  24 26 13
323 416  3  25 27 15
396 410  3  26 28 17
381 373  3  27 29 19
344 379  3  28 24 21

 30
420 202  3  4 7 1
397 235  3  0 9 2
358 220  3  1 11 3
317 226  3  2 14 4
350 180  3  3 5 0
288 109  3  4 16 6
550 300  3  5 18 7
464 262  3  6 8 0
429 308  3  7 20 9
423 267  3  8 10 1
388 287  3  9 22 11
350 260  3  10 12 2
311 287  3  11 23 13
270 291  3  12 25 14
285 252  3  13 15 3
235 262  3  14 26 16
279 202  3  15 17 5
540 361  3  16 27 18
464 337  3  17 19 6
420 397  3  18 28 20
414 347  3  19 21 8
382 373  3  20 29 22
373 332  3  21 23 10
326 332  3  22 24 12
302 364  3  23 29 25
276 332  3  24 26 13
235 337  3  25 27 15
279 397  3  26 28 17
350 420  3  27 29 19
341 379  3  28 24 21

 30
301 190  3  4 7 1
366 181  3  0 9 2
325 223  3  1 11 3
290 246  3  2 14 4
250 232  3  3 5 0
230 295  3  4 16 6
221 453  3  5 18 7
431 117  3  6 8 0
464 262  3  7 20 9
427 208  3  8 10 1
403 240  3  9 22 11
366 221  3  10 12 2
350 260  3  11 23 13
311 287  3  12 25 14
271 283  3  13 15 3
273 324  3  14 26 16
246 360  3  15 17 5
308 412  3  16 27 18
374 417  3  17 19 6
433 386  3  18 28 20
466 329  3  19 21 8
428 316  3  20 29 22
426 275  3  21 23 10
388 287  3  22 24 12
373 332  3  23 29 25
326 332  3  24 26 13
296 359  3  25 27 15
333 378  3  26 28 17
374 376  3  27 29 19
409 353  3  28 24 21

 30
308 187  3  4 7 1
374 182  3  0 9 2
386 228  3  1 11 3
350 220  3  2 14 4
313 228  3  3 5 0
285 252  3  4 16 6
230 287  3  5 18 7
255 226  3  6 8 0
488 156  3  7 20 9
433 213  3  8 10 1
466 270  3  9 22 11
414 252  3  10 12 2
429 287  3  11 23 13
388 287  3  12 25 14
350 260  3  13 15 3
311 287  3  14 26 16
270 287  3  15 17 5
278 336  3  16 27 18
242 352  3  17 19 6
301 409  3  18 28 20
366 418  3  19 21 8
427 391  3  20 29 22
464 337  3  21 23 10
426 324  3  22 24 12
406 356  3  23 29 25
373 332  3  24 26 13
326 332  3  25 27 15
302 364  3  26 28 17
337 379  3  27 29 19
374 376  3  28 24 21

 30
329 181  3  4 7 1
394 188  3  0 9 2
447 229  3  1 11 3
409 246  3  2 14 4
374 223  3  3 5 0
333 221  3  4 16 6
296 240  3  5 18 7
269 210  3  6 8 0
234 266  3  7 20 9
262 120  3  8 10 1
493 438  3  9 22 11
469 291  3  10 12 2
455 356  3  11 23 13
426 324  3  12 25 14
428 283  3  13 15 3
388 287  3  14 26 16
350 260  3  15 17 5
311 287  3  16 27 18
273 275  3  17 19 6
271 316  3  18 28 20
234 333  3  19 21 8
282 399  3  20 29 22
345 419  3  21 23 10
410 403  3  22 24 12
366 378  3  23 29 25
403 359  3  24 26 13
373 332  3  25 27 15
326 332  3  26 28 17
290 353  3  27 29 19
325 376  3  28 24 21

 30
366 181  3  4 7 1
301 190  3  0 9 2
431 117  3  1 11 3
464 262  3  2 14 4
427 208  3  3 5 0
403 240  3  4 16 6
366 221  3  5 18 7
325 223  3  6 8 0
290 246  3  7 20 9
250 232  3  8 10 1
230 295  3  9 22 11
221 453  3  10 12 2
374 417  3  11 23 13
433 386  3  12 25 14
466 329  3  13 15 3
428 316  3  14 26 16
426 275  3  15 17 5
388 287  3  16 27 18
350 260  3  17 19 6
311 287  3  18 28 20
271 283  3  19 21 8
273 324  3  20 29 22
246 360  3  21 23 10
308 412  3  22 24 12
333 378  3  23 29 25
374 376  3  24 26 13
409 353  3  25 27 15
373 332  3  26 28 17
326 332  3  27 29 19
296 359  3  28 24 21

 30
374 182  3  4 7 1
308 187  3  0 9 2
255 226  3  1 11 3
488 156  3  2 14 4
433 213  3  3 5 0
466 270  3  4 16 6
414 252  3  5 18 7
386 228  3  6 8 0
350 220  3  7 20 9
313 228  3  8 10 1
285 252  3  9 22 11
230 287  3  10 12 2
242 352  3  11 23 13
301 409  3  12 25 14
366 418  3  13 15 3
427 391  3  14 26 16
464 337  3  15 17 5
426 324  3  16 27 18
429 287  3  17 19 6
388 287  3  18 28 20
350 260  3  19 21 8
311 287  3  20 29 22
270 287  3  21 23 10
278 336  3  22 24 12
302 364  3  23 29 25
337 379  3  24 26 13
374 376  3  25 27 15
406 356  3  26 28 17
373 332  3  27 29 19
326 332  3  28 24 21

 30
469 308  3  4 7 1
455 243  3  0 9 2
410 196  3  1 11 3
345 180  3  2 14 4
493 161  3  3 5 0
262 479  3  4 16 6
394 411  3  5 18 7
447 370  3  6 8 0
419 340  3  7 20 9
430 300  3  8 10 1
419 259  3  9 22 11
390 230  3  10 12 2
350 220  3  11 23 13
309 230  3  12 25 14
282 200  3  13 15 3
240 251  3  14 26 16
234 333  3  15 17 5
269 389  3  16 27 18
329 418  3  17 19 6
350 380  3  18 28 20
390 369  3  19 21 8
373 332  3  20 29 22
388 287  3  21 23 10
350 260  3  22 24 12
311 287  3  23 29 25
280 260  3  24 26 13
270 300  3  25 27 15
280 340  3  26 28 17
310 369  3  27 29 19
326 332  3  28 24 21

 30
350 500  3  4 7 1
349 100  3  0 9 2
252 229  3  1 11 3
230 300  3  2 14 4
252 370  3  3 5 0
312 414  3  4 16 6
387 414  3  5 18 7
447 370  3  6 8 0
470 300  3  7 20 9
447 229  3  8 10 1
387 185  3  9 22 11
312 185  3  10 12 2
309 230  3  11 23 13
280 260  3  12 25 14
270 300  3  13 15 3
280 340  3  14 26 16
310 369  3  15 17 5
350 380  3  16 27 18
390 369  3  17 19 6
419 340  3  18 28 20
430 300  3  19 21 8
419 259  3  20 29 22
390 230  3  21 23 10
350 220  3  22 24 12
350 260  3  23 29 25
315 280  3  24 26 13
315 320  3  25 27 15
350 340  3  26 28 17
384 320  3  27 29 19
384 280  3  28 24 21

