5 17
5 18
5 2
5 0
5 2
6 18
5 0
5 18
5 0
5 16
5 0
5 3
5 16
5 12
5 1
5 18
5 0
5 18
6 5
5 10
6 15
5 4
6 13
6 4
5 6
6 3
6 13
6 3
6 7
6 15
5 14
5 15
5 12
5 11
5 10
5 12
6 8
6 9
6 7
6 9
6 8
6 7
6 10
6 11
6 6
6 8
6 10
6 9
6 12
5 11
5 14
5 2
6 5
5 6
5 9
6 11
5 2
5 3
6 7
6 8
6 13
5 14
5 2
6 5
6 8
5 10
6 11
5 12
6 16
5 2
5 4
5 6
6 11
5 3
6 5
5 6
5 12
6 13
5 15
5 17
5 1
6 5
5 13
5 16
5 3
6 4
6 7
6 8
5 14
6 5
5 15
6 17
5 1
5 4
6 7
5 9
5 15
5 17
5 0
5 1
5 9
5 13
5 16
5 17
5 18
5 1
5 4
5 1
5 16
5 17
5 6
5 14
5 10
5 14
