12
10
13
16
16
17
17
17
14
15
15
16
16
8
11
12
13
14
16
16
17
14
10
12
15
16
16
16
7
8
8
14
14
14
17
17
17
3
14
14
15
15
16
16
16
5
8
11
15
17
3
9
10
11
12
13
14
14
15
17
17
1
11
15
15
3
4
4
5
5
5
7
7
8
8
9
9
9
10
11
11
11
13
13
14
14
15
15
17
3
5
7
8
8
9
9
12
15
15
17
17
1
6
8
12
13
13
13
17
1
1
12
12
15
6
6
6
7
8
5
1
4
5
6
6
11
1
9
11
12
12
4
9
6
6
7
9
9
9
9
4
5
7
7
8
8
9
9
9
9
10
10
10
12
13
13
4
6
6
7
7
9
10
12
17
1
2
2
2
4
15
1
1
2
2
2
2
2
2
3
3
4
5
5
7
11
11
12
12
13
14
15
15
15
15
1
1
1
2
2
2
2
2
2
2
3
3
3
3
3
3
3
4
4
4
4
4
4
4
5
5
5
5
5
5
6
6
6
6
6
7
7
7
7
7
8
8
9
10
10
10
10
10
10
10
11
11
11
11
11
12
12
12
13
13
13
13
14
14
15
15
16
16
16
17
1
1
1
1
1
1
1
2
2
2
3
3
3
3
3
3
3
3
4
4
4
4
4
5
5
5
5
6
6
6
6
6
6
7
7
7
8
8
8
8
8
8
9
9
10
10
10
11
11
11
11
12
12
13
13
13
13
14
14
14
14
14
17
17
17
17
1
1
2
2
4
5
7
7
8
9
10
10
10
11
12
12
13
13
14
16
16
16
16
16
16
17
