6 2
6 6
6 7
6 9
6 11
6 13
6 16
5 8
6 13
6 11
6 5
6 16
6 13
6 16
6 3
6 13
6 16
6 4
6 9
6 15
5 16
6 7
6 15
6 5
6 15
6 15
6 5
6 3
6 5
6 16
6 5
6 3
6 5
6 13
6 16
5 8
5 11
6 5
5 13
6 4
6 9
6 13
6 2
6 4
6 5
6 15
6 16
6 19
6 4
6 10
6 16
6 20
6 5
5 16
5 8
5 3
5 1
5 8
5 12
5 0
5 21
5 6
5 1
5 11
5 6
5 15
5 14
5 16
5 2
5 13
5 2
5 16
6 2
6 12
6 9
6 5
5 6
6 12
5 19
5 4
5 3
6 4
6 5
5 1
6 15
5 1
5 3
5 8
5 15
5 17
5 19
5 6
5 15
5 2
5 17
5 6
5 17
5 19
5 4
5 4
5 13
5 1
5 2
6 10
5 11
5 13
5 14
6 17
6 19
5 1
6 10
5 14
6 7
5 14
5 15
5 18
5 2
5 11
5 13
5 16
5 13
5 15
6 18
5 6
5 10
5 11
6 12
5 11
5 3
5 6
5 16
5 19
6 17
5 1
5 1
6 13
6 17
6 17
6 6
5 4
6 7
6 10
6 17
6 6
6 10
6 11
6 3
6 19
6 3
6 11
6 14
6 17
6 17
6 17
6 20
5 0
5 21
6 4
6 18
6 15
6 18
6 4
6 4
5 11
6 19
6 13
5 4
5 6
5 17
6 18
5 2
5 18
5 13
6 15
5 14
6 7
5 18
6 19
6 20
5 14
5 4
6 15
5 4
6 5
6 17
6 7
5 15
5 0
6 7
6 21
5 1
5 5
5 19
6 5
6 5
6 17
6 5
6 7
6 7
5 6
5 11
5 15
6 21
6 17
5 21
6 3
6 5
6 7
6 7
6 7
6 3
5 2
6 3
5 11
5 15
6 3
5 21
5 2
6 3
6 10
6 3
6 5
6 6
6 10
6 19
6 21
5 2
5 17
5 1
5 10
5 1
5 10
6 4
6 7
6 2
5 20
6 2
6 5
5 10
5 14
5 4
6 5
6 16
5 4
5 4
5 3
5 18
5 19
6 19
5 3
5 19
6 19
6 5
5 20
5 6
6 5
5 19
5 20
5 19
6 20
5 14
5 2
5 10
5 14
5 3
5 14
5 0
5 1
5 8
5 12
5 18
5 21
5 0
5 1
5 3
5 6
5 10
5 14
5 17
5 18
5 20
5 21
5 8
5 11
5 12
5 14
5 17
6 12
6 17
6 16
5 3
5 13
5 20
6 21
5 10
5 14
5 4
5 4
5 1
5 17
5 14
5 15
5 19
5 10
5 4
5 20
5 18
5 17
5 11
5 15
5 20
5 19
5 11
5 15
6 5
5 11
5 17
5 9
5 15
5 17
5 13
5 6
6 9
6 18
5 6
5 20
5 2
6 3
6 7
5 1
6 13
5 0
5 0
5 1
5 6
5 1
5 10
6 10
5 10
6 18
6 20
6 10
5 18
5 0
5 3
5 3
5 11
5 10
5 14
5 20
5 18
5 19
6 3
5 9
5 19
5 20
6 7
5 9
5 9
5 14
5 20
6 10
6 11
6 12
6 13
6 14
6 9
5 12
6 6
5 15
6 8
6 8
6 16
5 13
5 10
5 10
6 4
6 7
6 5
6 8
5 12
6 16
5 13
6 16
5 16
5 16
5 1
6 7
5 1
5 20
5 1
5 12
6 16
5 4
5 15
5 3
6 4
5 12
6 18
5 11
5 14
5 14
5 14
6 9
6 13
6 8
6 14
6 11
5 17
6 7
6 8
6 7
5 19
5 21
5 20
6 5
5 17
5 12
5 17
5 1
5 12
5 17
5 18
5 20
5 17
5 17
5 10
5 14
5 10
5 14
5 9
6 18
5 9
5 18
6 3
6 10
5 18
5 13
5 18
6 10
6 13
6 10
6 12
6 7
6 15
5 20
6 8
6 10
5 18
5 19
6 9
5 2
6 6
5 2
5 17
5 0
5 2
6 9
6 11
6 13
6 14
5 0
6 8
6 6
6 7
6 8
5 2
5 19
5 4
6 6
5 7
6 8
5 2
5 3
6 6
6 10
5 0
5 2
6 6
6 8
5 0
5 2
5 3
6 6
5 0
6 5
6 6
6 20
5 2
5 6
6 9
5 0
6 9
5 20
6 4
6 11
5 0
6 9
5 17
5 2
6 6
6 9
5 21
5 3
6 9
6 6
5 13
5 20
5 2
6 6
5 2
5 0
5 2
5 13
5 16
5 18
6 21
5 0
5 1
5 20
5 0
5 2
5 4
5 21
5 0
5 2
5 19
6 20
5 0
5 1
6 20
5 0
6 6
5 21
5 0
5 1
5 0
5 13
5 17
5 21
6 6
6 12
5 21
5 4
6 12
6 18
5 21
5 2
6 8
6 21
5 0
5 17
5 1
5 2
5 3
5 4
5 16
5 17
5 18
5 19
5 1
5 3
5 6
6 7
6 8
6 9
6 10
6 11
6 13
6 14
5 21
6 11
6 12
6 14
5 16
5 17
5 19
5 20
5 2
5 3
6 6
6 7
6 9
6 10
5 11
5 15
5 19
5 21
6 7
6 8
6 9
5 18
5 21
5 3
6 7
6 9
6 10
6 14
6 19
5 21
6 7
6 9
6 10
6 11
6 15
5 16
6 18
5 21
5 2
5 3
6 7
6 9
6 13
5 14
6 16
5 19
5 21
5 0
5 1
6 8
6 12
6 13
5 20
5 21
5 2
6 11
6 13
6 14
5 21
5 2
6 8
6 12
5 13
5 17
5 19
5 21
5 1
5 2
6 8
6 12
6 13
5 16
6 21
5 1
5 2
6 4
6 8
6 9
6 12
6 13
5 16
5 0
6 7
6 8
5 19
5 20
5 0
5 1
6 5
6 8
5 10
6 12
5 14
6 16
5 19
5 21
5 0
5 1
5 3
6 5
6 7
6 15
5 19
5 0
6 8
6 9
5 20
5 0
6 5
6 8
5 21
5 1
5 3
6 5
6 8
6 11
6 15
5 1
5 20
5 4
5 21
5 1
6 11
6 12
5 0
5 1
6 8
6 11
6 12
5 19
5 21
5 1
6 8
6 11
6 12
5 20
6 21
5 0
6 6
6 6
5 21
6 6
6 8
5 18
5 17
5 21
6 8
6 11
6 15
6 6
5 0
5 4
6 18
6 9
6 6
6 9
6 4
5 9
6 14
6 15
5 20
5 0
5 21
5 5
6 6
6 7
6 8
6 9
6 10
5 0
6 12
5 15
5 18
5 20
5 0
5 2
5 3
6 5
6 8
6 9
6 15
6 14
5 18
5 0
5 11
5 13
6 14
6 15
5 16
5 19
6 11
5 18
6 5
5 13
6 14
5 19
6 11
6 14
5 15
5 1
5 19
5 0
5 1
5 3
6 5
5 10
6 14
6 15
5 16
6 4
5 10
6 11
6 15
5 0
6 15
5 17
5 21
5 16
6 4
6 7
6 8
6 12
5 16
6 5
6 7
6 12
5 16
6 4
6 7
6 12
6 16
5 18
5 12
5 16
6 3
6 10
6 11
6 14
6 19
6 14
6 8
6 12
6 16
6 17
5 21
6 8
6 12
6 18
6 7
6 12
5 18
5 20
6 8
5 9
6 12
5 4
6 11
5 12
5 4
6 7
5 12
6 8
5 9
6 9
5 20
5 20
6 12
6 5
6 2
6 19
5 1
5 18
6 3
6 7
6 13
6 18
5 20
5 1
5 18
5 21
5 0
6 13
6 16
5 20
6 5
5 13
6 7
6 7
5 15
6 5
6 5
5 12
5 14
5 11
5 18
5 20
6 7
5 17
6 10
5 4
6 5
5 9
5 15
5 9
5 9
5 9
5 15
5 18
5 12
6 16
