186
186
189
189
39
40
41
41
168
56
57
75
88
89
93
95
96
97
97
98
99
101
103
104
105
105
106
124
128
131
134
134
139
140
141
143
150
151
152
166
168
169
169
198
10
38
38
39
40
43
48
48
49
49
55
63
63
73
80
80
80
80
81
81
84
86
89
91
92
97
101
102
102
124
125
132
133
138
144
144
152
170
170
179
11
34
42
45
45
46
46
54
55
55
56
57
74
81
81
81
82
82
84
85
86
87
88
89
94
95
96
96
96
96
96
97
97
100
128
130
131
135
136
136
144
144
153
177
179
188
188
193
193
198
13
38
39
39
42
46
46
47
54
71
80
80
83
85
89
94
95
97
98
125
125
131
132
133
134
134
135
136
145
146
153
191
198
36
42
43
44
48
49
52
55
56
60
64
65
81
82
82
83
86
88
96
109
119
123
125
130
130
143
143
166
177
178
178
191
191
197
198
17
80
92
124
17
19
29
30
37
39
39
40
41
42
44
52
54
64
64
65
66
78
80
81
81
82
82
83
92
191
197
10
15
18
44
65
76
83
5
6
11
11
11
12
13
18
18
19
19
20
21
24
25
25
32
34
36
36
38
38
40
41
41
42
43
43
64
68
71
76
78
103
125
126
127
135
136
137
138
149
4
13
17
18
34
68
136
5
12
13
13
13
14
15
17
17
21
24
24
26
26
27
27
32
37
41
47
70
70
109
112
125
126
133
134
137
138
148
3
6
7
7
8
8
9
12
14
15
17
18
27
45
45
47
57
64
64
71
85
146
6
9
14
14
15
19
24
27
51
65
68
74
87
134
144
144
144
1
2
2
6
12
14
28
112
143
144
1
2
3
4
14
68
71
74
112
123
2
131
58
59
51
53
59
60
35
44
52
58
7
8
47
48
50
51
58
58
61
61
88
90
93
102
108
110
111
113
115
132
179
33
44
45
45
46
46
47
48
48
50
51
52
52
53
53
54
55
60
60
63
63
63
63
63
63
69
75
79
83
85
86
87
92
101
103
106
109
116
117
118
120
120
121
122
129
151
157
164
167
175
176
177
178
182
183
183
184
190
195
32
35
42
42
44
46
46
53
60
61
61
62
62
62
62
78
79
82
82
83
83
86
90
91
102
104
104
106
108
112
112
116
117
117
118
120
121
122
123
128
147
151
155
156
157
158
159
172
172
173
175
177
181
182
182
184
184
34
40
40
43
43
54
90
93
98
100
101
105
107
111
117
118
119
121
122
124
158
174
176
179
181
184
57
57
87
90
91
98
108
109
110
112
113
126
129
187
187
29
30
59
59
83
105
107
113
4
7
8
22
28
30
98
3
8
20
10
11
12
29
30
31
3
9
10
19
19
21
88
99
115
117
172
172
181
184
190
3
4
4
4
4
8
9
10
18
21
22
23
23
24
25
33
33
34
36
38
40
50
53
62
63
66
72
77
77
78
79
85
86
87
90
91
92
93
102
103
104
106
108
109
110
111
113
114
118
120
121
129
130
132
133
135
137
137
138
138
139
139
140
140
141
141
141
143
144
144
149
156
157
157
158
159
159
159
161
162
163
164
164
165
166
166
168
168
168
169
169
169
170
170
170
170
171
172
173
174
174
178
181
181
182
184
185
186
186
186
186
191
197
3
5
5
24
26
29
30
31
31
32
32
34
37
37
37
37
37
38
38
40
41
41
41
41
41
41
42
43
43
44
55
56
56
57
60
61
61
61
61
61
62
62
65
65
67
69
69
73
75
75
76
78
83
84
88
89
89
90
93
93
95
95
95
99
100
102
102
103
106
108
108
109
110
110
111
111
114
115
115
116
116
116
116
117
117
119
120
122
123
124
126
127
130
130
131
131
133
133
134
136
139
141
142
143
143
147
154
154
155
155
155
160
161
161
163
172
172
173
174
174
174
174
176
182
182
190
190
190
191
191
191
192
194
196
197
9
15
17
17
23
23
25
29
30
31
31
32
34
35
35
37
39
39
40
48
49
49
49
49
50
50
51
52
52
53
53
53
55
56
56
59
59
60
61
62
64
66
67
69
71
72
74
76
76
76
77
78
78
79
84
84
84
89
89
90
92
93
94
95
95
99
99
104
105
105
107
110
114
114
115
115
115
116
118
119
121
127
128
128
129
132
132
134
140
142
142
142
143
144
144
147
147
156
158
161
164
167
174
174
180
180
180
180
180
181
182
183
190
190
190
190
194
15
16
16
16
16
16
16
17
18
18
18
20
20
21
22
36
50
57
64
66
66
69
74
79
84
94
95
98
101
103
106
109
111
117
121
123
123
126
128
129
141
151
162
15
15
16
16
18
20
28
31
32
33
57
73
80
3
4
10
15
15
15
16
16
16
16
16
16
4
15
15
15
45
48
52
55
56
61
85
88
95
96
132
133
138
140
144
148
175
177
179
190
198
1
1
1
1
2
2
2
3
3
4
8
8
9
9
10
10
18
19
22
23
26
26
28
28
29
29
30
32
34
35
35
38
38
38
39
39
39
40
42
43
45
45
45
45
45
46
46
47
47
48
48
48
49
49
49
50
50
51
52
52
53
53
53
54
55
55
56
56
57
57
57
58
58
59
59
60
61
64
64
65
66
67
70
70
71
71
71
71
72
72
72
73
73
74
75
76
76
76
77
77
78
78
79
80
80
80
80
80
81
81
81
81
82
82
82
82
83
83
84
84
85
85
85
85
85
86
87
87
88
88
88
88
89
89
90
90
90
91
91
92
92
93
93
94
95
95
96
96
96
96
97
97
97
98
99
100
101
101
102
102
102
102
103
104
105
108
109
110
110
110
111
113
113
115
115
118
119
121
123
123
124
124
124
124
125
125
126
126
127
127
127
128
128
128
129
129
129
129
130
130
130
130
131
131
131
131
131
131
132
132
132
132
133
133
133
133
133
133
134
134
134
134
134
134
134
135
135
135
135
135
136
136
137
137
137
139
139
139
139
140
141
141
141
141
142
142
142
142
143
143
143
144
145
145
145
146
146
146
146
147
147
147
147
147
147
148
149
149
149
149
149
149
149
149
150
150
150
150
150
150
151
151
151
151
151
152
152
153
153
153
154
154
154
154
155
155
155
155
155
156
156
156
156
157
158
158
158
158
159
159
159
160
160
161
161
161
161
162
162
162
162
163
163
163
164
164
164
164
164
165
165
165
166
166
166
166
166
166
166
167
167
167
167
168
168
168
168
168
168
168
168
169
169
169
169
169
169
169
169
170
170
170
171
173
174
174
174
175
175
176
176
176
176
176
177
177
177
178
178
178
178
178
179
179
179
179
180
180
181
181
181
182
183
183
183
183
184
184
185
185
185
185
187
187
187
187
187
187
187
187
187
188
188
188
188
188
188
188
188
188
188
188
188
188
188
188
188
189
189
189
189
189
189
189
189
189
189
189
189
190
190
191
191
191
191
191
191
192
192
192
192
192
192
192
192
192
193
193
193
193
193
193
193
193
194
194
194
194
194
195
195
195
196
196
196
196
196
196
196
196
197
197
197
197
197
197
197
198
198
198
198
198
198
198
198
198
199
199
199
199
199
199
199
199
1
1
1
2
2
2
2
2
2
2
3
3
3
4
4
4
5
5
5
5
6
6
6
7
7
7
7
7
7
8
8
8
8
8
9
9
9
9
9
9
10
10
10
10
10
11
11
12
12
12
13
13
13
13
14
14
14
14
14
14
16
17
17
17
18
18
18
18
19
19
19
19
19
20
20
20
20
20
21
21
21
21
21
21
21
22
22
22
22
22
23
23
23
24
24
24
24
25
25
25
25
25
25
26
26
26
26
26
27
27
27
27
27
28
28
28
28
28
28
28
29
29
29
29
30
30
30
30
30
30
31
31
31
31
31
32
32
32
32
32
32
32
32
32
32
33
33
33
33
33
33
33
33
34
34
34
34
34
35
35
35
36
36
36
36
37
37
37
37
37
37
37
38
38
38
39
39
39
39
39
39
39
39
39
40
40
40
40
40
40
40
40
41
41
41
41
41
42
42
42
42
43
43
43
43
43
43
43
44
44
44
44
45
45
45
45
46
46
46
46
46
47
47
47
47
48
48
48
48
49
49
49
50
50
50
50
51
51
51
51
51
51
52
52
52
53
53
53
54
54
54
54
54
54
54
54
55
55
55
55
55
55
56
56
56
56
56
56
57
57
57
57
57
58
58
58
58
58
58
59
59
59
60
60
60
60
60
60
61
61
61
61
62
62
62
62
62
62
62
63
63
63
63
63
63
64
64
64
64
64
65
65
65
65
65
66
66
66
66
67
67
67
67
67
67
67
67
68
68
68
68
68
68
69
69
69
69
69
69
69
70
70
70
70
70
70
70
70
71
71
71
71
71
71
71
71
71
71
72
72
72
72
72
72
72
72
73
73
73
73
73
73
73
73
74
74
74
74
74
75
75
75
75
75
75
75
76
76
76
76
76
77
77
77
77
77
78
78
78
78
78
79
79
79
79
79
79
80
80
81
81
81
81
81
81
81
81
82
82
82
82
82
82
83
83
83
83
83
84
84
84
84
85
85
85
85
85
85
85
86
86
86
86
86
86
87
87
87
87
87
87
88
88
88
88
88
88
89
90
90
90
90
90
91
91
91
91
91
92
92
93
93
94
94
94
94
94
94
94
95
95
95
95
95
96
96
96
97
97
97
97
98
98
98
98
98
98
99
99
99
99
99
100
100
100
100
100
101
101
101
101
101
102
102
102
102
102
103
103
103
103
103
103
103
103
104
104
104
104
104
104
104
104
105
105
105
105
105
105
106
106
106
106
106
106
106
106
106
106
107
107
107
107
107
107
107
108
108
108
108
108
108
109
109
109
109
109
109
110
110
110
111
111
111
111
111
112
112
112
112
112
112
112
112
113
113
113
113
113
113
113
114
114
114
114
114
114
114
114
115
115
116
116
116
116
116
116
116
117
117
117
117
117
117
118
118
118
118
118
118
118
119
119
119
119
120
120
120
120
120
120
120
120
121
121
121
121
121
121
121
122
122
122
122
122
122
123
123
123
123
124
124
124
124
124
124
124
125
125
125
125
125
125
125
125
126
126
126
126
126
127
127
127
127
127
127
127
127
127
127
127
127
128
128
128
128
128
128
128
129
129
129
129
129
129
129
130
130
130
130
130
130
130
130
131
131
131
131
131
132
132
132
132
132
132
133
133
133
134
135
135
135
135
135
135
135
136
136
136
136
136
137
137
137
137
137
137
137
138
138
138
138
139
139
139
140
140
140
140
140
140
140
140
140
140
140
140
140
141
141
141
141
142
142
142
142
142
142
142
142
142
143
143
143
143
143
144
144
144
144
144
145
145
145
145
145
145
145
145
145
145
145
145
145
146
146
146
146
146
146
146
146
147
147
147
147
147
147
147
147
147
148
148
148
148
148
148
148
148
148
148
149
149
149
149
149
149
149
150
150
150
150
150
150
150
151
151
151
151
151
151
151
151
151
152
152
152
152
152
152
152
152
152
152
152
152
153
153
153
153
153
153
153
153
153
153
153
153
154
154
154
154
154
154
154
154
154
154
155
155
155
155
155
155
155
156
156
156
156
156
156
156
156
156
156
157
157
157
157
157
157
157
157
157
158
158
158
158
158
158
158
158
158
158
158
159
159
159
159
159
159
159
159
159
159
160
160
160
160
160
160
160
160
160
161
161
161
161
161
161
161
161
162
162
162
162
162
162
162
162
163
163
163
163
163
163
163
163
163
163
164
164
164
164
164
164
164
164
165
165
165
165
165
165
165
165
165
165
165
165
165
165
166
166
166
166
166
167
167
167
167
167
167
167
167
167
167
167
167
168
168
168
168
168
169
169
169
169
169
169
169
169
169
169
170
170
170
170
170
170
171
171
171
171
171
171
171
171
171
171
171
171
172
172
172
172
172
172
172
172
172
172
173
173
173
173
173
173
173
173
173
174
174
174
174
174
174
174
174
175
175
175
175
175
176
176
176
176
176
176
176
176
177
177
177
177
177
177
177
177
177
177
177
178
178
178
178
178
178
178
178
179
179
179
179
179
179
179
179
180
180
180
180
180
180
180
180
180
181
181
181
181
181
181
181
182
182
182
182
182
182
182
182
182
183
183
183
183
183
183
183
183
183
183
184
184
184
184
184
184
184
184
184
185
185
185
185
185
185
185
185
185
185
185
186
186
186
186
186
186
186
186
186
186
186
186
186
186
186
186
187
187
187
187
187
187
187
187
187
187
187
188
188
190
190
190
190
190
190
190
190
191
191
191
191
191
191
191
191
192
192
192
192
192
192
192
192
192
193
193
193
193
194
194
194
194
194
194
194
194
194
194
195
195
195
195
195
195
195
195
195
195
195
196
196
196
196
196
196
196
196
196
197
197
197
197
197
197
197
197
198
198
198
198
199
199
199
199
199
199
199
199
199
199
199
1
1
1
1
1
1
2
2
3
3
3
3
4
4
4
4
5
5
5
5
5
6
6
6
6
6
6
6
6
6
6
6
7
7
7
7
7
8
8
8
8
9
9
9
9
9
10
10
10
10
10
10
10
11
11
11
11
11
11
11
11
12
12
12
12
12
12
12
12
13
13
13
13
13
13
13
13
13
13
13
14
14
14
14
14
14
14
14
14
14
14
15
15
15
15
15
15
16
17
17
17
17
17
17
17
18
18
18
19
19
19
19
19
19
20
20
20
20
20
20
21
21
21
21
21
21
21
21
22
22
22
22
22
22
22
22
23
23
23
23
23
23
23
23
24
24
24
24
24
24
24
24
24
25
25
25
25
25
26
26
26
27
27
27
27
27
27
28
28
28
28
28
28
28
29
29
29
29
29
29
29
29
30
30
30
30
30
31
31
31
31
31
31
31
31
31
32
32
32
32
33
33
33
33
33
33
34
34
34
34
34
35
35
35
35
35
35
35
35
36
36
36
36
36
36
36
36
36
37
37
37
37
37
38
38
38
38
38
38
38
38
38
39
39
39
39
39
40
40
40
40
40
41
41
41
41
41
42
42
42
42
42
42
42
43
43
43
43
43
43
43
43
44
44
44
44
44
44
44
44
45
45
45
45
45
45
45
46
46
46
46
46
46
46
47
47
47
47
47
47
48
48
48
48
48
49
49
49
49
49
50
50
50
50
50
50
50
50
50
51
51
51
51
51
51
51
52
52
52
52
52
52
53
53
53
53
53
53
53
54
54
54
54
54
54
54
54
54
54
55
55
55
55
55
55
55
56
56
56
56
56
56
56
57
57
57
57
57
57
57
58
58
58
58
58
58
58
58
58
58
58
59
59
59
59
59
59
59
60
60
60
60
60
60
60
60
61
61
61
61
61
61
61
61
62
62
62
62
62
62
62
63
63
63
63
63
63
63
64
64
64
64
64
64
65
65
65
65
65
66
66
66
66
66
66
66
66
67
67
67
67
67
67
67
67
67
67
67
68
68
68
68
68
68
68
68
68
69
69
69
69
70
70
70
70
71
71
71
71
71
72
72
72
72
72
72
72
72
72
73
73
73
73
73
73
73
73
74
74
74
74
74
74
74
74
74
75
75
75
75
75
75
75
75
76
76
76
76
76
77
77
77
77
77
77
77
77
77
77
77
78
78
78
78
79
79
79
79
79
80
80
80
80
80
80
80
80
80
81
81
81
81
82
82
82
82
82
83
83
83
83
84
84
84
84
84
84
84
84
84
84
84
85
85
85
85
86
86
86
86
86
86
86
86
86
87
87
87
87
87
87
87
87
88
88
88
88
88
89
89
89
89
89
90
90
90
90
90
90
90
90
91
91
91
91
91
91
91
92
92
92
92
92
92
92
92
92
92
93
93
93
93
93
93
93
93
94
94
94
94
94
94
94
94
94
94
95
95
95
95
95
96
96
96
96
96
96
96
96
96
97
97
97
97
97
97
97
97
97
97
97
98
98
98
98
98
98
98
98
98
98
99
99
99
99
99
100
100
100
100
100
100
100
100
100
100
100
100
101
101
101
101
101
102
102
102
102
102
102
102
102
103
103
103
103
103
104
104
104
104
104
104
104
104
104
105
105
105
105
106
106
106
106
106
106
107
107
107
107
107
107
107
107
108
108
108
108
108
109
109
109
109
110
110
110
110
110
110
110
110
111
111
111
111
111
111
111
111
111
112
112
112
112
112
112
112
112
112
112
112
112
113
113
113
113
113
113
113
113
113
114
114
114
114
114
114
114
115
115
115
115
115
115
115
115
115
116
116
116
116
116
116
116
116
116
117
117
117
117
117
117
117
117
118
118
118
118
118
118
118
119
119
119
119
119
119
119
119
119
119
119
120
120
120
120
120
120
120
121
121
121
121
121
121
122
122
122
122
122
122
122
122
122
122
123
123
123
123
123
123
123
124
124
124
124
124
124
124
125
125
125
125
125
125
125
125
126
126
126
126
126
126
126
126
126
126
127
127
127
127
127
128
128
128
128
128
128
128
128
128
129
129
129
129
129
129
129
129
130
130
130
130
130
130
130
131
131
131
131
131
131
132
132
132
132
132
132
133
133
133
133
133
134
134
134
134
134
134
134
135
135
135
135
135
135
135
136
136
136
136
136
136
136
136
136
136
137
137
137
137
137
137
137
137
138
138
138
138
138
138
138
138
138
138
138
139
139
139
139
139
139
139
139
139
139
139
140
140
140
140
140
141
141
141
141
141
141
141
141
141
142
142
142
142
142
142
143
143
143
143
143
144
144
144
145
145
145
145
145
145
145
146
146
146
146
146
146
146
146
146
147
147
147
147
148
148
148
148
148
148
148
148
148
148
149
149
149
149
149
149
150
150
150
150
150
150
150
150
150
150
151
151
151
151
151
151
151
151
152
152
152
152
152
152
152
153
153
153
153
153
153
154
154
154
154
154
155
155
155
155
155
155
155
156
156
156
156
156
156
156
156
157
157
157
157
157
158
158
158
158
158
159
159
159
159
159
159
159
160
160
160
160
160
160
160
160
161
161
161
161
162
162
162
162
162
162
163
163
163
163
163
164
164
164
164
165
165
165
165
165
165
165
166
166
166
166
166
166
166
166
166
167
167
167
167
167
167
167
167
168
168
168
168
168
168
169
170
170
170
170
170
170
170
170
170
170
170
171
171
171
171
171
171
171
171
171
171
171
172
172
172
173
173
173
173
173
173
173
173
173
174
174
174
174
174
175
175
175
175
175
175
175
175
175
175
175
176
176
176
176
176
176
177
177
177
177
177
178
178
178
178
178
179
179
179
179
180
180
180
180
181
181
181
181
181
182
182
182
182
183
183
183
183
183
184
184
184
184
185
185
185
185
185
185
185
185
186
186
186
186
187
187
187
188
188
188
188
188
188
190
190
190
191
191
191
191
192
192
192
192
192
193
193
193
193
193
193
193
193
193
193
193
194
194
194
194
194
194
195
195
195
195
195
195
195
196
196
196
197
197
197
198
198
198
198
198
199
199
199
1
1
1
1
1
2
2
2
2
2
3
3
3
3
3
3
3
4
4
4
4
4
4
4
4
5
5
5
5
5
5
5
5
5
5
5
6
6
6
6
6
7
7
7
7
7
7
7
7
7
8
8
8
8
8
8
8
8
9
9
9
9
9
10
10
10
10
11
11
11
11
11
11
11
11
11
11
12
12
12
12
12
12
12
12
13
13
13
13
14
14
15
15
15
15
15
16
16
16
16
16
16
17
17
17
17
17
17
18
18
18
18
18
18
18
19
19
19
19
19
19
20
20
20
20
20
20
20
20
21
21
21
21
21
21
22
22
22
22
22
22
22
22
22
23
23
23
23
23
23
23
23
24
24
24
24
24
24
24
25
25
25
25
25
25
25
25
26
26
26
26
26
26
26
26
27
27
27
27
27
27
27
27
28
28
28
28
28
28
28
29
29
29
29
29
29
29
30
30
30
30
30
30
30
30
31
31
31
31
31
32
32
33
33
33
33
33
33
33
33
34
34
34
34
34
34
35
35
35
35
35
36
36
36
36
36
36
36
36
37
37
37
37
37
37
38
38
38
39
40
40
41
41
41
41
42
42
42
42
42
43
43
44
44
44
44
44
44
45
45
45
46
46
46
46
47
47
47
47
47
47
47
48
48
48
48
48
48
49
49
49
49
49
49
50
50
50
50
50
51
51
51
51
51
51
52
52
52
52
52
53
53
53
53
54
54
55
55
55
56
56
57
57
57
58
58
58
59
59
59
59
59
59
60
60
61
61
62
62
62
63
63
63
64
64
64
65
65
65
65
65
65
65
66
66
66
66
66
66
66
67
67
67
67
68
68
68
68
69
69
69
69
69
69
69
70
70
70
70
70
70
71
71
72
72
72
72
73
73
73
73
73
74
74
74
74
74
75
75
75
75
75
75
76
76
76
76
76
76
77
77
77
77
78
78
78
78
78
79
79
79
79
79
80
81
81
82
82
82
83
83
83
83
83
84
84
85
85
85
85
86
86
86
86
87
87
87
87
87
88
88
88
88
89
89
89
89
89
89
89
89
89
90
90
91
91
91
91
91
91
91
91
92
92
92
92
92
92
93
93
93
93
93
93
93
94
94
94
94
95
95
95
96
96
97
97
98
98
98
99
99
99
99
99
99
99
99
99
100
100
100
100
100
101
101
101
101
101
101
101
101
102
102
103
103
103
103
103
104
104
104
105
105
105
105
105
105
105
105
105
106
106
106
106
107
107
107
107
107
107
108
108
108
108
108
108
108
109
109
109
109
109
109
109
109
110
110
110
110
110
110
111
111
111
111
111
113
113
113
113
114
114
114
114
114
114
114
115
115
115
115
115
116
116
117
117
117
117
118
118
118
118
118
118
119
119
119
119
119
119
120
120
120
120
120
121
121
121
121
121
121
122
122
122
123
123
123
123
123
123
124
124
124
125
125
126
126
126
127
127
127
129
129
130
131
131
131
132
132
132
133
133
133
133
133
134
134
134
135
135
135
136
136
136
137
137
137
137
138
138
138
138
138
139
139
139
140
140
141
141
141
142
142
142
143
143
143
143
143
144
144
144
144
145
145
146
146
146
147
147
148
148
148
149
149
149
150
150
152
152
152
153
153
153
154
154
154
154
155
156
157
157
157
157
158
158
159
159
160
160
160
160
160
161
161
161
161
161
161
162
162
162
162
162
162
163
163
163
163
163
163
164
164
164
164
164
165
166
168
169
169
171
172
172
172
172
172
173
173
173
173
174
175
175
175
175
175
176
176
176
176
177
177
178
178
178
178
179
179
179
179
179
180
180
180
180
180
181
181
181
182
182
182
182
183
183
183
183
184
184
184
184
185
185
187
189
189
189
189
189
190
190
190
192
192
193
194
194
195
195
195
195
196
196
196
196
196
197
197
197
197
198
198
198
199
199
199
199
1
1
1
1
1
1
2
2
2
2
2
3
3
3
4
5
5
6
6
6
7
7
8
9
9
9
10
10
11
12
12
13
14
15
16
16
16
16
17
18
19
19
20
20
23
23
25
25
25
26
26
26
26
26
27
27
27
31
32
32
34
34
35
35
35
35
40
42
44
47
47
49
49
51
52
52
53
56
59
59
60
60
62
63
64
64
65
65
66
68
68
68
69
69
69
70
70
70
70
74
76
77
78
78
78
79
79
79
79
83
89
90
95
99
101
103
107
107
108
115
116
120
122
122
122
123
126
128
139
147
154
155
155
157
157
157
160
168
172
180
181
181
182
184
189
189
189
189
189
189
189
194
