6 2
6 18
5 15
5 2
5 3
5 2
5 2
6 16
5 1
5 13
5 17
6 18
6 19
5 2
5 1
6 16
5 2
5 18
5 8
5 12
5 17
5 0
5 1
5 3
5 7
5 8
5 9
5 11
5 12
5 13
5 17
5 19
6 17
6 3
5 13
6 19
6 17
5 1
5 0
5 17
6 5
5 0
5 9
5 13
5 19
5 14
5 2
5 3
5 17
5 2
5 17
5 19
5 19
5 0
5 1
5 3
5 16
5 18
5 0
5 10
5 14
5 19
5 2
5 17
5 2
5 2
5 19
5 0
5 19
5 0
5 1
5 16
5 17
5 18
5 16
5 18
5 18
5 3
5 0
5 1
5 19
5 1
5 3
5 12
5 19
5 1
5 17
5 16
5 0
5 17
5 1
5 3
5 12
5 18
5 0
5 0
5 19
5 19
6 12
6 15
6 8
6 14
6 5
6 8
6 10
6 13
6 15
6 4
6 4
6 8
6 13
6 5
6 5
6 4
6 7
6 12
6 12
6 12
6 7
5 3
6 4
6 7
6 3
6 8
6 12
6 9
6 10
6 9
6 10
6 13
6 7
6 6
6 7
6 9
6 9
6 6
6 8
6 10
6 8
6 10
5 11
5 6
5 6
5 6
6 13
6 5
6 8
6 4
6 4
6 5
6 15
5 0
5 6
6 8
6 11
5 19
5 0
5 2
6 11
6 14
5 17
5 0
6 6
6 9
5 11
6 14
5 0
6 13
5 9
5 10
5 13
5 6
5 9
6 8
6 9
5 11
6 14
6 5
6 7
6 6
6 9
5 11
5 15
6 3
6 7
6 8
6 11
6 12
6 14
5 2
5 4
5 6
6 10
6 12
6 7
6 8
6 11
6 17
6 3
6 6
6 7
6 2
6 5
6 7
6 10
6 14
5 15
6 6
6 10
6 16
5 4
6 7
5 13
5 4
6 5
5 7
6 8
5 19
5 1
5 4
5 15
5 1
5 4
6 5
5 14
5 15
6 16
6 5
6 8
6 11
6 14
5 11
5 14
5 3
6 5
6 7
5 10
5 13
5 3
5 14
5 18
6 4
6 7
5 10
5 12
5 14
5 16
5 4
6 5
5 9
5 10
5 15
6 16
5 9
5 11
5 17
5 18
5 1
5 4
6 6
5 12
5 14
5 15
5 16
5 2
6 4
5 5
5 11
6 16
6 18
5 3
5 6
5 11
6 16
6 18
6 12
5 15
5 12
5 15
5 13
5 16
5 1
5 16
5 18
5 15
5 18
5 10
5 11
5 15
5 1
5 6
5 13
5 18
5 14
6 5
5 9
5 10
5 9
5 13
5 15
