5 2
6 15
6 3
5 1
5 17
6 2
5 11
6 18
5 1
5 13
5 16
5 0
5 2
5 1
5 15
5 15
6 13
5 16
5 11
5 14
5 9
5 13
6 5
6 18
6 3
6 3
6 5
6 7
5 2
5 2
6 17
6 3
6 5
6 17
6 7
5 8
6 13
5 2
5 0
6 20
5 0
6 5
6 18
6 19
6 20
5 2
5 3
5 0
5 4
5 12
6 17
5 3
5 4
6 20
6 5
5 2
5 2
5 11
5 2
5 1
5 19
5 4
6 5
5 1
5 10
5 1
5 1
6 19
5 3
5 16
6 17
5 6
6 17
5 11
5 13
5 11
5 13
5 15
5 16
5 2
5 6
5 18
5 4
5 10
5 15
5 19
5 14
5 15
5 17
5 12
5 18
5 19
6 18
5 19
5 1
5 17
5 1
5 11
5 19
5 3
5 20
5 3
5 2
5 15
5 0
5 14
5 18
5 19
5 0
5 16
5 17
5 16
5 20
5 17
5 17
5 6
5 19
5 1
5 20
5 19
5 1
5 17
5 10
5 3
5 10
5 13
5 19
5 18
5 9
5 6
5 17
5 12
5 20
6 8
6 11
6 4
5 2
6 5
6 6
6 8
6 15
6 12
5 3
6 8
6 6
6 7
5 10
6 12
5 14
6 16
6 7
6 10
6 13
5 13
6 11
6 17
5 16
6 7
6 18
5 12
5 18
5 0
6 3
5 10
6 10
6 10
6 6
6 10
6 14
6 9
6 7
5 6
5 20
5 1
5 4
5 8
5 12
5 16
5 19
5 0
6 8
6 7
5 6
6 8
6 9
6 11
6 12
6 11
6 12
5 20
6 8
6 6
6 8
6 12
6 20
5 0
5 2
6 8
5 2
5 3
6 11
6 15
5 17
5 18
5 20
5 3
6 6
6 7
6 9
6 15
5 18
5 20
5 0
5 2
5 3
6 6
6 8
6 11
5 20
5 0
5 1
6 4
6 9
6 13
5 20
5 0
6 9
6 13
5 16
5 20
5 0
6 11
6 13
6 14
5 16
6 5
6 14
6 9
5 0
5 1
6 8
6 12
6 17
5 19
5 20
5 4
6 7
6 8
6 14
5 16
6 3
6 7
6 8
5 0
6 6
6 7
6 8
6 6
6 10
6 9
6 18
6 4
6 6
6 8
6 4
6 5
6 7
6 9
6 11
6 12
5 14
5 18
5 0
6 7
6 13
5 4
6 5
6 10
5 11
6 13
5 14
5 16
5 19
6 5
6 10
5 13
5 14
5 18
6 5
6 7
5 14
6 15
5 1
6 4
6 5
5 12
5 14
6 15
6 5
6 7
5 20
5 0
6 4
6 8
6 9
5 10
5 12
6 4
6 7
5 2
5 6
5 11
5 1
6 3
6 10
5 19
6 9
6 14
5 1
6 5
5 9
6 16
5 4
6 7
6 12
5 14
5 18
6 5
5 14
6 15
6 16
6 13
6 15
6 5
6 9
5 4
5 11
5 10
5 15
5 16
6 19
5 9
5 14
5 18
5 17
5 4
5 19
5 12
5 15
5 9
5 9
5 10
5 12
5 13
5 15
5 16
5 6
