81
84
86
86
71
81
83
83
85
85
86
86
86
71
76
76
84
85
85
86
66
66
79
80
80
81
28
28
39
54
67
68
69
85
85
4
6
16
23
25
27
28
28
29
30
30
30
30
31
31
32
32
32
32
39
39
40
42
48
48
50
51
51
51
51
51
51
52
52
52
53
54
54
54
54
54
55
55
55
56
56
57
57
57
57
58
59
59
59
59
60
60
61
62
63
64
65
67
67
68
68
69
69
70
71
72
72
72
72
72
75
75
75
75
75
75
76
76
76
76
77
77
77
77
79
79
79
80
80
80
81
81
82
82
82
82
85
85
86
86
89
18
28
29
42
53
55
55
57
58
60
61
65
68
71
72
79
81
83
83
86
86
1
2
2
6
12
12
16
16
17
18
19
20
22
23
23
23
25
26
27
30
30
31
31
33
33
33
34
34
37
37
37
38
38
38
39
40
40
40
41
41
41
41
41
44
47
47
48
48
49
50
50
51
52
52
52
52
53
54
54
54
55
55
55
56
56
56
57
57
58
58
59
59
59
59
60
60
60
60
61
61
62
62
63
64
64
66
69
69
71
71
73
73
73
73
73
73
73
76
76
77
78
83
83
86
86
88
89
89
89
4
11
15
17
18
27
29
33
33
34
34
38
38
38
44
49
52
57
60
68
68
70
77
78
83
83
88
1
2
2
3
3
5
5
16
17
18
20
25
26
26
29
30
31
32
32
37
37
37
39
42
49
49
50
51
51
52
53
53
55
55
58
59
61
61
62
63
67
68
68
68
69
69
71
72
72
72
79
80
89
89
31
39
39
40
56
56
60
67
67
68
69
70
73
73
73
73
73
89
89
89
3
3
3
3
10
13
13
17
40
40
44
44
56
60
63
66
69
71
72
72
72
7
12
12
15
16
39
64
75
75
13
13
39
39
42
43
44
44
25
26
29
29
32
32
36
15
28
30
31
31
34
34
35
36
35
35
35
35
35
22
27
28
29
33
33
50
51
52
55
63
74
81
88
9
16
22
23
24
24
25
26
27
28
29
33
33
36
36
37
37
37
40
41
41
43
46
50
52
53
57
58
59
62
65
66
70
74
79
79
84
13
13
14
18
30
33
37
37
41
43
46
47
48
49
49
50
56
57
63
64
65
66
76
76
77
79
81
81
83
84
84
85
85
87
87
88
28
30
31
31
40
48
58
58
61
61
62
67
82
82
82
82
88
10
14
21
23
34
34
43
51
54
59
60
67
70
18
12
13
16
17
12
13
42
69
22
25
26
29
29
43
43
43
45
48
54
62
78
78
79
81
83
83
87
87
88
88
88
88
89
89
89
7
8
11
14
15
15
16
16
17
18
19
20
22
23
25
25
28
30
32
32
33
36
36
36
36
39
40
41
42
44
44
47
48
49
50
56
57
60
63
64
64
67
70
70
71
74
74
76
77
77
78
78
78
78
79
82
82
82
83
85
85
87
9
10
11
13
13
13
14
14
15
15
16
16
18
19
19
19
21
21
21
22
22
22
23
23
24
24
24
24
24
24
28
29
31
31
39
39
39
39
40
40
40
41
41
41
41
41
42
42
42
42
43
44
44
44
44
45
45
46
46
47
47
47
47
49
49
50
51
54
58
58
61
62
62
63
65
65
67
67
70
71
74
74
74
79
81
82
84
84
85
85
87
87
88
1
1
8
12
12
15
17
18
18
19
19
19
20
25
26
27
27
28
38
38
42
43
43
44
45
46
55
55
62
63
63
64
64
66
74
74
87
88
13
13
16
12
13
13
13
37
37
37
37
37
37
38
38
38
38
38
38
4
6
7
7
8
9
10
10
13
13
13
1
1
3
3
3
4
4
4
5
5
5
6
6
6
8
9
12
12
12
17
17
20
20
22
23
29
30
31
31
32
33
34
34
35
35
35
35
35
35
38
38
39
39
40
40
43
43
46
47
48
51
51
53
53
54
54
55
55
57
58
58
59
59
59
60
62
63
63
65
68
68
69
70
70
71
72
72
72
72
74
75
75
75
75
75
77
78
78
79
82
82
82
87
87
87
88
88
88
89
89
1
1
1
1
2
2
2
2
3
3
3
4
4
4
4
5
5
5
5
6
7
7
7
7
8
8
8
8
9
9
9
10
10
10
10
10
10
10
11
11
11
11
12
12
12
12
13
14
14
14
15
15
15
16
16
16
16
17
18
18
18
18
18
18
19
19
19
20
20
21
21
21
21
21
22
22
22
22
22
22
22
23
23
23
23
23
23
24
24
24
24
25
25
26
26
27
27
27
27
27
27
27
28
28
28
28
28
29
29
29
29
29
29
29
30
30
30
30
30
30
31
32
32
32
32
33
33
33
34
34
34
36
36
36
36
36
38
38
38
39
40
40
40
41
41
41
42
42
42
42
43
43
43
43
44
44
44
45
45
45
45
45
45
45
45
45
46
46
46
46
46
46
46
47
47
47
47
47
47
47
48
49
49
49
49
49
50
50
50
50
50
50
51
51
52
52
52
52
52
52
52
52
52
52
52
53
53
54
54
55
55
55
55
56
56
56
56
56
56
56
57
57
57
57
57
57
58
58
58
59
59
59
59
59
60
60
60
60
61
61
61
61
61
61
61
62
62
62
62
62
63
63
63
64
64
64
64
64
64
64
64
65
65
65
65
65
65
65
66
66
66
66
66
66
67
67
67
67
67
67
67
67
67
68
68
68
68
68
68
68
68
69
69
69
69
69
69
69
69
70
70
70
70
70
70
70
71
71
71
71
71
71
72
72
72
72
72
73
73
74
74
74
74
74
74
74
74
74
75
75
75
75
75
75
75
75
75
75
76
76
76
76
76
76
77
77
77
77
77
77
77
77
78
78
78
78
78
78
78
78
78
79
79
79
79
79
79
79
79
80
80
80
80
80
80
80
80
81
81
81
81
81
82
82
82
82
82
82
82
82
82
83
83
83
83
83
83
83
83
84
84
84
84
84
84
84
84
84
84
87
87
87
87
87
87
87
87
87
87
88
88
88
88
88
88
88
88
88
89
89
89
89
89
89
89
89
89
1
1
1
1
2
2
2
2
2
2
3
3
3
3
3
3
3
3
3
4
4
4
4
4
4
4
5
5
5
5
6
6
7
7
7
7
7
7
7
8
8
8
8
8
8
8
8
8
9
9
9
9
9
9
9
9
10
10
10
10
11
11
11
11
11
11
11
12
13
13
13
14
14
14
15
15
15
15
16
16
16
17
17
17
17
17
17
17
18
18
18
18
18
19
19
19
19
19
19
19
19
20
20
20
20
21
21
21
21
22
22
22
22
22
23
23
24
24
24
25
25
25
25
25
25
25
26
26
26
26
26
26
26
27
27
27
27
27
28
28
28
29
29
30
30
30
30
31
31
31
31
32
32
32
33
33
33
33
33
34
34
34
34
34
35
35
35
36
36
36
36
37
38
38
38
38
39
39
39
40
41
41
41
41
42
42
42
42
42
42
42
43
43
43
44
44
44
44
44
44
45
45
45
45
45
46
46
46
46
46
47
47
47
47
47
47
48
48
48
48
48
48
48
48
48
49
49
49
49
49
50
50
50
50
51
51
51
51
51
51
51
52
53
53
53
54
54
54
54
54
54
54
55
56
56
56
56
56
56
57
57
57
57
57
58
58
58
58
59
59
59
59
59
60
60
60
60
60
61
61
61
61
62
62
62
62
62
62
63
63
63
63
63
63
63
63
63
64
64
64
64
64
65
65
65
65
65
65
65
65
65
66
66
66
66
66
66
67
67
67
67
68
68
68
68
69
69
69
69
70
70
70
70
70
70
70
71
71
71
71
71
72
72
72
73
73
73
73
73
73
73
73
73
73
74
74
74
74
75
76
76
76
76
76
76
77
77
77
77
78
78
78
78
78
79
79
80
80
80
80
80
80
80
80
81
81
81
81
83
83
83
84
84
84
84
85
85
85
85
85
85
85
85
86
86
86
86
86
86
87
87
87
89
1
1
1
1
1
1
2
2
2
2
2
2
3
3
3
4
4
4
4
4
4
5
5
5
5
5
5
5
5
5
5
6
6
6
6
6
6
6
6
6
6
6
6
6
7
7
7
7
7
7
7
7
8
8
8
8
8
8
9
9
9
9
9
10
10
10
10
10
10
10
11
11
11
11
11
11
11
11
12
12
12
12
13
14
14
14
14
14
14
14
14
14
14
14
15
15
15
15
15
15
15
15
16
16
16
16
17
17
17
17
17
18
18
19
19
19
19
19
20
20
20
20
20
20
20
20
20
20
20
20
21
21
21
21
21
21
21
21
21
22
22
22
23
23
23
23
23
23
24
24
24
24
24
24
25
25
25
25
25
26
26
26
26
26
26
26
26
27
27
27
27
28
28
28
28
29
29
29
30
30
31
31
31
31
32
32
32
32
32
32
33
33
33
33
34
34
34
34
35
35
35
35
35
35
35
35
35
36
36
36
36
36
36
36
37
37
37
37
38
39
39
39
40
40
40
40
40
41
41
41
42
42
43
43
43
43
43
44
44
45
45
45
45
45
46
46
46
46
46
46
47
47
48
48
48
48
48
49
49
49
49
50
50
50
50
51
52
53
53
53
53
53
53
53
53
53
53
54
55
55
55
55
56
57
58
58
58
58
58
60
60
61
61
61
61
62
62
64
64
65
66
66
66
66
66
69
71
71
74
76
77
77
79
80
80
81
81
81
81
83
84
84
84
85
85
86
86
86
86
86
86
88
1
1
1
1
2
2
2
2
4
5
6
6
7
8
9
9
9
9
10
11
11
12
12
12
14
14
15
16
17
17
18
21
21
24
24
24
25
27
31
34
34
37
37
45
49
50
53
