6 15
6 12
6 8
6 12
6 5
6 4
6 8
6 12
6 4
6 11
6 4
6 7
6 15
6 17
6 9
6 13
6 8
6 7
6 15
6 11
6 11
6 16
6 15
6 4
6 15
6 14
6 11
5 15
6 15
5 18
6 5
6 5
6 17
6 10
6 14
5 0
5 0
5 6
6 15
6 15
6 9
6 8
6 9
6 8
6 6
6 8
6 11
6 15
6 11
6 15
6 5
6 8
6 11
6 15
5 6
6 8
5 6
6 8
6 14
6 15
6 7
6 7
6 8
6 10
6 14
5 15
6 18
6 8
6 10
6 14
6 8
6 8
6 10
6 11
6 14
6 15
5 4
6 6
6 10
6 7
6 16
6 7
6 8
6 11
6 15
5 4
5 4
6 6
6 11
6 15
6 6
5 16
6 16
6 7
6 15
5 16
6 11
6 6
6 17
6 6
5 11
6 5
6 6
6 6
6 6
6 4
6 6
6 11
6 14
6 17
5 3
5 6
6 9
6 10
6 13
6 14
5 3
5 6
6 10
6 14
5 6
6 9
6 10
6 13
6 4
6 10
6 14
6 10
6 11
6 14
6 10
6 11
6 8
6 10
6 12
6 14
6 8
6 12
6 10
6 14
5 3
6 8
6 7
6 11
6 17
6 14
6 13
6 16
6 18
6 10
6 7
6 6
6 15
6 7
6 13
6 8
6 19
6 7
6 10
6 14
6 16
6 20
5 23
5 2
5 22
5 23
6 5
6 8
6 5
6 8
6 5
6 4
6 4
6 4
6 9
6 5
6 9
5 11
6 5
6 15
6 7
6 5
6 7
6 5
6 8
6 7
6 8
6 17
6 11
6 15
5 4
5 6
5 8
6 3
6 5
6 7
5 4
5 4
6 8
5 17
5 4
5 6
6 7
6 8
6 17
6 3
6 10
6 14
6 10
5 11
6 15
6 10
6 18
6 11
5 4
6 6
6 7
6 11
6 10
5 4
6 6
6 7
6 8
6 11
5 14
6 6
6 11
6 15
6 6
6 10
6 6
6 8
6 7
6 8
6 10
5 18
5 4
6 8
6 11
6 15
6 7
6 11
6 11
5 15
6 11
6 11
6 15
6 15
6 4
6 12
5 9
6 12
6 3
6 4
6 5
6 6
6 7
6 8
6 23
6 17
6 20
6 14
6 10
6 2
6 5
6 2
6 5
5 8
6 6
6 9
6 14
5 23
6 5
6 8
6 18
6 5
6 5
5 15
6 13
5 15
6 4
6 7
6 15
6 17
6 19
6 19
6 10
5 15
5 14
6 10
6 12
5 16
6 8
6 17
6 14
6 16
6 19
6 12
5 0
5 0
5 23
5 2
5 22
5 0
5 23
6 4
6 4
6 7
6 19
5 11
6 5
5 11
6 7
6 4
6 4
6 4
6 7
5 15
5 17
5 19
5 17
6 7
5 11
5 14
5 14
5 4
6 6
5 18
5 4
6 6
5 15
5 18
5 14
5 14
6 5
6 15
5 18
5 10
6 12
6 8
6 15
6 19
6 8
5 9
6 4
5 9
5 12
5 15
6 2
6 7
6 10
5 15
6 18
6 10
5 19
6 10
5 14
5 18
6 22
6 4
5 16
6 4
5 13
6 4
6 10
6 13
6 16
6 19
6 21
5 13
5 18
6 20
5 0
5 3
5 18
5 23
6 5
6 5
6 8
6 7
6 7
6 13
6 11
6 14
6 19
6 5
5 14
6 5
5 16
5 16
5 10
5 13
5 16
6 5
6 4
6 7
5 14
6 7
6 13
6 5
5 17
5 20
6 4
6 7
5 9
5 14
6 13
6 17
6 7
6 17
6 9
6 9
6 6
6 9
6 6
6 9
6 9
5 6
6 6
6 9
6 6
6 9
6 6
6 9
6 9
6 6
6 4
6 6
6 7
6 19
6 22
6 8
6 16
5 12
5 12
6 5
6 11
5 12
5 12
5 12
6 7
6 12
6 4
5 3
6 10
6 17
6 11
6 5
6 8
6 5
6 8
6 4
6 4
5 12
6 16
6 16
5 10
5 12
5 11
5 15
6 3
6 5
6 7
5 15
6 11
6 14
5 15
5 9
5 4
5 9
5 12
5 12
6 12
6 12
6 12
6 9
6 9
5 1
5 6
5 3
5 20
6 4
6 16
6 19
6 5
6 11
5 12
6 16
6 16
6 18
6 10
6 8
6 18
5 9
6 7
5 9
5 16
5 9
5 9
5 9
6 9
6 9
6 19
6 19
6 2
6 5
5 20
5 8
5 20
5 21
6 4
6 16
6 21
5 3
5 6
6 6
6 10
6 6
6 21
5 16
5 10
5 16
6 14
5 9
6 5
6 22
5 9
5 19
5 9
6 20
5 3
5 6
5 16
5 19
6 16
6 17
6 8
5 18
6 18
5 19
5 22
6 11
5 9
5 9
5 9
5 9
6 8
6 12
6 9
5 6
5 9
6 9
6 9
5 9
5 6
5 18
6 7
5 10
6 8
6 13
6 5
6 19
5 6
6 12
6 18
6 13
6 8
5 2
5 4
6 4
6 12
6 9
5 16
6 17
6 20
6 9
6 15
6 4
6 9
6 15
5 22
6 2
6 4
6 5
6 15
6 15
6 15
6 12
6 5
6 12
6 14
6 16
5 6
6 14
6 14
6 14
6 17
6 14
5 10
6 17
6 14
5 10
5 12
5 16
6 14
6 4
6 7
6 10
6 14
6 12
6 12
5 18
6 15
6 12
6 13
6 8
6 17
6 8
6 19
6 10
6 3
5 13
6 6
6 6
5 14
6 7
6 5
6 23
6 18
6 5
6 7
6 4
6 2
5 8
5 3
6 9
6 16
6 20
6 5
6 4
6 17
6 20
6 7
6 2
6 5
5 11
5 0
5 0
5 0
5 1
5 18
5 21
6 7
6 16
6 7
6 16
5 3
6 12
5 19
5 11
6 18
5 19
6 8
6 11
6 15
6 14
5 15
6 16
5 10
6 17
5 10
5 11
6 13
5 14
5 15
6 17
5 10
5 10
5 3
5 19
6 3
6 7
6 11
6 16
6 3
6 11
6 16
6 3
6 13
6 16
5 19
6 20
6 3
6 11
6 14
5 19
5 19
5 6
6 8
5 15
6 16
6 12
6 19
6 5
5 14
6 7
5 15
6 16
6 17
6 3
6 17
6 6
6 5
5 12
6 7
6 18
6 10
6 5
6 17
6 7
5 16
6 17
5 2
5 13
6 16
6 8
5 11
6 12
6 13
5 11
5 8
6 7
6 10
6 13
5 16
5 20
5 3
6 20
5 17
6 5
6 18
6 5
5 17
5 20
5 19
6 11
6 12
5 20
6 8
6 12
5 20
6 12
5 14
5 14
5 10
5 14
6 5
5 16
5 18
6 12
6 7
6 14
6 9
6 3
6 11
5 9
5 12
6 14
6 18
5 19
6 7
5 19
5 14
6 10
6 14
5 17
6 5
5 17
5 20
5 20
6 12
6 10
6 12
6 13
6 9
6 10
6 11
6 12
6 13
6 14
6 9
6 10
6 11
6 12
6 13
6 14
6 17
6 17
6 6
6 7
6 7
6 9
6 8
6 9
6 11
6 14
6 15
5 6
6 16
6 7
6 16
6 20
6 6
5 11
5 12
6 6
6 7
6 17
6 7
6 8
6 12
6 8
6 8
6 11
6 14
6 15
5 1
5 20
5 2
5 21
5 1
5 19
6 17
6 23
5 2
5 22
6 17
5 23
5 18
5 21
5 0
5 2
5 13
5 17
5 18
5 21
5 0
5 2
5 2
6 5
5 2
6 18
5 2
6 21
6 3
6 20
6 23
6 16
6 19
6 19
5 20
6 19
6 23
5 2
6 3
6 16
5 16
5 20
5 16
6 17
6 23
5 0
6 23
5 16
6 23
5 2
5 0
6 17
5 2
6 3
5 17
5 1
5 1
6 3
6 5
6 7
5 21
5 0
5 1
6 4
6 7
6 18
6 4
5 0
6 18
5 0
5 0
5 1
5 11
5 0
5 13
6 18
6 14
5 18
5 21
6 7
6 19
6 7
6 9
6 14
5 17
6 5
6 8
6 16
6 19
6 5
6 9
6 12
5 1
5 2
5 3
5 20
5 1
5 3
6 12
5 21
5 1
5 1
5 3
6 10
5 21
6 11
5 14
6 16
6 18
6 6
6 10
5 18
5 2
6 10
6 11
6 14
6 15
5 18
5 21
6 8
6 11
5 18
6 21
6 10
6 13
6 18
6 21
5 3
6 4
6 11
6 19
6 11
6 13
6 18
5 1
6 13
6 18
6 21
5 2
5 1
5 6
6 13
6 15
6 17
5 18
5 3
5 6
6 13
5 3
5 6
5 3
5 6
6 13
6 14
6 19
5 2
6 4
5 11
5 13
5 19
6 20
5 22
5 1
5 2
6 4
6 6
6 12
6 23
5 1
5 3
5 19
5 22
6 13
6 22
5 2
5 21
5 1
5 2
5 3
6 6
6 18
6 19
5 22
5 1
5 2
5 3
6 18
6 19
5 1
5 2
5 13
6 14
6 20
5 22
5 23
5 1
5 2
6 14
6 17
5 18
6 19
6 17
5 3
6 13
6 19
6 22
6 4
5 21
5 22
5 2
5 3
5 13
5 1
5 2
5 3
5 13
5 17
5 4
5 6
5 8
6 18
5 1
6 5
6 21
5 1
5 2
5 23
5 1
6 5
5 22
6 23
6 5
6 9
5 10
6 13
5 2
5 4
5 23
5 0
5 2
5 4
5 6
6 10
5 11
6 14
6 16
6 18
5 2
6 6
6 7
5 13
6 16
6 17
6 20
5 1
5 2
6 5
5 13
5 21
5 22
5 23
5 2
5 2
6 5
6 13
5 19
6 22
5 1
6 5
5 13
6 16
5 22
5 23
5 1
5 23
5 1
5 2
6 3
6 5
5 13
6 16
6 17
6 19
6 20
5 22
5 23
5 1
5 2
5 1
6 17
5 1
6 5
6 17
6 19
6 3
5 4
6 5
6 13
5 17
5 21
6 23
5 0
5 2
6 5
6 13
5 19
6 20
5 0
5 1
5 2
5 1
5 2
5 13
5 19
5 22
5 2
6 3
6 17
5 18
5 0
6 3
5 4
5 17
5 18
6 20
5 21
5 0
5 1
6 3
5 16
5 21
5 2
5 13
5 22
5 0
5 1
5 2
6 3
5 4
5 13
6 20
5 21
6 3
6 7
6 12
5 13
5 20
6 21
5 22
5 2
6 3
6 6
6 7
5 13
6 20
5 0
5 1
6 3
5 11
5 14
6 15
6 18
5 19
6 23
5 2
6 3
5 10
5 13
5 14
6 18
5 20
6 21
5 0
5 1
6 3
5 11
6 14
6 18
6 19
6 22
5 0
5 2
6 7
5 11
6 14
6 18
6 19
5 0
5 2
6 3
6 7
6 22
6 23
5 0
5 2
6 18
6 20
6 22
5 1
5 17
5 1
6 2
5 8
5 9
6 15
6 16
6 17
5 22
6 23
6 2
6 5
5 8
5 11
5 12
5 15
6 16
6 19
6 21
5 22
5 0
5 1
6 7
5 11
6 16
6 19
5 0
6 7
5 11
6 15
5 18
6 19
5 21
6 23
5 1
6 5
6 7
5 8
5 11
5 13
5 15
6 21
5 22
6 7
6 12
5 13
5 16
6 17
5 18
6 21
5 22
5 0
5 1
6 2
6 5
6 9
6 13
6 19
6 23
5 0
6 5
6 12
6 22
6 23
6 2
6 5
5 9
5 13
5 15
6 18
6 21
5 22
5 23
5 0
5 1
5 9
5 11
5 13
5 15
5 22
5 23
5 1
6 2
6 7
5 9
5 15
5 18
6 19
5 20
5 22
5 23
5 1
6 2
6 5
5 7
5 8
6 12
5 14
5 19
6 21
5 22
5 0
6 2
5 3
5 7
5 11
5 13
6 19
5 20
6 23
5 0
5 1
5 11
5 12
5 16
6 17
5 21
6 22
5 23
5 3
6 10
6 11
6 13
6 6
6 10
6 11
6 12
6 13
6 14
5 1
5 4
6 6
5 8
6 11
6 15
5 17
5 19
5 21
5 4
6 5
6 8
6 14
6 15
5 21
5 22
5 4
6 5
6 10
6 15
5 2
5 4
5 0
5 2
5 4
6 11
5 12
6 16
6 18
5 0
5 1
5 2
5 4
6 10
5 12
6 13
5 19
5 21
5 4
6 11
6 13
6 14
5 15
6 16
6 20
5 22
5 1
5 4
6 13
5 16
5 4
6 6
6 9
6 10
6 12
6 14
5 16
5 3
5 0
5 2
5 23
5 6
6 9
6 18
6 4
6 15
5 21
5 22
5 15
5 17
5 22
5 3
6 12
6 13
6 14
5 16
5 17
5 19
5 2
5 3
5 16
5 21
5 22
5 2
6 7
6 9
6 15
5 16
5 17
5 21
5 22
6 9
6 13
5 16
6 17
6 7
6 9
5 21
5 22
5 3
6 6
6 7
5 21
5 23
5 3
5 22
6 4
6 6
6 7
5 1
5 3
6 6
6 7
5 16
5 19
5 23
5 1
5 3
6 6
6 7
5 10
5 17
6 23
5 0
6 4
5 13
5 17
5 21
5 0
5 13
5 17
5 0
5 3
5 3
5 13
5 20
5 21
5 1
5 12
6 20
5 23
5 1
5 20
5 23
5 0
5 1
5 2
5 3
5 18
5 0
5 1
5 17
6 20
6 23
5 1
5 3
5 20
5 18
5 19
5 21
5 22
6 20
5 1
5 21
5 22
5 23
6 20
5 21
5 22
5 22
5 0
6 5
5 21
5 22
5 0
5 2
5 4
5 6
6 10
5 16
5 21
6 3
5 20
5 22
5 1
6 5
5 10
5 20
5 21
5 22
6 8
6 9
5 15
5 20
5 23
5 4
5 10
6 12
5 19
5 21
6 3
5 4
6 6
5 11
6 18
5 19
5 1
5 4
6 6
6 12
6 18
5 19
5 20
5 21
5 22
5 1
5 4
6 6
6 18
5 23
5 0
5 2
6 3
5 21
5 0
5 2
5 13
5 17
5 20
6 21
5 22
5 0
6 5
5 16
5 23
5 0
6 3
6 5
5 13
5 16
5 20
5 21
5 22
5 0
5 1
5 2
5 12
5 20
5 22
5 1
5 4
5 17
5 22
5 23
6 3
5 13
5 19
5 23
5 0
6 3
6 5
5 20
6 21
5 1
5 14
5 19
6 20
5 23
5 1
5 2
5 13
6 23
5 2
6 8
6 10
5 19
5 20
6 22
5 0
5 1
6 3
5 4
6 5
6 8
5 17
5 20
6 21
6 8
5 10
6 18
6 22
5 23
5 0
5 1
6 5
6 6
6 8
5 10
5 14
5 18
5 23
5 0
5 1
6 8
5 21
5 22
5 23
5 9
5 10
5 21
5 22
5 1
5 9
5 22
5 23
5 10
5 15
5 20
5 21
5 9
5 10
5 13
5 15
5 20
5 21
5 22
5 11
5 14
5 15
5 19
5 21
5 19
5 21
5 23
5 0
5 2
5 9
5 11
5 12
5 14
5 15
5 18
5 20
5 22
5 0
5 18
5 19
5 20
5 23
5 8
5 12
5 15
5 18
5 21
5 23
5 1
5 3
5 16
5 22
6 2
5 6
5 17
5 19
5 23
5 1
5 23
5 3
5 6
5 16
5 17
5 18
5 20
5 21
5 22
5 1
6 2
6 9
5 19
5 3
5 6
5 21
5 3
5 6
5 11
5 14
5 0
5 1
5 17
6 18
5 19
5 21
6 22
5 23
5 0
5 1
5 17
5 18
5 21
5 22
6 4
6 16
5 23
5 8
5 4
6 8
6 12
6 15
5 19
5 20
5 4
5 7
6 9
6 15
5 17
5 20
6 10
6 13
6 14
6 7
6 9
6 13
6 16
6 18
5 19
5 2
6 8
6 9
5 11
5 13
6 14
6 16
5 18
6 19
5 20
5 3
6 5
6 6
6 9
6 10
5 11
5 14
6 15
6 16
5 18
5 19
6 20
5 21
6 8
6 9
5 13
6 14
5 17
6 19
5 20
5 23
5 3
6 6
6 9
5 17
6 20
5 23
5 1
5 3
6 7
5 12
5 21
5 3
6 6
6 7
5 12
5 20
5 22
6 23
5 1
5 2
6 7
5 13
6 17
5 20
5 22
5 23
5 1
5 16
5 19
5 23
5 22
5 2
5 3
5 10
5 13
6 14
6 15
5 17
5 20
5 21
5 22
5 23
5 0
5 2
5 3
6 9
5 10
5 17
6 20
5 23
5 2
5 10
5 19
5 23
5 0
5 10
5 21
6 22
5 23
5 0
6 23
5 0
5 1
6 5
6 10
6 23
5 0
5 1
6 5
6 7
6 8
6 10
5 11
6 15
5 18
5 20
5 22
5 23
5 0
5 2
6 4
6 5
6 10
5 12
5 16
5 17
5 20
5 0
6 12
6 18
5 0
6 7
5 13
5 16
5 20
5 21
5 2
6 9
6 12
6 16
6 18
6 21
5 0
5 2
6 12
6 18
5 21
5 0
6 8
6 12
6 16
6 18
5 19
5 20
5 22
6 8
6 11
6 15
6 20
6 4
5 20
5 22
5 23
6 4
5 18
5 21
5 0
5 22
5 0
5 13
6 14
5 21
5 0
5 2
5 10
5 14
5 18
5 21
6 6
6 9
5 19
6 20
5 10
6 12
5 14
6 16
6 5
6 8
5 10
6 11
6 12
5 14
6 15
6 16
5 23
5 0
6 5
6 8
6 12
6 16
6 20
6 23
5 0
5 2
5 21
5 22
5 20
5 0
5 1
5 23
5 0
5 9
5 19
5 20
5 23
5 9
6 12
5 15
5 9
5 20
5 0
5 1
5 4
5 16
5 23
5 0
5 18
5 1
6 5
5 17
5 21
5 22
5 0
5 1
6 8
6 15
5 22
5 23
5 0
6 12
5 0
6 3
6 5
5 13
5 16
5 0
6 7
6 12
5 20
6 8
6 15
5 17
6 20
6 3
5 21
5 0
6 3
6 7
5 9
6 11
5 13
6 15
5 17
5 21
6 22
5 22
5 0
5 20
6 21
5 23
6 8
5 21
5 9
6 11
6 15
5 17
6 21
6 12
5 21
6 8
6 12
5 14
5 22
6 6
5 13
6 12
5 17
5 4
5 4
5 10
6 12
5 17
5 18
5 23
5 10
5 20
5 3
5 22
6 5
5 12
5 6
5 8
5 12
5 6
5 13
5 17
5 18
5 18
5 0
6 5
6 17
5 9
5 13
5 3
5 6
5 9
5 13
5 19
5 23
5 1
5 1
5 2
5 21
5 22
5 1
5 3
5 18
5 21
6 10
5 22
6 13
5 22
5 22
5 22
5 2
6 5
5 19
5 23
5 19
5 3
5 19
5 0
5 2
5 22
5 0
5 1
5 1
5 0
6 8
6 15
5 10
5 1
6 23
5 0
5 20
5 23
5 20
5 23
6 7
6 5
6 8
5 1
5 23
6 7
5 21
6 11
6 18
