36 0 1 3 7 8 9 11 12 13 14 17 19
36 0 1 3 7 8 9 11 12 13 14 17 19
36 0 1 2 4 6 9 11 14 15 17 18 19
36 0 1 2 3 10 11 12 13 14 15 16 17
36 0 1 2 3 10 11 12 13 14 15 16 17
36 0 1 2 3 4 11 12 13 15 16 18 19
36 0 1 2 3 6 10 11 13 15 16 18 19
36 0 1 2 3 6 10 11 14 15 17 18 19
36 0 1 2 3 10 11 12 13 14 15 16 17
36 0 1 2 3 10 11 12 13 14 15 16 17
36 0 1 2 3 10 11 12 13 14 15 16 17
36 0 1 2 3 10 11 12 13 14 15 16 17
36 0 1 2 3 10 11 12 13 14 15 16 17
36 0 1 2 4 6 9 10 13 15 17 18 19
36 0 1 2 4 6 9 11 14 15 17 18 19
36 0 1 2 4 6 9 11 14 15 17 18 19
36 0 1 2 4 9 10 12 13 14 15 16 18
36 0 1 2 4 9 10 12 13 14 15 16 18
36 0 1 3 6 8 9 11 12 13 15 17 19
36 0 1 3 6 8 9 11 12 13 15 17 19
36 0 1 3 6 8 9 11 12 13 15 17 19
36 0 1 3 7 8 9 11 12 13 14 17 19
36 0 1 3 7 8 9 11 12 13 14 17 19
36 0 1 3 7 8 9 11 12 13 14 17 19
36 0 1 3 7 8 9 11 12 13 14 17 19
36 0 1 3 7 8 9 11 12 13 14 17 19
36 0 1 3 7 8 9 11 12 13 14 17 19
36 0 1 3 7 8 9 11 12 13 14 17 19
36 0 1 3 7 8 9 11 12 13 14 17 19
36 0 1 3 7 8 9 11 12 13 14 17 19
36 0 1 3 7 8 9 11 12 13 14 17 19
36 0 1 3 7 8 9 11 12 13 14 17 19
36 0 1 2 3 4 11 12 13 15 16 18 19
36 0 1 2 4 9 10 12 13 14 15 16 18
36 0 1 2 4 9 10 12 13 14 15 16 18
36 0 1 2 4 9 10 12 13 14 15 16 18
36 0 1 2 3 6 10 11 13 15 16 18 19
36 0 1 2 3 6 10 11 14 15 17 18 19
36 0 1 2 3 10 11 12 13 14 15 16 17
36 0 1 2 4 6 9 10 13 15 17 18 19
36 0 1 2 4 6 9 11 14 15 17 18 19
36 0 1 2 4 9 10 12 13 14 15 16 18
36 0 1 3 6 8 9 11 12 13 15 17 19
36 0 1 3 6 8 9 11 12 13 15 17 19
36 0 1 3 6 8 9 11 12 13 15 17 19
36 0 1 3 7 8 9 11 12 13 14 17 19
36 0 1 2 3 4 6 13 15 16 17 18 19
36 0 1 2 3 4 11 12 13 15 16 18 19
36 0 1 2 3 6 9 10 13 16 17 18 19
36 0 1 2 3 6 10 11 14 15 17 18 19
36 0 1 2 3 6 10 11 14 15 17 18 19
36 0 1 2 3 6 10 11 14 15 17 18 19
36 0 1 2 5 9 10 11 13 14 15 17 19
36 0 1 3 6 8 9 11 12 13 15 17 19
36 0 1 3 6 8 9 11 12 13 15 17 19
36 0 1 2 3 6 9 11 14 16 17 18 19
36 0 1 2 3 6 9 11 14 16 17 18 19
36 0 1 2 3 6 9 11 14 16 17 18 19
36 0 1 2 4 6 9 10 13 15 17 18 19
36 0 1 2 5 9 10 11 13 14 15 17 19
36 0 1 2 5 9 10 11 13 14 15 17 19
36 0 1 2 3 4 11 12 13 15 16 18 19
36 0 1 2 3 4 11 12 14 15 17 18 19
36 0 1 2 3 4 11 12 14 15 17 18 19
36 0 1 2 3 6 9 10 13 16 17 18 19
36 0 1 2 3 6 9 11 14 16 17 18 19
36 0 1 2 3 6 9 11 14 16 17 18 19
36 0 1 2 4 6 9 11 14 15 17 18 19
36 0 1 2 4 6 9 11 14 15 17 18 19
36 0 1 2 5 9 10 11 13 14 15 17 19
36 0 1 2 5 9 10 11 13 14 15 17 19
36 0 1 2 3 4 6 13 15 16 17 18 19
36 0 1 2 3 4 6 13 15 16 17 18 19
36 0 1 2 3 4 6 13 15 16 17 18 19
36 0 1 2 3 4 7 12 15 16 17 18 19
36 0 1 2 3 4 7 12 15 16 17 18 19
36 0 1 2 3 4 11 12 13 15 16 18 19
36 0 1 2 3 4 11 12 14 15 17 18 19
36 0 1 2 3 6 10 11 13 15 16 18 19
36 0 1 2 3 6 10 11 13 15 16 18 19
36 0 1 2 4 6 9 10 13 15 17 18 19
36 0 1 2 3 4 6 13 15 16 17 18 19
36 0 1 2 3 4 6 13 15 16 17 18 19
36 0 1 2 3 4 11 12 13 15 16 18 19
36 0 1 2 3 6 9 10 13 16 17 18 19
36 0 1 2 3 6 9 11 14 16 17 18 19
36 0 1 2 3 6 9 11 14 16 17 18 19
36 0 1 2 3 6 10 11 13 15 16 18 19
36 0 1 2 3 6 10 11 14 15 17 18 19
36 0 1 2 5 9 10 11 13 14 15 17 19
36 0 1 2 3 4 7 12 15 16 17 18 19
36 0 1 2 3 4 7 12 15 16 17 18 19
36 0 1 2 3 4 11 12 14 15 17 18 19
36 0 1 2 3 4 11 12 14 15 17 18 19
36 0 1 2 3 6 9 10 13 16 17 18 19
36 0 1 2 3 6 9 11 14 16 17 18 19
36 0 1 2 3 6 10 11 13 15 16 18 19
36 0 1 2 3 4 11 12 14 15 17 18 19
36 0 1 2 3 6 9 10 13 16 17 18 19
36 0 1 2 3 6 9 10 13 16 17 18 19
36 0 1 2 4 6 9 11 14 15 17 18 19
36 0 1 2 3 4 6 13 15 16 17 18 19
36 0 1 2 3 6 9 11 14 16 17 18 19
36 0 1 2 3 6 9 11 14 16 17 18 19
36 0 1 2 3 6 9 11 14 16 17 18 19
36 0 1 2 3 6 9 11 14 16 17 18 19
36 0 1 2 3 6 9 11 14 16 17 18 19
36 0 1 2 3 6 10 11 13 15 16 18 19
36 0 1 2 3 6 10 11 14 15 17 18 19
36 0 1 2 3 6 10 11 14 15 17 18 19
36 0 1 2 4 6 9 11 14 15 17 18 19
36 0 1 2 3 4 6 13 15 16 17 18 19
36 0 1 2 3 4 11 12 13 15 16 18 19
36 0 1 2 3 6 9 10 13 16 17 18 19
36 0 1 2 3 6 9 10 13 16 17 18 19
36 0 1 2 3 6 9 11 14 16 17 18 19
36 0 1 2 3 6 10 11 13 15 16 18 19
36 0 1 2 3 6 10 11 14 15 17 18 19
36 0 1 2 4 6 9 11 14 15 17 18 19
36 0 1 2 3 6 9 10 13 16 17 18 19
36 0 1 2 3 6 9 11 14 16 17 18 19
36 0 1 2 3 6 9 11 14 16 17 18 19
36 0 1 2 4 6 9 11 14 15 17 18 19
36 0 1 2 5 9 10 11 13 14 15 17 19
36 0 1 2 5 9 10 11 13 14 15 17 19
36 0 1 2 3 4 6 13 15 16 17 18 19
36 0 1 2 3 4 6 13 15 16 17 18 19
36 0 1 2 3 4 7 12 15 16 17 18 19
36 0 1 2 3 4 7 12 15 16 17 18 19
36 0 1 2 3 4 7 12 15 16 17 18 19
36 0 1 2 3 4 11 12 13 15 16 18 19
36 0 1 2 3 4 11 12 14 15 17 18 19
36 0 1 2 3 4 11 12 14 15 17 18 19
36 0 1 2 3 4 11 12 14 15 17 18 19
36 0 1 2 3 6 10 11 14 15 17 18 19
36 0 1 2 3 4 7 12 15 16 17 18 19
36 0 1 2 3 4 11 12 13 15 16 18 19
36 0 1 2 3 4 11 12 13 15 16 18 19
36 0 1 2 3 4 11 12 14 15 17 18 19
36 0 1 2 3 4 11 12 14 15 17 18 19
36 0 1 2 3 4 11 12 14 15 17 18 19
36 0 1 2 3 6 9 10 13 16 17 18 19
36 0 1 2 3 6 10 11 13 15 16 18 19
36 0 1 2 3 6 10 11 14 15 17 18 19
36 0 1 2 3 6 10 11 14 15 17 18 19
36 0 1 2 3 10 11 12 13 14 15 16 17
36 0 1 2 3 10 11 12 13 14 15 16 17
36 0 1 3 6 8 9 11 12 13 15 17 19
36 0 1 3 7 8 9 11 12 13 14 17 19
36 0 1 3 7 8 9 11 12 13 14 17 19
36 0 1 3 7 8 9 11 12 13 14 17 19
36 0 1 2 3 4 6 13 15 16 17 18 19
36 0 1 2 3 4 6 13 15 16 17 18 19
36 0 1 2 3 4 6 13 15 16 17 18 19
36 0 1 2 3 4 6 13 15 16 17 18 19
36 0 1 2 3 4 6 13 15 16 17 18 19
36 0 1 2 3 4 7 12 15 16 17 18 19
36 0 1 2 3 4 7 12 15 16 17 18 19
36 0 1 2 3 4 7 12 15 16 17 18 19
36 0 1 2 3 4 7 12 15 16 17 18 19
36 0 1 2 3 4 7 12 15 16 17 18 19
36 0 1 2 3 4 11 12 13 15 16 18 19
36 0 1 2 3 4 11 12 13 15 16 18 19
36 0 1 2 3 4 11 12 13 15 16 18 19
36 0 1 2 3 4 11 12 13 15 16 18 19
36 0 1 2 3 4 11 12 13 15 16 18 19
36 0 1 2 3 4 11 12 14 15 17 18 19
36 0 1 2 3 4 11 12 14 15 17 18 19
36 0 1 2 3 6 9 10 13 16 17 18 19
36 0 1 2 3 6 9 10 13 16 17 18 19
36 0 1 2 3 6 9 10 13 16 17 18 19
36 0 1 2 3 6 9 11 14 16 17 18 19
36 0 1 2 3 6 9 11 14 16 17 18 19
36 0 1 2 3 6 10 11 13 15 16 18 19
36 0 1 2 3 6 10 11 13 15 16 18 19
36 0 1 2 3 6 10 11 13 15 16 18 19
36 0 1 2 3 6 10 11 13 15 16 18 19
36 0 1 2 3 6 10 11 14 15 17 18 19
36 0 1 2 3 6 10 11 14 15 17 18 19
36 0 1 2 3 10 11 12 13 14 15 16 17
36 0 1 2 3 10 11 12 13 14 15 16 17
36 0 1 2 3 10 11 12 13 14 15 16 17
36 0 1 2 3 10 11 12 13 14 15 16 17
36 0 1 2 4 6 9 10 13 15 17 18 19
36 0 1 2 4 6 9 10 13 15 17 18 19
36 0 1 2 4 6 9 10 13 15 17 18 19
36 0 1 2 4 6 9 10 13 15 17 18 19
36 0 1 2 4 6 9 10 13 15 17 18 19
36 0 1 2 4 6 9 10 13 15 17 18 19
36 0 1 2 4 6 9 11 14 15 17 18 19
36 0 1 2 4 6 9 11 14 15 17 18 19
36 0 1 2 4 6 9 11 14 15 17 18 19
36 0 1 2 4 6 9 11 14 15 17 18 19
36 0 1 2 4 6 9 11 14 15 17 18 19
36 0 1 2 4 9 10 12 13 14 15 16 18
36 0 1 2 4 9 10 12 13 14 15 16 18
36 0 1 2 4 9 10 12 13 14 15 16 18
36 0 1 2 4 9 10 12 13 14 15 16 18
36 0 1 2 5 9 10 11 13 14 15 17 19
36 0 1 2 5 9 10 11 13 14 15 17 19
36 0 1 2 5 9 10 11 13 14 15 17 19
36 0 1 3 6 8 9 11 12 13 15 17 19
36 0 1 3 6 8 9 11 12 13 15 17 19
36 0 1 3 6 8 9 11 12 13 15 17 19
36 0 1 3 6 8 9 11 12 13 15 17 19
36 0 1 3 6 8 9 11 12 13 15 17 19
36 0 1 3 6 8 9 11 12 13 15 17 19
36 0 1 3 7 8 9 11 12 13 14 17 19
36 0 1 3 7 8 9 11 12 13 14 17 19
36 0 1 3 7 8 9 11 12 13 14 17 19
36 0 1 2 3 4 6 13 15 16 17 18 19
36 0 1 2 3 4 6 13 15 16 17 18 19
36 0 1 2 3 4 6 13 15 16 17 18 19
36 0 1 2 3 4 7 12 15 16 17 18 19
36 0 1 2 3 4 7 12 15 16 17 18 19
36 0 1 2 3 4 7 12 15 16 17 18 19
36 0 1 2 3 4 7 12 15 16 17 18 19
36 0 1 2 3 4 7 12 15 16 17 18 19
36 0 1 2 3 4 11 12 13 15 16 18 19
36 0 1 2 3 4 11 12 13 15 16 18 19
36 0 1 2 3 4 11 12 13 15 16 18 19
36 0 1 2 3 4 11 12 14 15 17 18 19
36 0 1 2 3 4 11 12 14 15 17 18 19
36 0 1 2 3 4 11 12 14 15 17 18 19
36 0 1 2 3 4 11 12 14 15 17 18 19
36 0 1 2 3 4 11 12 14 15 17 18 19
36 0 1 2 3 4 11 12 14 15 17 18 19
36 0 1 2 3 6 9 10 13 16 17 18 19
36 0 1 2 3 6 9 10 13 16 17 18 19
36 0 1 2 3 6 9 10 13 16 17 18 19
36 0 1 2 3 6 9 10 13 16 17 18 19
36 0 1 2 3 6 9 11 14 16 17 18 19
36 0 1 2 3 6 9 11 14 16 17 18 19
36 0 1 2 3 6 10 11 13 15 16 18 19
36 0 1 2 3 6 10 11 13 15 16 18 19
36 0 1 2 3 6 10 11 13 15 16 18 19
36 0 1 2 3 6 10 11 13 15 16 18 19
36 0 1 2 3 6 10 11 13 15 16 18 19
36 0 1 2 3 6 10 11 14 15 17 18 19
36 0 1 2 3 6 10 11 14 15 17 18 19
36 0 1 2 3 6 10 11 14 15 17 18 19
36 0 1 2 3 10 11 12 13 14 15 16 17
36 0 1 2 3 10 11 12 13 14 15 16 17
36 0 1 2 3 10 11 12 13 14 15 16 17
36 0 1 2 3 10 11 12 13 14 15 16 17
36 0 1 2 3 10 11 12 13 14 15 16 17
36 0 1 2 3 10 11 12 13 14 15 16 17
36 0 1 2 4 6 9 10 13 15 17 18 19
36 0 1 2 4 6 9 10 13 15 17 18 19
36 0 1 2 4 6 9 10 13 15 17 18 19
36 0 1 2 4 6 9 10 13 15 17 18 19
36 0 1 2 4 6 9 10 13 15 17 18 19
36 0 1 2 4 6 9 10 13 15 17 18 19
36 0 1 2 4 6 9 11 14 15 17 18 19
36 0 1 2 4 6 9 11 14 15 17 18 19
36 0 1 2 4 6 9 11 14 15 17 18 19
36 0 1 2 4 6 9 11 14 15 17 18 19
36 0 1 2 4 9 10 12 13 14 15 16 18
36 0 1 2 4 9 10 12 13 14 15 16 18
36 0 1 2 4 9 10 12 13 14 15 16 18
36 0 1 2 4 9 10 12 13 14 15 16 18
36 0 1 2 4 9 10 12 13 14 15 16 18
36 0 1 2 4 9 10 12 13 14 15 16 18
36 0 1 2 4 9 10 12 13 14 15 16 18
36 0 1 2 5 9 10 11 13 14 15 17 19
36 0 1 2 5 9 10 11 13 14 15 17 19
36 0 1 2 5 9 10 11 13 14 15 17 19
36 0 1 2 5 9 10 11 13 14 15 17 19
36 0 1 2 5 9 10 11 13 14 15 17 19
36 0 1 2 5 9 10 11 13 14 15 17 19
36 0 1 3 6 8 9 11 12 13 15 17 19
36 0 1 3 6 8 9 11 12 13 15 17 19
36 0 1 3 6 8 9 11 12 13 15 17 19
36 0 1 3 6 8 9 11 12 13 15 17 19
36 0 1 3 6 8 9 11 12 13 15 17 19
36 0 1 2 3 4 6 13 15 16 17 18 19
36 0 1 2 3 4 6 13 15 16 17 18 19
36 0 1 2 3 4 7 12 15 16 17 18 19
36 0 1 2 3 4 7 12 15 16 17 18 19
36 0 1 2 3 4 11 12 13 15 16 18 19
36 0 1 2 3 4 11 12 13 15 16 18 19
36 0 1 2 3 6 9 10 13 16 17 18 19
36 0 1 2 3 6 9 10 13 16 17 18 19
36 0 1 2 3 6 9 10 13 16 17 18 19
36 0 1 2 3 6 10 11 13 15 16 18 19
36 0 1 2 3 6 10 11 13 15 16 18 19
36 0 1 2 3 6 10 11 14 15 17 18 19
36 0 1 2 3 6 10 11 14 15 17 18 19
36 0 1 2 3 6 10 11 14 15 17 18 19
36 0 1 2 4 6 9 10 13 15 17 18 19
36 0 1 2 4 6 9 10 13 15 17 18 19
36 0 1 2 4 6 9 10 13 15 17 18 19
36 0 1 2 4 6 9 10 13 15 17 18 19
36 0 1 2 4 6 9 11 14 15 17 18 19
36 0 1 2 4 9 10 12 13 14 15 16 18
36 0 1 2 4 9 10 12 13 14 15 16 18
36 0 1 2 4 9 10 12 13 14 15 16 18
36 0 1 2 5 9 10 11 13 14 15 17 19
36 0 1 2 5 9 10 11 13 14 15 17 19
36 0 1 2 5 9 10 11 13 14 15 17 19
