30 0 1 2 3 4 5 11 12 13 14 15 16
30 0 1 2 3 4 5 11 12 13 14 15 16
30 0 1 2 3 4 6 10 12 13 14 15 16
30 0 1 2 3 6 9 10 11 12 13 14 15
30 0 1 2 3 6 9 10 11 12 13 14 15
30 0 1 2 3 4 6 10 12 13 14 15 16
30 0 1 2 3 4 6 10 12 13 14 15 16
30 0 1 2 3 4 6 10 12 13 14 15 16
30 0 1 2 3 4 5 11 12 13 14 15 16
30 0 1 2 3 4 5 11 12 13 14 15 16
30 0 1 2 3 4 5 11 12 13 14 15 16
30 0 1 2 3 4 5 11 12 13 14 15 16
30 0 1 2 3 4 5 11 12 13 14 15 16
30 0 1 2 3 4 6 10 12 13 14 15 16
30 0 1 2 3 4 6 10 12 13 14 15 16
30 0 1 2 3 4 6 10 12 13 14 15 16
30 0 1 2 3 4 6 10 12 13 14 15 16
30 0 1 2 3 6 9 10 11 12 13 14 15
30 0 1 2 3 6 9 10 11 12 13 14 15
30 0 1 2 3 6 9 10 11 12 13 14 15
30 0 1 2 3 6 9 10 11 12 13 14 15
30 0 1 2 3 6 9 10 11 12 13 14 15
30 0 1 2 3 4 5 11 12 13 14 15 16
30 0 1 2 3 4 5 11 12 13 14 15 16
30 0 1 2 3 4 5 11 12 13 14 15 16
30 0 1 2 3 4 5 11 12 13 14 15 16
30 0 1 2 3 4 6 10 12 13 14 15 16
30 0 1 2 3 4 6 10 12 13 14 15 16
30 0 1 2 3 4 6 10 12 13 14 15 16
30 0 1 2 3 6 9 10 11 12 13 14 15
30 0 1 2 3 6 9 10 11 12 13 14 15
30 0 1 2 3 6 9 10 11 12 13 14 15
30 0 1 2 3 6 9 10 11 12 13 14 15
30 0 1 2 3 6 9 10 11 12 13 14 15
30 0 1 2 3 4 6 10 12 13 14 15 16
30 0 1 2 3 4 6 10 12 13 14 15 16
30 0 1 2 3 4 6 10 12 13 14 15 16
30 0 1 2 3 4 6 10 12 13 14 15 16
30 0 1 2 3 4 6 10 12 13 14 15 16
30 0 1 2 3 6 9 10 11 12 13 14 15
30 0 1 2 3 6 9 10 11 12 13 14 15
30 0 1 2 3 6 9 10 11 12 13 14 15
30 0 1 2 3 6 9 10 11 12 13 14 15
30 0 1 2 3 4 5 11 12 13 14 15 16
30 0 1 2 3 4 5 11 12 13 14 15 16
30 0 1 2 3 4 5 11 12 13 14 15 16
30 0 1 2 3 4 5 11 12 13 14 15 16
30 0 1 2 3 4 5 11 12 13 14 15 16
30 0 1 2 3 4 5 11 12 13 14 15 16
30 0 1 2 3 4 6 10 12 13 14 15 16
30 0 1 2 3 6 9 10 11 12 13 14 15
