42 0 1 2 9 10 11 12 14 15 16 20 22
42 0 1 3 6 8 10 11 14 18 20 21 22
42 0 1 2 9 10 11 12 14 15 16 20 22
42 0 1 3 6 8 10 11 14 18 20 21 22
42 0 1 3 6 8 10 11 15 18 19 20 21
42 0 1 2 4 9 13 14 15 17 18 19 20
42 0 1 2 4 10 13 14 15 17 18 20 22
42 0 1 2 4 10 14 15 18 19 20 21 22
42 0 1 2 9 10 11 13 15 16 19 20 22
42 0 1 2 9 10 11 13 15 16 19 20 22
42 0 1 3 6 8 9 12 17 19 20 21 22
42 0 1 3 6 8 10 11 14 18 20 21 22
42 0 1 3 6 8 10 11 14 18 20 21 22
42 0 1 3 6 8 10 11 15 18 19 20 21
42 0 1 3 6 8 10 11 15 18 19 20 21
42 0 1 3 6 8 10 12 15 18 19 21 22
42 0 1 3 6 8 10 11 14 18 20 21 22
42 0 1 3 6 8 10 11 15 18 19 20 21
42 0 1 3 6 8 11 12 15 17 18 20 21
42 0 1 3 6 8 11 12 15 17 18 20 21
42 0 1 2 4 9 13 14 15 17 18 19 20
42 0 1 3 6 8 9 12 17 19 20 21 22
42 0 1 3 6 8 10 12 15 18 19 21 22
42 0 1 2 4 9 11 13 14 17 20 21 22
42 0 1 2 4 10 13 14 15 17 18 20 22
42 0 1 2 4 10 14 15 18 19 20 21 22
42 0 1 2 3 10 12 14 16 18 19 21 22
42 0 1 2 3 10 12 14 16 18 19 21 22
42 0 1 2 4 9 12 14 15 17 19 20 22
42 0 1 2 4 9 12 14 15 17 19 20 22
42 0 1 3 6 8 10 11 14 18 20 21 22
42 0 1 3 6 8 10 11 14 18 20 21 22
42 0 1 3 6 8 10 11 15 18 19 20 21
42 0 1 3 6 8 10 12 15 18 19 21 22
42 0 1 2 3 6 10 15 17 18 19 20 21
42 0 1 2 3 10 11 13 14 16 19 21 22
42 0 1 2 3 10 12 13 14 16 18 21 22
42 0 1 2 4 6 9 14 16 18 19 21 22
42 0 1 2 4 6 9 14 16 18 19 21 22
42 0 1 2 4 6 9 15 17 18 19 20 21
42 0 1 2 4 9 11 13 14 16 19 21 22
42 0 1 2 4 9 11 13 14 16 19 21 22
42 0 1 2 4 9 11 13 15 17 19 20 21
42 0 1 2 4 9 12 13 14 16 18 21 22
42 0 1 2 4 9 12 13 15 17 18 20 21
42 0 1 2 4 9 12 13 15 17 18 20 21
42 0 1 2 4 9 12 13 15 17 18 20 21
42 0 1 2 4 9 12 13 15 17 18 20 21
42 0 1 2 4 9 12 13 15 17 18 20 21
42 0 1 2 4 9 12 14 15 17 19 20 22
42 0 1 2 4 9 12 14 15 17 19 20 22
42 0 1 2 4 9 12 14 15 17 19 20 22
42 0 1 2 4 9 12 14 15 17 19 20 22
42 0 1 2 4 9 12 14 15 17 19 20 22
42 0 1 2 4 9 13 14 15 17 18 19 20
42 0 1 2 9 10 11 12 14 15 16 20 22
42 0 1 2 9 10 11 13 15 16 19 20 22
42 0 1 3 6 8 10 11 15 18 19 20 21
42 0 1 3 6 8 10 12 15 18 19 21 22
42 0 1 3 6 8 10 12 15 18 19 21 22
42 0 1 3 6 8 10 12 15 18 19 21 22
42 0 1 3 6 8 10 12 15 18 19 21 22
42 0 1 3 6 8 11 12 15 17 18 20 21
42 0 1 3 6 8 11 12 15 17 18 20 21
42 0 1 3 6 8 11 12 15 17 18 20 21
42 0 1 3 6 8 11 12 15 17 18 20 21
42 0 1 2 3 10 12 13 15 17 18 20 21
42 0 1 2 3 10 12 14 16 18 19 21 22
42 0 1 2 4 6 8 15 16 18 19 21 22
42 0 1 2 4 6 8 15 16 18 19 21 22
42 0 1 2 4 6 9 14 16 18 19 21 22
42 0 1 2 4 6 9 15 17 18 19 20 21
42 0 1 2 4 9 11 13 14 16 19 21 22
42 0 1 2 4 9 11 13 14 17 20 21 22
42 0 1 2 4 9 12 13 15 17 19 21 22
42 0 1 2 4 9 12 14 15 17 19 20 22
42 0 1 2 4 10 14 15 18 19 20 21 22
42 0 1 3 6 8 10 11 15 18 19 20 21
42 0 1 3 6 8 10 11 15 18 19 20 21
42 0 1 3 6 8 10 12 15 18 19 21 22
42 0 1 3 6 8 10 12 15 18 19 21 22
42 0 1 2 3 6 10 14 16 18 19 21 22
42 0 1 2 3 6 10 15 17 18 19 20 21
42 0 1 2 3 10 11 13 14 16 19 21 22
42 0 1 2 3 10 12 14 16 18 19 21 22
42 0 1 2 3 10 12 14 16 18 19 21 22
42 0 1 2 4 6 8 15 16 18 19 21 22
42 0 1 2 4 6 8 15 16 18 19 21 22
42 0 1 2 4 6 9 13 16 18 20 21 22
42 0 1 2 4 6 9 13 16 18 20 21 22
42 0 1 2 4 6 9 14 16 18 19 21 22
42 0 1 2 4 6 9 15 17 18 19 20 21
42 0 1 2 4 6 10 15 16 18 19 20 21
42 0 1 2 4 9 11 13 14 16 19 21 22
42 0 1 2 4 9 11 13 15 17 19 20 21
42 0 1 2 4 9 11 13 15 17 19 20 21
42 0 1 2 4 9 12 13 14 16 18 21 22
42 0 1 2 4 9 12 13 14 16 18 21 22
42 0 1 2 4 9 12 13 15 17 18 20 21
42 0 1 2 4 9 12 13 15 17 18 20 21
42 0 1 2 4 9 12 13 15 17 18 20 21
42 0 1 2 4 9 12 13 15 17 19 21 22
42 0 1 2 4 9 12 13 15 17 19 21 22
42 0 1 2 4 9 12 14 15 17 19 20 22
42 0 1 2 4 9 12 14 15 17 19 20 22
42 0 1 2 4 9 13 14 15 17 18 19 20
42 0 1 2 4 9 13 14 15 17 18 19 20
42 0 1 2 4 9 13 14 15 17 18 19 20
42 0 1 2 4 10 13 14 15 17 18 20 22
42 0 1 2 4 10 14 15 18 19 20 21 22
42 0 1 2 4 10 14 15 18 19 20 21 22
42 0 1 2 9 10 11 13 15 16 19 20 22
42 0 1 2 9 10 11 13 15 16 19 20 22
42 0 1 2 9 10 11 13 15 16 19 20 22
42 0 1 3 6 8 10 11 14 18 20 21 22
42 0 1 3 6 8 10 11 14 18 20 21 22
42 0 1 3 6 8 10 11 14 18 20 21 22
42 0 1 3 6 8 10 12 15 18 19 21 22
42 0 1 3 6 8 10 12 15 18 19 21 22
42 0 1 2 3 4 12 13 16 18 20 21 22
42 0 1 2 3 6 9 16 17 18 19 20 21
42 0 1 2 3 6 9 16 17 18 19 20 21
42 0 1 2 3 6 10 14 17 18 20 21 22
42 0 1 2 3 6 10 15 16 18 19 20 22
42 0 1 2 3 6 10 15 16 18 19 20 22
42 0 1 2 3 6 10 15 17 18 19 20 21
42 0 1 2 3 6 10 15 17 18 19 20 21
42 0 1 2 3 10 11 13 14 16 19 21 22
42 0 1 2 3 10 11 13 15 17 19 20 21
42 0 1 2 3 10 12 13 14 16 18 21 22
42 0 1 2 3 10 12 13 15 17 18 20 21
42 0 1 2 3 10 12 14 16 18 19 21 22
42 0 1 2 3 10 12 14 16 18 19 21 22
42 0 1 2 3 10 12 14 16 18 19 21 22
42 0 1 2 3 10 12 14 16 18 19 21 22
42 0 1 2 4 6 9 13 16 18 20 21 22
42 0 1 2 4 6 9 14 16 18 19 21 22
42 0 1 2 4 6 9 14 16 18 19 21 22
42 0 1 2 4 6 9 15 17 18 19 20 21
42 0 1 2 4 6 9 15 17 18 19 20 21
42 0 1 2 4 9 12 13 14 16 18 21 22
42 0 1 2 4 9 12 13 15 17 18 20 21
42 0 1 2 4 9 12 13 15 17 18 20 21
42 0 1 2 4 9 12 14 15 17 19 20 22
42 0 1 2 4 9 12 14 15 17 19 20 22
42 0 1 2 4 9 13 14 15 17 18 19 20
42 0 1 2 4 10 13 14 15 17 18 20 22
42 0 1 3 6 8 10 11 14 18 20 21 22
42 0 1 2 3 6 10 13 16 18 20 21 22
42 0 1 2 3 6 10 14 16 18 19 21 22
42 0 1 2 3 6 10 14 17 18 20 21 22
42 0 1 2 3 6 10 15 16 18 19 20 22
42 0 1 2 3 10 11 13 14 16 19 21 22
42 0 1 2 3 10 11 13 14 16 19 21 22
42 0 1 2 3 10 11 13 14 17 20 21 22
42 0 1 2 3 10 11 13 14 17 20 21 22
42 0 1 2 3 10 11 13 14 17 20 21 22
42 0 1 2 3 10 11 13 15 16 19 20 22
42 0 1 2 3 10 12 13 14 16 18 21 22
42 0 1 2 3 10 12 13 14 16 18 21 22
42 0 1 2 3 10 12 13 15 17 18 20 21
42 0 1 2 3 10 12 13 15 17 18 20 21
42 0 1 2 4 6 8 15 16 18 19 21 22
42 0 1 2 4 6 9 15 17 18 19 20 21
42 0 1 2 4 9 11 13 14 16 19 21 22
42 0 1 2 4 9 11 13 14 17 20 21 22
42 0 1 2 4 9 11 13 14 17 20 21 22
42 0 1 2 4 9 11 13 14 17 20 21 22
42 0 1 2 4 9 11 13 15 17 19 20 21
42 0 1 2 4 9 11 13 15 17 19 20 21
42 0 1 2 4 9 11 13 15 17 19 20 21
42 0 1 2 4 9 11 13 15 17 19 20 21
42 0 1 2 4 9 12 13 14 16 18 21 22
42 0 1 2 4 9 12 13 15 17 18 20 21
42 0 1 2 4 9 12 13 15 17 19 21 22
42 0 1 2 4 9 12 14 15 17 19 20 22
42 0 1 2 4 9 13 14 15 17 18 19 20
42 0 1 2 4 9 13 14 15 17 18 19 20
42 0 1 2 4 10 13 14 15 17 18 20 22
42 0 1 2 4 10 14 15 18 19 20 21 22
42 0 1 2 4 10 14 15 18 19 20 21 22
42 0 1 2 9 10 11 13 15 16 19 20 22
42 0 1 3 6 8 10 11 14 18 20 21 22
42 0 1 3 6 8 10 11 15 18 19 20 21
42 0 1 3 6 8 10 11 15 18 19 20 21
42 0 1 3 6 8 10 11 15 18 19 20 21
42 0 1 3 6 8 10 11 15 18 19 20 21
42 0 1 3 6 8 10 11 15 18 19 20 21
42 0 1 3 6 8 11 12 15 17 18 20 21
42 0 1 3 6 8 11 12 15 17 18 20 21
42 0 1 3 6 8 11 12 15 17 18 20 21
42 0 1 3 6 8 11 12 15 17 18 20 21
42 0 1 3 6 8 11 12 15 17 18 20 21
42 0 1 2 3 6 10 14 17 18 20 21 22
42 0 1 2 3 6 10 15 17 18 19 20 21
42 0 1 2 3 6 11 14 16 17 19 21 22
42 0 1 2 3 10 11 13 15 16 19 20 22
42 0 1 2 3 10 11 13 15 16 19 20 22
42 0 1 2 3 10 11 13 15 16 19 20 22
42 0 1 2 3 10 12 14 16 18 19 21 22
42 0 1 2 4 6 8 15 16 18 19 21 22
42 0 1 2 4 6 8 15 16 18 19 21 22
42 0 1 2 4 6 9 13 16 18 20 21 22
42 0 1 2 4 6 9 14 16 18 19 21 22
42 0 1 2 4 6 9 14 16 18 19 21 22
42 0 1 2 4 6 10 15 16 18 19 20 21
42 0 1 2 4 9 11 13 14 17 20 21 22
42 0 1 2 4 9 11 13 14 17 20 21 22
42 0 1 2 4 9 11 13 14 17 20 21 22
42 0 1 2 4 9 11 13 15 17 19 20 21
42 0 1 2 4 9 12 13 15 17 19 21 22
42 0 1 2 4 9 12 13 15 17 19 21 22
42 0 1 2 4 9 13 14 15 17 18 19 20
42 0 1 3 6 8 10 11 15 18 19 20 21
42 0 1 3 6 8 11 12 15 17 18 20 21
42 0 1 3 6 8 11 12 15 17 18 20 21
42 0 1 2 3 6 10 14 17 18 20 21 22
42 0 1 2 3 6 10 15 17 18 19 20 21
42 0 1 2 3 6 10 15 17 18 19 20 21
42 0 1 2 3 10 11 13 15 17 19 20 21
42 0 1 2 3 10 11 13 15 17 19 20 21
42 0 1 2 3 10 11 13 15 18 20 21 22
42 0 1 2 3 10 11 13 15 18 20 21 22
42 0 1 2 3 10 11 13 15 18 20 21 22
42 0 1 2 4 6 8 15 16 18 19 21 22
42 0 1 2 4 6 9 14 16 18 19 21 22
42 0 1 2 4 6 9 15 17 18 19 20 21
42 0 1 2 9 10 11 13 15 16 19 20 22
42 0 1 2 9 10 11 13 15 16 19 20 22
42 0 1 3 6 8 10 12 15 18 19 21 22
42 0 1 2 3 6 11 14 16 17 19 21 22
42 0 1 2 4 10 14 15 18 19 20 21 22
42 0 1 2 9 10 11 12 14 15 16 20 22
42 0 1 2 9 10 11 13 15 16 19 20 22
42 0 1 3 6 8 11 12 15 17 18 20 21
42 0 1 3 6 8 11 12 15 17 18 20 21
42 0 1 2 3 4 6 16 18 19 20 21 22
42 0 1 2 3 4 6 16 18 19 20 21 22
42 0 1 2 3 4 12 13 16 18 20 21 22
42 0 1 2 3 6 9 16 17 18 19 20 21
42 0 1 2 3 6 9 16 17 18 19 20 21
42 0 1 2 3 6 10 12 16 19 20 21 22
42 0 1 2 3 6 10 14 17 18 20 21 22
42 0 1 2 3 10 12 13 15 17 18 20 21
42 0 1 2 4 6 8 15 16 18 19 21 22
42 0 1 2 4 6 9 13 16 18 20 21 22
42 0 1 2 4 9 12 13 15 17 18 20 21
42 0 1 2 9 10 11 12 14 15 16 20 22
42 0 1 2 9 10 11 13 15 16 19 20 22
42 0 1 2 9 10 11 13 15 16 19 20 22
42 0 1 2 3 6 10 12 16 19 20 21 22
42 0 1 2 3 10 11 13 15 18 20 21 22
42 0 1 2 4 6 9 13 16 18 20 21 22
42 0 1 2 4 6 9 14 16 18 19 21 22
42 0 1 2 4 6 10 15 16 18 19 20 21
42 0 1 2 3 6 10 14 17 18 20 21 22
42 0 1 2 3 10 11 13 14 17 20 21 22
42 0 1 2 3 10 12 13 15 17 18 20 21
42 0 1 2 3 6 10 14 16 18 19 21 22
42 0 1 2 3 10 11 13 15 17 19 20 21
42 0 1 2 3 10 11 13 15 18 20 21 22
42 0 1 2 4 9 12 13 15 17 19 21 22
42 0 1 2 4 9 13 14 15 17 18 19 20
42 0 1 3 6 8 10 11 15 18 19 20 21
42 0 1 2 3 10 12 13 15 17 18 20 21
42 0 1 2 4 6 9 15 17 18 19 20 21
42 0 1 2 4 9 10 13 14 18 20 21 22
42 0 1 2 4 9 10 13 14 18 20 21 22
42 0 1 2 4 9 10 13 14 18 20 21 22
42 0 1 2 4 10 13 14 15 17 18 20 22
42 0 1 2 9 10 11 12 14 15 16 20 22
42 0 1 3 6 8 9 12 17 19 20 21 22
42 0 1 3 6 8 10 11 14 18 20 21 22
42 0 1 2 3 6 10 15 17 18 19 20 21
42 0 1 2 3 10 11 13 14 16 19 21 22
42 0 1 2 3 10 11 13 15 17 19 20 21
42 0 1 2 3 10 12 13 14 16 18 21 22
42 0 1 2 4 6 9 14 16 18 19 21 22
42 0 1 2 4 9 11 13 14 16 19 21 22
42 0 1 2 4 9 11 13 14 16 19 21 22
42 0 1 2 4 9 11 13 14 16 19 21 22
42 0 1 2 9 10 11 13 15 16 19 20 22
42 0 1 3 6 8 9 12 17 19 20 21 22
42 0 1 3 6 8 10 11 15 18 19 20 21
42 0 1 3 6 8 10 12 15 18 19 21 22
42 0 1 2 3 4 12 13 16 18 20 21 22
42 0 1 2 3 4 12 14 16 18 19 21 22
42 0 1 2 3 6 10 15 16 18 19 20 22
42 0 1 2 3 6 11 14 16 17 19 21 22
42 0 1 2 3 10 11 13 14 17 20 21 22
42 0 1 2 3 10 11 13 15 16 19 20 22
42 0 1 2 3 10 11 13 15 16 19 20 22
42 0 1 2 3 10 11 13 15 16 19 20 22
42 0 1 2 4 6 9 14 16 18 19 21 22
42 0 1 2 4 6 9 15 17 18 19 20 21
42 0 1 2 4 9 10 13 14 18 20 21 22
42 0 1 2 4 9 11 13 14 17 20 21 22
42 0 1 2 4 9 11 13 15 17 19 20 21
42 0 1 2 4 9 11 13 15 17 19 20 21
42 0 1 2 4 9 12 13 14 16 18 21 22
42 0 1 2 4 9 12 13 15 17 18 20 21
42 0 1 2 4 9 12 13 15 17 19 21 22
42 0 1 2 4 9 13 14 15 17 18 19 20
42 0 1 3 6 8 9 12 17 19 20 21 22
42 0 1 2 3 4 12 14 16 18 19 21 22
42 0 1 2 3 6 10 13 16 18 20 21 22
42 0 1 2 3 6 11 14 16 17 19 21 22
42 0 1 2 3 10 12 13 15 17 18 20 21
42 0 1 2 4 6 10 15 16 18 19 20 21
42 0 1 2 4 6 11 15 16 17 19 20 21
42 0 1 2 3 6 10 15 16 18 19 20 22
42 0 1 2 3 6 9 16 17 18 19 20 21
42 0 1 2 3 6 9 16 17 18 19 20 21
42 0 1 2 3 6 10 14 17 18 20 21 22
42 0 1 2 4 6 9 15 17 18 19 20 21
42 0 1 2 4 9 13 14 15 17 18 19 20
42 0 1 2 4 10 13 14 15 17 18 20 22
42 0 1 3 6 8 10 11 14 18 20 21 22
42 0 1 3 6 8 10 11 15 18 19 20 21
42 0 1 3 6 8 10 11 15 18 19 20 21
42 0 1 3 6 8 10 11 15 18 19 20 21
42 0 1 3 6 8 10 12 15 18 19 21 22
42 0 1 2 3 6 10 15 17 18 19 20 21
42 0 1 2 4 6 9 15 17 18 19 20 21
42 0 1 2 4 6 10 15 16 18 19 20 21
42 0 1 2 4 10 13 14 15 17 18 20 22
42 0 1 2 4 10 13 14 15 17 18 20 22
42 0 1 3 6 8 10 11 14 18 20 21 22
42 0 1 2 3 4 6 16 18 19 20 21 22
42 0 1 2 3 4 12 13 16 18 20 21 22
42 0 1 2 3 4 12 14 16 18 19 21 22
42 0 1 2 3 4 12 14 17 18 20 21 22
42 0 1 2 3 6 10 12 16 19 20 21 22
42 0 1 2 3 6 10 14 16 18 19 21 22
42 0 1 2 3 6 10 15 16 18 19 20 22
42 0 1 2 3 6 10 15 17 18 19 20 21
42 0 1 2 3 6 11 14 16 17 19 21 22
42 0 1 2 3 6 11 14 16 17 19 21 22
42 0 1 2 3 10 11 13 14 16 19 21 22
42 0 1 2 3 10 11 13 15 16 19 20 22
42 0 1 2 3 10 11 13 15 16 19 20 22
42 0 1 2 3 10 11 13 15 17 19 20 21
42 0 1 2 3 10 11 13 15 18 20 21 22
42 0 1 2 3 10 12 13 14 16 18 21 22
42 0 1 2 3 10 12 14 16 18 19 21 22
42 0 1 2 3 10 12 14 16 18 19 21 22
42 0 1 2 4 6 8 15 16 18 19 21 22
42 0 1 2 4 6 9 13 16 18 20 21 22
42 0 1 2 4 6 9 14 16 18 19 21 22
42 0 1 2 4 6 9 14 16 18 19 21 22
42 0 1 2 4 6 9 15 17 18 19 20 21
42 0 1 2 4 6 9 15 17 18 19 20 21
42 0 1 2 4 6 10 15 16 18 19 20 21
42 0 1 2 4 6 10 15 16 18 19 20 21
42 0 1 2 4 6 10 15 16 18 19 20 21
42 0 1 2 4 9 10 13 14 18 20 21 22
42 0 1 2 4 9 11 13 14 16 19 21 22
42 0 1 2 4 9 11 13 14 17 20 21 22
42 0 1 2 4 9 11 13 15 17 19 20 21
42 0 1 2 4 9 12 13 14 16 18 21 22
42 0 1 2 4 9 12 13 14 16 18 21 22
42 0 1 2 9 10 11 12 14 15 16 20 22
42 0 1 3 6 8 10 11 14 18 20 21 22
42 0 1 3 6 8 10 11 15 18 19 20 21
42 0 1 3 6 8 10 12 15 18 19 21 22
42 0 1 2 3 4 12 14 16 18 19 21 22
42 0 1 2 3 6 10 12 16 19 20 21 22
42 0 1 2 3 6 10 14 16 18 19 21 22
42 0 1 2 3 6 10 15 17 18 19 20 21
42 0 1 2 3 6 11 14 16 17 19 21 22
42 0 1 2 3 6 11 14 16 17 19 21 22
42 0 1 2 3 10 11 13 14 16 19 21 22
42 0 1 2 3 10 11 13 14 16 19 21 22
42 0 1 2 3 10 11 13 14 17 20 21 22
42 0 1 2 3 10 11 13 14 17 20 21 22
42 0 1 2 3 10 11 13 15 17 19 20 21
42 0 1 2 3 10 11 13 15 18 20 21 22
42 0 1 2 3 10 12 13 14 16 18 21 22
42 0 1 2 3 10 12 13 14 16 18 21 22
42 0 1 2 3 10 12 13 14 16 18 21 22
42 0 1 2 3 10 12 13 14 16 18 21 22
42 0 1 2 3 10 12 13 14 16 18 21 22
42 0 1 2 3 10 12 14 16 18 19 21 22
42 0 1 2 3 10 12 14 16 18 19 21 22
42 0 1 2 4 6 9 13 16 18 20 21 22
42 0 1 2 4 6 9 13 16 18 20 21 22
42 0 1 2 4 6 9 15 17 18 19 20 21
42 0 1 2 4 6 10 15 16 18 19 20 21
42 0 1 2 4 6 10 15 16 18 19 20 21
42 0 1 2 4 6 11 15 16 17 19 20 21
42 0 1 2 4 6 11 15 16 17 19 20 21
42 0 1 2 4 6 11 15 16 17 19 20 21
42 0 1 2 4 6 11 15 16 17 19 20 21
42 0 1 2 4 6 11 15 16 17 19 20 21
42 0 1 2 4 9 10 13 14 18 20 21 22
42 0 1 2 4 9 11 13 14 16 19 21 22
42 0 1 2 4 9 11 13 15 17 19 20 21
42 0 1 2 4 9 12 13 14 16 18 21 22
42 0 1 2 4 9 12 13 14 16 18 21 22
42 0 1 2 4 9 12 13 14 16 18 21 22
42 0 1 2 4 9 12 13 14 16 18 21 22
42 0 1 2 4 9 12 13 15 17 19 21 22
42 0 1 2 4 9 12 13 15 17 19 21 22
42 0 1 2 4 9 12 13 15 17 19 21 22
42 0 1 2 4 10 13 14 15 17 18 20 22
42 0 1 2 4 10 13 14 15 17 18 20 22
42 0 1 2 4 10 14 15 18 19 20 21 22
42 0 1 2 9 10 11 12 14 15 16 20 22
42 0 1 2 9 10 11 13 15 16 19 20 22
42 0 1 3 6 8 9 12 17 19 20 21 22
42 0 1 3 6 8 10 11 14 18 20 21 22
42 0 1 3 6 8 10 12 15 18 19 21 22
42 0 1 2 3 4 12 14 17 18 20 21 22
42 0 1 2 3 4 12 14 17 18 20 21 22
42 0 1 2 3 4 12 15 16 18 19 20 22
42 0 1 2 3 6 10 12 16 19 20 21 22
42 0 1 2 3 6 10 13 16 18 20 21 22
42 0 1 2 3 6 10 13 16 18 20 21 22
42 0 1 2 3 6 10 14 16 18 19 21 22
42 0 1 2 3 6 10 14 16 18 19 21 22
42 0 1 2 3 6 10 14 17 18 20 21 22
42 0 1 2 3 6 10 15 16 18 19 20 22
42 0 1 2 3 6 11 14 16 17 19 21 22
42 0 1 2 3 10 11 13 14 16 19 21 22
42 0 1 2 3 10 11 13 14 17 20 21 22
42 0 1 2 3 10 11 13 15 16 19 20 22
42 0 1 2 3 10 11 13 15 17 19 20 21
42 0 1 2 4 6 9 13 16 18 20 21 22
42 0 1 2 4 6 9 13 16 18 20 21 22
42 0 1 2 4 6 10 15 16 18 19 20 21
42 0 1 2 4 6 10 15 16 18 19 20 21
42 0 1 2 4 6 10 15 16 18 19 20 21
42 0 1 2 4 6 11 15 16 17 19 20 21
42 0 1 2 4 6 11 15 16 17 19 20 21
42 0 1 2 4 6 11 15 16 17 19 20 21
42 0 1 2 4 6 11 15 16 17 19 20 21
42 0 1 2 4 9 10 13 14 18 20 21 22
42 0 1 2 4 9 10 13 14 18 20 21 22
42 0 1 2 4 9 11 13 14 16 19 21 22
42 0 1 2 4 9 11 13 14 17 20 21 22
42 0 1 2 4 9 12 14 15 17 19 20 22
42 0 1 2 4 9 12 14 15 17 19 20 22
42 0 1 2 4 9 13 14 15 17 18 19 20
42 0 1 2 4 10 13 14 15 17 18 20 22
42 0 1 2 4 10 14 15 18 19 20 21 22
42 0 1 2 9 10 11 13 15 16 19 20 22
42 0 1 2 9 10 11 13 15 16 19 20 22
42 0 1 3 6 8 9 12 17 19 20 21 22
42 0 1 3 6 8 10 11 14 18 20 21 22
42 0 1 3 6 8 10 11 14 18 20 21 22
42 0 1 3 6 8 10 12 15 18 19 21 22
42 0 1 2 4 6 8 15 16 18 19 21 22
42 0 1 2 3 4 6 16 18 19 20 21 22
42 0 1 2 3 4 12 13 16 18 20 21 22
42 0 1 2 3 4 12 13 16 18 20 21 22
42 0 1 2 3 4 12 14 16 18 19 21 22
42 0 1 2 3 4 12 14 17 18 20 21 22
42 0 1 2 3 4 12 15 16 18 19 20 22
42 0 1 2 3 4 12 15 16 18 19 20 22
42 0 1 2 3 4 12 15 16 18 19 20 22
42 0 1 2 3 6 10 14 17 18 20 21 22
42 0 1 2 3 10 11 13 15 16 19 20 22
42 0 1 2 3 10 11 13 15 17 19 20 21
42 0 1 2 3 10 11 13 15 18 20 21 22
42 0 1 2 3 10 12 13 14 16 18 21 22
42 0 1 2 3 10 12 13 14 16 18 21 22
42 0 1 2 3 10 12 13 14 16 18 21 22
42 0 1 2 3 10 12 14 16 18 19 21 22
42 0 1 2 4 6 8 15 16 18 19 21 22
42 0 1 2 4 6 8 15 16 18 19 21 22
42 0 1 2 4 6 8 15 16 18 19 21 22
42 0 1 2 4 6 8 15 16 18 19 21 22
42 0 1 2 4 6 8 15 16 18 19 21 22
42 0 1 2 4 6 8 15 16 18 19 21 22
42 0 1 2 4 6 9 14 16 18 19 21 22
42 0 1 2 4 9 10 13 14 18 20 21 22
42 0 1 2 4 9 12 13 14 16 18 21 22
42 0 1 2 4 9 12 13 14 16 18 21 22
42 0 1 2 4 9 12 13 14 16 18 21 22
42 0 1 2 4 9 12 13 15 17 19 21 22
42 0 1 2 4 9 12 13 15 17 19 21 22
42 0 1 2 4 9 13 14 15 17 18 19 20
42 0 1 2 4 9 13 14 15 17 18 19 20
42 0 1 2 4 10 14 15 18 19 20 21 22
42 0 1 2 9 10 11 12 14 15 16 20 22
42 0 1 2 9 10 11 12 14 15 16 20 22
42 0 1 2 9 10 11 12 14 15 16 20 22
42 0 1 2 9 10 11 12 14 15 16 20 22
42 0 1 2 9 10 11 13 15 16 19 20 22
42 0 1 2 9 10 11 13 15 16 19 20 22
42 0 1 3 6 8 9 12 17 19 20 21 22
42 0 1 2 3 4 6 16 18 19 20 21 22
42 0 1 2 3 4 6 16 18 19 20 21 22
42 0 1 2 3 4 6 16 18 19 20 21 22
42 0 1 2 3 4 12 13 16 18 20 21 22
42 0 1 2 3 4 12 13 16 18 20 21 22
42 0 1 2 3 4 12 14 16 18 19 21 22
42 0 1 2 3 4 12 14 16 18 19 21 22
42 0 1 2 3 4 12 14 16 18 19 21 22
42 0 1 2 3 4 12 14 16 18 19 21 22
42 0 1 2 3 4 12 14 16 18 19 21 22
42 0 1 2 3 4 12 14 17 18 20 21 22
42 0 1 2 3 4 12 14 17 18 20 21 22
42 0 1 2 3 4 12 14 17 18 20 21 22
42 0 1 2 3 4 12 14 17 18 20 21 22
42 0 1 2 3 4 12 14 17 18 20 21 22
42 0 1 2 3 4 12 14 17 18 20 21 22
42 0 1 2 3 4 12 14 17 18 20 21 22
42 0 1 2 3 4 12 15 16 18 19 20 22
42 0 1 2 3 4 12 15 16 18 19 20 22
42 0 1 2 3 4 12 15 16 18 19 20 22
42 0 1 2 3 4 12 15 16 18 19 20 22
42 0 1 2 3 4 12 15 16 18 19 20 22
42 0 1 2 3 6 9 16 17 18 19 20 21
42 0 1 2 3 6 9 16 17 18 19 20 21
42 0 1 2 3 6 9 16 17 18 19 20 21
42 0 1 2 3 6 9 16 17 18 19 20 21
42 0 1 2 3 6 9 16 17 18 19 20 21
42 0 1 2 3 6 9 16 17 18 19 20 21
42 0 1 2 3 6 10 12 16 19 20 21 22
42 0 1 2 3 6 10 12 16 19 20 21 22
42 0 1 2 3 6 10 12 16 19 20 21 22
42 0 1 2 3 6 10 13 16 18 20 21 22
42 0 1 2 3 6 10 13 16 18 20 21 22
42 0 1 2 3 6 10 13 16 18 20 21 22
42 0 1 2 3 6 10 13 16 18 20 21 22
42 0 1 2 3 6 10 13 16 18 20 21 22
42 0 1 2 3 6 10 13 16 18 20 21 22
42 0 1 2 3 6 10 13 16 18 20 21 22
42 0 1 2 3 6 10 13 16 18 20 21 22
42 0 1 2 3 6 10 14 16 18 19 21 22
42 0 1 2 3 6 10 14 16 18 19 21 22
42 0 1 2 3 6 10 14 16 18 19 21 22
42 0 1 2 3 6 10 14 16 18 19 21 22
42 0 1 2 3 6 10 14 16 18 19 21 22
42 0 1 2 3 6 10 14 17 18 20 21 22
42 0 1 2 3 6 10 15 16 18 19 20 22
42 0 1 2 3 6 10 15 16 18 19 20 22
42 0 1 2 3 6 10 15 16 18 19 20 22
42 0 1 2 3 6 10 15 16 18 19 20 22
42 0 1 2 3 6 10 15 16 18 19 20 22
42 0 1 2 3 6 10 15 16 18 19 20 22
42 0 1 2 3 6 10 15 17 18 19 20 21
42 0 1 2 3 6 10 15 17 18 19 20 21
42 0 1 2 3 6 10 15 17 18 19 20 21
42 0 1 2 3 6 10 15 17 18 19 20 21
42 0 1 2 3 6 10 15 17 18 19 20 21
42 0 1 2 3 6 10 15 17 18 19 20 21
42 0 1 2 3 6 11 14 16 17 19 21 22
42 0 1 2 3 6 11 14 16 17 19 21 22
42 0 1 2 3 6 11 14 16 17 19 21 22
42 0 1 2 3 6 11 14 16 17 19 21 22
42 0 1 2 3 6 11 14 16 17 19 21 22
42 0 1 2 3 10 11 13 14 16 19 21 22
42 0 1 2 3 10 11 13 14 16 19 21 22
42 0 1 2 3 10 11 13 14 16 19 21 22
42 0 1 2 3 10 11 13 14 16 19 21 22
42 0 1 2 3 10 11 13 14 16 19 21 22
42 0 1 2 3 10 11 13 14 16 19 21 22
42 0 1 2 3 10 11 13 14 16 19 21 22
42 0 1 2 3 10 11 13 14 17 20 21 22
42 0 1 2 3 10 11 13 14 17 20 21 22
42 0 1 2 3 10 11 13 14 17 20 21 22
42 0 1 2 3 10 11 13 14 17 20 21 22
42 0 1 2 3 10 11 13 14 17 20 21 22
42 0 1 2 3 10 11 13 15 16 19 20 22
42 0 1 2 3 10 11 13 15 16 19 20 22
42 0 1 2 3 10 11 13 15 16 19 20 22
42 0 1 2 3 10 11 13 15 16 19 20 22
42 0 1 2 3 10 11 13 15 16 19 20 22
42 0 1 2 3 10 11 13 15 16 19 20 22
42 0 1 2 3 10 11 13 15 17 19 20 21
42 0 1 2 3 10 11 13 15 17 19 20 21
42 0 1 2 3 10 11 13 15 17 19 20 21
42 0 1 2 3 10 11 13 15 17 19 20 21
42 0 1 2 3 10 11 13 15 17 19 20 21
42 0 1 2 3 10 11 13 15 17 19 20 21
42 0 1 2 3 10 11 13 15 18 20 21 22
42 0 1 2 3 10 11 13 15 18 20 21 22
42 0 1 2 3 10 11 13 15 18 20 21 22
42 0 1 2 3 10 11 13 15 18 20 21 22
42 0 1 2 3 10 12 13 14 16 18 21 22
42 0 1 2 3 10 12 13 14 16 18 21 22
42 0 1 2 3 10 12 13 14 16 18 21 22
42 0 1 2 3 10 12 13 14 16 18 21 22
42 0 1 2 3 10 12 13 15 17 18 20 21
42 0 1 2 3 10 12 13 15 17 18 20 21
42 0 1 2 3 10 12 13 15 17 18 20 21
42 0 1 2 3 10 12 13 15 17 18 20 21
42 0 1 2 3 10 12 13 15 17 18 20 21
42 0 1 2 3 10 12 13 15 17 18 20 21
42 0 1 2 3 10 12 13 15 17 18 20 21
42 0 1 2 3 10 12 14 16 18 19 21 22
42 0 1 2 3 10 12 14 16 18 19 21 22
42 0 1 2 3 10 12 14 16 18 19 21 22
42 0 1 2 3 10 12 14 16 18 19 21 22
42 0 1 2 3 10 12 14 16 18 19 21 22
42 0 1 2 3 10 12 14 16 18 19 21 22
42 0 1 2 4 6 8 15 16 18 19 21 22
42 0 1 2 4 6 8 15 16 18 19 21 22
42 0 1 2 4 6 8 15 16 18 19 21 22
42 0 1 2 4 6 9 13 16 18 20 21 22
42 0 1 2 4 6 9 13 16 18 20 21 22
42 0 1 2 4 6 9 13 16 18 20 21 22
42 0 1 2 4 6 9 14 16 18 19 21 22
42 0 1 2 4 6 9 14 16 18 19 21 22
42 0 1 2 4 6 9 14 16 18 19 21 22
42 0 1 2 4 6 9 14 16 18 19 21 22
42 0 1 2 4 6 9 15 17 18 19 20 21
42 0 1 2 4 6 9 15 17 18 19 20 21
42 0 1 2 4 6 9 15 17 18 19 20 21
42 0 1 2 4 6 9 15 17 18 19 20 21
42 0 1 2 4 6 9 15 17 18 19 20 21
42 0 1 2 4 6 9 15 17 18 19 20 21
42 0 1 2 4 6 9 15 17 18 19 20 21
42 0 1 2 4 6 10 15 16 18 19 20 21
42 0 1 2 4 6 10 15 16 18 19 20 21
42 0 1 2 4 6 10 15 16 18 19 20 21
42 0 1 2 4 6 10 15 16 18 19 20 21
42 0 1 2 4 6 11 15 16 17 19 20 21
42 0 1 2 4 6 11 15 16 17 19 20 21
42 0 1 2 4 6 11 15 16 17 19 20 21
42 0 1 2 4 6 11 15 16 17 19 20 21
42 0 1 2 4 6 11 15 16 17 19 20 21
42 0 1 2 4 9 10 13 14 18 20 21 22
42 0 1 2 4 9 10 13 14 18 20 21 22
42 0 1 2 4 9 10 13 14 18 20 21 22
42 0 1 2 4 9 10 13 14 18 20 21 22
42 0 1 2 4 9 10 13 14 18 20 21 22
42 0 1 2 4 9 10 13 14 18 20 21 22
42 0 1 2 4 9 10 13 14 18 20 21 22
42 0 1 2 4 9 11 13 14 16 19 21 22
42 0 1 2 4 9 11 13 14 16 19 21 22
42 0 1 2 4 9 11 13 14 16 19 21 22
42 0 1 2 4 9 11 13 14 16 19 21 22
42 0 1 2 4 9 11 13 14 16 19 21 22
42 0 1 2 4 9 11 13 14 16 19 21 22
42 0 1 2 4 9 11 13 14 17 20 21 22
42 0 1 2 4 9 11 13 14 17 20 21 22
42 0 1 2 4 9 11 13 15 17 19 20 21
42 0 1 2 4 9 11 13 15 17 19 20 21
42 0 1 2 4 9 11 13 15 17 19 20 21
42 0 1 2 4 9 11 13 15 17 19 20 21
42 0 1 2 4 9 12 13 14 16 18 21 22
42 0 1 2 4 9 12 13 14 16 18 21 22
42 0 1 2 4 9 12 13 14 16 18 21 22
42 0 1 2 4 9 12 13 14 16 18 21 22
42 0 1 2 4 9 12 13 14 16 18 21 22
42 0 1 2 4 9 12 13 14 16 18 21 22
42 0 1 2 4 9 12 13 15 17 18 20 21
42 0 1 2 4 9 12 13 15 17 18 20 21
42 0 1 2 4 9 12 13 15 17 18 20 21
42 0 1 2 4 9 12 13 15 17 18 20 21
42 0 1 2 4 9 12 13 15 17 18 20 21
42 0 1 2 4 9 12 13 15 17 18 20 21
42 0 1 2 4 9 12 13 15 17 18 20 21
42 0 1 2 4 9 12 13 15 17 19 21 22
42 0 1 2 4 9 12 13 15 17 19 21 22
42 0 1 2 4 9 12 13 15 17 19 21 22
42 0 1 2 4 9 12 13 15 17 19 21 22
42 0 1 2 4 9 12 14 15 17 19 20 22
42 0 1 2 4 9 12 14 15 17 19 20 22
42 0 1 2 4 9 12 14 15 17 19 20 22
42 0 1 2 4 9 12 14 15 17 19 20 22
42 0 1 2 4 9 13 14 15 17 18 19 20
42 0 1 2 4 9 13 14 15 17 18 19 20
42 0 1 2 4 9 13 14 15 17 18 19 20
42 0 1 2 4 9 13 14 15 17 18 19 20
42 0 1 2 4 10 13 14 15 17 18 20 22
42 0 1 2 4 10 13 14 15 17 18 20 22
42 0 1 2 4 10 14 15 18 19 20 21 22
42 0 1 2 9 10 11 12 14 15 16 20 22
42 0 1 2 9 10 11 12 14 15 16 20 22
42 0 1 2 9 10 11 12 14 15 16 20 22
42 0 1 2 9 10 11 12 14 15 16 20 22
42 0 1 2 9 10 11 13 15 16 19 20 22
42 0 1 2 9 10 11 13 15 16 19 20 22
42 0 1 2 9 10 11 13 15 16 19 20 22
42 0 1 2 9 10 11 13 15 16 19 20 22
42 0 1 2 9 10 11 13 15 16 19 20 22
42 0 1 3 6 8 9 12 17 19 20 21 22
42 0 1 3 6 8 9 12 17 19 20 21 22
42 0 1 3 6 8 9 12 17 19 20 21 22
42 0 1 3 6 8 9 12 17 19 20 21 22
42 0 1 3 6 8 9 12 17 19 20 21 22
42 0 1 3 6 8 9 12 17 19 20 21 22
42 0 1 3 6 8 10 11 15 18 19 20 21
42 0 1 3 6 8 10 11 15 18 19 20 21
42 0 1 3 6 8 10 11 15 18 19 20 21
42 0 1 3 6 8 10 12 15 18 19 21 22
42 0 1 3 6 8 10 12 15 18 19 21 22
42 0 1 3 6 8 10 12 15 18 19 21 22
42 0 1 3 6 8 11 12 15 17 18 20 21
42 0 1 3 6 8 11 12 15 17 18 20 21
42 0 1 3 6 8 11 12 15 17 18 20 21
42 0 1 3 6 8 11 12 15 17 18 20 21
42 0 1 3 6 8 11 12 15 17 18 20 21
42 0 1 3 6 8 11 12 15 17 18 20 21
42 0 1 3 6 8 11 12 15 17 18 20 21
42 0 1 3 6 8 11 12 15 17 18 20 21
42 0 1 2 3 4 6 16 18 19 20 21 22
42 0 1 2 3 4 6 16 18 19 20 21 22
42 0 1 2 3 4 6 16 18 19 20 21 22
42 0 1 2 3 4 6 16 18 19 20 21 22
42 0 1 2 3 4 6 16 18 19 20 21 22
42 0 1 2 3 4 6 16 18 19 20 21 22
42 0 1 2 3 4 6 16 18 19 20 21 22
42 0 1 2 3 4 6 16 18 19 20 21 22
42 0 1 2 3 4 6 16 18 19 20 21 22
42 0 1 2 3 4 6 16 18 19 20 21 22
42 0 1 2 3 4 12 13 16 18 20 21 22
42 0 1 2 3 4 12 13 16 18 20 21 22
42 0 1 2 3 4 12 13 16 18 20 21 22
42 0 1 2 3 4 12 13 16 18 20 21 22
42 0 1 2 3 4 12 13 16 18 20 21 22
42 0 1 2 3 4 12 13 16 18 20 21 22
42 0 1 2 3 4 12 13 16 18 20 21 22
42 0 1 2 3 4 12 13 16 18 20 21 22
42 0 1 2 3 4 12 13 16 18 20 21 22
42 0 1 2 3 4 12 13 16 18 20 21 22
42 0 1 2 3 4 12 14 16 18 19 21 22
42 0 1 2 3 4 12 14 16 18 19 21 22
42 0 1 2 3 4 12 14 16 18 19 21 22
42 0 1 2 3 4 12 14 16 18 19 21 22
42 0 1 2 3 4 12 14 16 18 19 21 22
42 0 1 2 3 4 12 14 16 18 19 21 22
42 0 1 2 3 4 12 14 17 18 20 21 22
42 0 1 2 3 4 12 14 17 18 20 21 22
42 0 1 2 3 4 12 14 17 18 20 21 22
42 0 1 2 3 4 12 14 17 18 20 21 22
42 0 1 2 3 4 12 14 17 18 20 21 22
42 0 1 2 3 4 12 14 17 18 20 21 22
42 0 1 2 3 4 12 14 17 18 20 21 22
42 0 1 2 3 4 12 15 16 18 19 20 22
42 0 1 2 3 4 12 15 16 18 19 20 22
42 0 1 2 3 4 12 15 16 18 19 20 22
42 0 1 2 3 4 12 15 16 18 19 20 22
42 0 1 2 3 4 12 15 16 18 19 20 22
42 0 1 2 3 4 12 15 16 18 19 20 22
42 0 1 2 3 4 12 15 16 18 19 20 22
42 0 1 2 3 6 9 16 17 18 19 20 21
42 0 1 2 3 6 9 16 17 18 19 20 21
42 0 1 2 3 6 9 16 17 18 19 20 21
42 0 1 2 3 6 9 16 17 18 19 20 21
42 0 1 2 3 6 9 16 17 18 19 20 21
42 0 1 2 3 6 9 16 17 18 19 20 21
42 0 1 2 3 6 9 16 17 18 19 20 21
42 0 1 2 3 6 9 16 17 18 19 20 21
42 0 1 2 3 6 9 16 17 18 19 20 21
42 0 1 2 3 6 9 16 17 18 19 20 21
42 0 1 2 3 6 10 12 16 19 20 21 22
42 0 1 2 3 6 10 12 16 19 20 21 22
42 0 1 2 3 6 10 12 16 19 20 21 22
42 0 1 2 3 6 10 12 16 19 20 21 22
42 0 1 2 3 6 10 12 16 19 20 21 22
42 0 1 2 3 6 10 13 16 18 20 21 22
42 0 1 2 3 6 10 13 16 18 20 21 22
42 0 1 2 3 6 10 13 16 18 20 21 22
42 0 1 2 3 6 10 14 16 18 19 21 22
42 0 1 2 3 6 10 14 16 18 19 21 22
42 0 1 2 3 6 10 14 16 18 19 21 22
42 0 1 2 3 6 10 14 16 18 19 21 22
42 0 1 2 3 6 10 14 17 18 20 21 22
42 0 1 2 3 6 10 14 17 18 20 21 22
42 0 1 2 3 6 10 14 17 18 20 21 22
42 0 1 2 3 6 10 14 17 18 20 21 22
42 0 1 2 3 6 10 14 17 18 20 21 22
42 0 1 2 3 6 10 14 17 18 20 21 22
42 0 1 2 3 6 10 15 16 18 19 20 22
42 0 1 2 3 6 10 15 16 18 19 20 22
42 0 1 2 3 6 10 15 16 18 19 20 22
42 0 1 2 3 6 10 15 16 18 19 20 22
42 0 1 2 3 6 10 15 17 18 19 20 21
42 0 1 2 3 6 10 15 17 18 19 20 21
42 0 1 2 3 6 10 15 17 18 19 20 21
42 0 1 2 3 6 10 15 17 18 19 20 21
42 0 1 2 3 6 11 14 16 17 19 21 22
42 0 1 2 3 10 11 13 14 16 19 21 22
42 0 1 2 3 10 11 13 14 16 19 21 22
42 0 1 2 3 10 11 13 14 16 19 21 22
42 0 1 2 3 10 11 13 14 16 19 21 22
42 0 1 2 3 10 11 13 14 17 20 21 22
42 0 1 2 3 10 11 13 14 17 20 21 22
42 0 1 2 3 10 11 13 14 17 20 21 22
42 0 1 2 3 10 11 13 14 17 20 21 22
42 0 1 2 3 10 11 13 14 17 20 21 22
42 0 1 2 3 10 11 13 15 16 19 20 22
42 0 1 2 3 10 11 13 15 16 19 20 22
42 0 1 2 3 10 11 13 15 17 19 20 21
42 0 1 2 3 10 11 13 15 17 19 20 21
42 0 1 2 3 10 11 13 15 18 20 21 22
42 0 1 2 3 10 11 13 15 18 20 21 22
42 0 1 2 3 10 11 13 15 18 20 21 22
42 0 1 2 3 10 12 13 14 16 18 21 22
42 0 1 2 3 10 12 13 14 16 18 21 22
42 0 1 2 3 10 12 13 14 16 18 21 22
42 0 1 2 3 10 12 13 14 16 18 21 22
42 0 1 2 3 10 12 13 15 17 18 20 21
42 0 1 2 3 10 12 13 15 17 18 20 21
42 0 1 2 3 10 12 13 15 17 18 20 21
42 0 1 2 4 6 8 15 16 18 19 21 22
42 0 1 2 4 6 8 15 16 18 19 21 22
42 0 1 2 4 6 9 13 16 18 20 21 22
42 0 1 2 4 6 9 13 16 18 20 21 22
42 0 1 2 4 6 9 13 16 18 20 21 22
42 0 1 2 4 6 9 13 16 18 20 21 22
42 0 1 2 4 6 9 13 16 18 20 21 22
42 0 1 2 4 6 9 13 16 18 20 21 22
42 0 1 2 4 6 9 14 16 18 19 21 22
42 0 1 2 4 6 9 14 16 18 19 21 22
42 0 1 2 4 6 9 14 16 18 19 21 22
42 0 1 2 4 6 9 14 16 18 19 21 22
42 0 1 2 4 6 9 15 17 18 19 20 21
42 0 1 2 4 6 10 15 16 18 19 20 21
42 0 1 2 4 6 10 15 16 18 19 20 21
42 0 1 2 4 6 10 15 16 18 19 20 21
42 0 1 2 4 6 10 15 16 18 19 20 21
42 0 1 2 4 6 10 15 16 18 19 20 21
42 0 1 2 4 6 11 15 16 17 19 20 21
42 0 1 2 4 6 11 15 16 17 19 20 21
42 0 1 2 4 6 11 15 16 17 19 20 21
42 0 1 2 4 6 11 15 16 17 19 20 21
42 0 1 2 4 6 11 15 16 17 19 20 21
42 0 1 2 4 6 11 15 16 17 19 20 21
42 0 1 2 4 6 11 15 16 17 19 20 21
42 0 1 2 4 9 10 13 14 18 20 21 22
42 0 1 2 4 9 10 13 14 18 20 21 22
42 0 1 2 4 9 11 13 14 16 19 21 22
42 0 1 2 4 9 11 13 14 16 19 21 22
42 0 1 2 4 9 11 13 14 17 20 21 22
42 0 1 2 4 9 11 13 14 17 20 21 22
42 0 1 2 4 9 11 13 14 17 20 21 22
42 0 1 2 4 9 11 13 14 17 20 21 22
42 0 1 2 4 9 11 13 14 17 20 21 22
42 0 1 2 4 9 11 13 15 17 19 20 21
42 0 1 2 4 9 11 13 15 17 19 20 21
42 0 1 2 4 9 11 13 15 17 19 20 21
42 0 1 2 4 9 12 13 14 16 18 21 22
42 0 1 2 4 9 12 13 15 17 19 21 22
42 0 1 2 4 9 12 13 15 17 19 21 22
42 0 1 2 4 9 12 14 15 17 19 20 22
42 0 1 2 4 9 12 14 15 17 19 20 22
42 0 1 2 4 9 12 14 15 17 19 20 22
42 0 1 2 4 9 13 14 15 17 18 19 20
42 0 1 2 4 10 13 14 15 17 18 20 22
42 0 1 2 4 10 13 14 15 17 18 20 22
42 0 1 2 4 10 13 14 15 17 18 20 22
42 0 1 2 4 10 13 14 15 17 18 20 22
42 0 1 2 4 10 13 14 15 17 18 20 22
42 0 1 2 4 10 13 14 15 17 18 20 22
42 0 1 2 4 10 14 15 18 19 20 21 22
42 0 1 2 4 10 14 15 18 19 20 21 22
42 0 1 2 4 10 14 15 18 19 20 21 22
42 0 1 2 9 10 11 12 14 15 16 20 22
42 0 1 2 9 10 11 12 14 15 16 20 22
42 0 1 2 9 10 11 12 14 15 16 20 22
42 0 1 2 9 10 11 12 14 15 16 20 22
42 0 1 3 6 8 9 12 17 19 20 21 22
42 0 1 3 6 8 9 12 17 19 20 21 22
42 0 1 3 6 8 9 12 17 19 20 21 22
42 0 1 3 6 8 9 12 17 19 20 21 22
42 0 1 3 6 8 9 12 17 19 20 21 22
42 0 1 3 6 8 9 12 17 19 20 21 22
42 0 1 3 6 8 9 12 17 19 20 21 22
42 0 1 3 6 8 10 11 14 18 20 21 22
42 0 1 3 6 8 10 11 14 18 20 21 22
42 0 1 3 6 8 10 11 14 18 20 21 22
42 0 1 3 6 8 10 12 15 18 19 21 22
42 0 1 3 6 8 10 12 15 18 19 21 22
42 0 1 3 6 8 10 12 15 18 19 21 22
42 0 1 2 3 4 6 16 18 19 20 21 22
42 0 1 2 3 4 6 16 18 19 20 21 22
42 0 1 2 3 4 6 16 18 19 20 21 22
42 0 1 2 3 4 6 16 18 19 20 21 22
42 0 1 2 3 4 6 16 18 19 20 21 22
42 0 1 2 3 4 12 13 16 18 20 21 22
42 0 1 2 3 4 12 13 16 18 20 21 22
42 0 1 2 3 4 12 13 16 18 20 21 22
42 0 1 2 3 4 12 13 16 18 20 21 22
42 0 1 2 3 4 12 13 16 18 20 21 22
42 0 1 2 3 4 12 14 16 18 19 21 22
42 0 1 2 3 4 12 14 16 18 19 21 22
42 0 1 2 3 4 12 14 16 18 19 21 22
42 0 1 2 3 4 12 14 16 18 19 21 22
42 0 1 2 3 4 12 14 17 18 20 21 22
42 0 1 2 3 4 12 14 17 18 20 21 22
42 0 1 2 3 4 12 14 17 18 20 21 22
42 0 1 2 3 4 12 14 17 18 20 21 22
42 0 1 2 3 4 12 14 17 18 20 21 22
42 0 1 2 3 4 12 15 16 18 19 20 22
42 0 1 2 3 4 12 15 16 18 19 20 22
42 0 1 2 3 4 12 15 16 18 19 20 22
42 0 1 2 3 4 12 15 16 18 19 20 22
42 0 1 2 3 4 12 15 16 18 19 20 22
42 0 1 2 3 6 9 16 17 18 19 20 21
42 0 1 2 3 6 10 12 16 19 20 21 22
42 0 1 2 3 6 10 12 16 19 20 21 22
42 0 1 2 3 6 10 12 16 19 20 21 22
42 0 1 2 3 6 10 12 16 19 20 21 22
42 0 1 2 3 6 10 12 16 19 20 21 22
42 0 1 2 3 6 10 13 16 18 20 21 22
42 0 1 2 3 6 10 13 16 18 20 21 22
42 0 1 2 3 6 10 13 16 18 20 21 22
42 0 1 2 3 6 10 13 16 18 20 21 22
42 0 1 2 3 6 10 13 16 18 20 21 22
42 0 1 2 3 6 10 14 16 18 19 21 22
42 0 1 2 3 6 10 14 16 18 19 21 22
42 0 1 2 3 6 10 14 16 18 19 21 22
42 0 1 2 3 6 10 14 16 18 19 21 22
42 0 1 2 3 6 10 14 16 18 19 21 22
42 0 1 2 3 6 10 14 16 18 19 21 22
42 0 1 2 3 6 10 14 17 18 20 21 22
42 0 1 2 3 6 10 14 17 18 20 21 22
42 0 1 2 3 6 10 14 17 18 20 21 22
42 0 1 2 3 6 10 14 17 18 20 21 22
42 0 1 2 3 6 10 15 16 18 19 20 22
42 0 1 2 3 6 10 15 16 18 19 20 22
42 0 1 2 3 6 10 15 16 18 19 20 22
42 0 1 2 3 6 10 15 17 18 19 20 21
42 0 1 2 3 6 10 15 17 18 19 20 21
42 0 1 2 3 6 11 14 16 17 19 21 22
42 0 1 2 3 6 11 14 16 17 19 21 22
42 0 1 2 3 6 11 14 16 17 19 21 22
42 0 1 2 3 6 11 14 16 17 19 21 22
42 0 1 2 3 6 11 14 16 17 19 21 22
42 0 1 2 3 6 11 14 16 17 19 21 22
42 0 1 2 3 6 11 14 16 17 19 21 22
42 0 1 2 3 6 11 14 16 17 19 21 22
42 0 1 2 3 10 11 13 14 17 20 21 22
42 0 1 2 3 10 11 13 14 17 20 21 22
42 0 1 2 3 10 11 13 14 17 20 21 22
42 0 1 2 3 10 11 13 14 17 20 21 22
42 0 1 2 3 10 11 13 15 16 19 20 22
42 0 1 2 3 10 11 13 15 16 19 20 22
42 0 1 2 3 10 11 13 15 16 19 20 22
42 0 1 2 3 10 11 13 15 17 19 20 21
42 0 1 2 3 10 11 13 15 17 19 20 21
42 0 1 2 3 10 11 13 15 17 19 20 21
42 0 1 2 3 10 11 13 15 17 19 20 21
42 0 1 2 3 10 11 13 15 18 20 21 22
42 0 1 2 3 10 11 13 15 18 20 21 22
42 0 1 2 3 10 11 13 15 18 20 21 22
42 0 1 2 3 10 11 13 15 18 20 21 22
42 0 1 2 3 10 11 13 15 18 20 21 22
42 0 1 2 3 10 12 13 14 16 18 21 22
42 0 1 2 3 10 12 13 15 17 18 20 21
42 0 1 2 3 10 12 13 15 17 18 20 21
42 0 1 2 3 10 12 13 15 17 18 20 21
42 0 1 2 3 10 12 13 15 17 18 20 21
42 0 1 2 3 10 12 14 16 18 19 21 22
42 0 1 2 3 10 12 14 16 18 19 21 22
42 0 1 2 4 6 8 15 16 18 19 21 22
42 0 1 2 4 6 9 13 16 18 20 21 22
42 0 1 2 4 6 9 13 16 18 20 21 22
42 0 1 2 4 6 10 15 16 18 19 20 21
42 0 1 2 4 6 11 15 16 17 19 20 21
42 0 1 2 4 9 10 13 14 18 20 21 22
42 0 1 2 4 9 10 13 14 18 20 21 22
42 0 1 2 4 9 10 13 14 18 20 21 22
42 0 1 2 4 9 11 13 14 16 19 21 22
42 0 1 2 4 9 11 13 14 16 19 21 22
42 0 1 2 4 9 11 13 14 16 19 21 22
42 0 1 2 4 9 11 13 14 17 20 21 22
42 0 1 2 4 9 11 13 14 17 20 21 22
42 0 1 2 4 9 11 13 14 17 20 21 22
42 0 1 2 4 9 11 13 14 17 20 21 22
42 0 1 2 4 9 11 13 14 17 20 21 22
42 0 1 2 4 9 11 13 15 17 19 20 21
42 0 1 2 4 9 11 13 15 17 19 20 21
42 0 1 2 4 9 11 13 15 17 19 20 21
42 0 1 2 4 9 12 13 14 16 18 21 22
42 0 1 2 4 9 12 13 15 17 18 20 21
42 0 1 2 4 9 12 13 15 17 19 21 22
42 0 1 2 4 9 12 13 15 17 19 21 22
42 0 1 2 4 9 12 13 15 17 19 21 22
42 0 1 2 4 9 12 13 15 17 19 21 22
42 0 1 2 4 9 12 14 15 17 19 20 22
42 0 1 2 4 9 13 14 15 17 18 19 20
42 0 1 2 4 10 13 14 15 17 18 20 22
42 0 1 2 4 10 13 14 15 17 18 20 22
42 0 1 2 4 10 13 14 15 17 18 20 22
42 0 1 2 4 10 14 15 18 19 20 21 22
42 0 1 2 4 10 14 15 18 19 20 21 22
42 0 1 2 4 10 14 15 18 19 20 21 22
42 0 1 2 4 10 14 15 18 19 20 21 22
42 0 1 2 4 10 14 15 18 19 20 21 22
42 0 1 2 4 10 14 15 18 19 20 21 22
42 0 1 2 4 10 14 15 18 19 20 21 22
42 0 1 2 4 10 14 15 18 19 20 21 22
42 0 1 2 9 10 11 12 14 15 16 20 22
42 0 1 2 9 10 11 12 14 15 16 20 22
42 0 1 2 9 10 11 12 14 15 16 20 22
42 0 1 3 6 8 9 12 17 19 20 21 22
42 0 1 3 6 8 9 12 17 19 20 21 22
42 0 1 3 6 8 10 11 14 18 20 21 22
42 0 1 2 3 4 6 16 18 19 20 21 22
42 0 1 2 3 4 12 14 16 18 19 21 22
42 0 1 2 3 4 12 14 16 18 19 21 22
42 0 1 2 3 4 12 14 16 18 19 21 22
42 0 1 2 3 4 12 15 16 18 19 20 22
42 0 1 2 3 4 12 15 16 18 19 20 22
42 0 1 2 3 6 10 12 16 19 20 21 22
42 0 1 2 3 6 10 12 16 19 20 21 22
42 0 1 2 3 6 10 12 16 19 20 21 22
42 0 1 2 3 6 10 12 16 19 20 21 22
42 0 1 2 3 6 10 12 16 19 20 21 22
42 0 1 2 3 6 10 13 16 18 20 21 22
42 0 1 2 3 6 10 13 16 18 20 21 22
42 0 1 2 3 6 10 13 16 18 20 21 22
42 0 1 2 3 6 10 14 16 18 19 21 22
42 0 1 2 3 6 10 14 17 18 20 21 22
42 0 1 2 3 6 10 14 17 18 20 21 22
42 0 1 2 3 6 10 14 17 18 20 21 22
42 0 1 2 3 6 10 15 16 18 19 20 22
42 0 1 2 3 6 10 15 16 18 19 20 22
42 0 1 2 3 6 10 15 16 18 19 20 22
42 0 1 2 3 10 11 13 14 16 19 21 22
42 0 1 2 3 10 11 13 14 16 19 21 22
42 0 1 2 3 10 11 13 14 17 20 21 22
42 0 1 2 3 10 11 13 15 16 19 20 22
42 0 1 2 3 10 11 13 15 17 19 20 21
42 0 1 2 3 10 11 13 15 17 19 20 21
42 0 1 2 3 10 11 13 15 18 20 21 22
42 0 1 2 3 10 11 13 15 18 20 21 22
42 0 1 2 3 10 11 13 15 18 20 21 22
42 0 1 2 3 10 12 13 15 17 18 20 21
42 0 1 2 4 6 9 13 16 18 20 21 22
42 0 1 2 4 6 9 15 17 18 19 20 21
42 0 1 2 4 9 10 13 14 18 20 21 22
42 0 1 2 4 9 10 13 14 18 20 21 22
42 0 1 2 4 9 11 13 14 16 19 21 22
42 0 1 2 4 9 11 13 15 17 19 20 21
42 0 1 2 4 9 12 13 15 17 18 20 21
42 0 1 2 4 9 12 13 15 17 18 20 21
42 0 1 2 4 9 13 14 15 17 18 19 20
