40
40
39
39
39
39
36
37
37
38
24
26
28
29
33
33
33
37
37
37
37
38
38
23
23
24
26
28
28
28
29
31
31
31
31
35
35
36
36
38
38
38
39
39
39
39
39
39
40
40
40
40
33
34
36
13
34
39
39
1
1
10
14
14
22
22
26
27
29
29
30
30
35
35
36
37
37
37
37
6
14
14
14
17
17
18
18
20
20
20
20
21
21
23
23
24
24
24
25
26
26
27
27
27
27
27
27
27
27
28
28
29
31
31
31
31
32
32
32
32
34
34
35
36
36
36
36
37
38
38
38
38
4
5
7
14
14
18
19
24
24
26
28
29
31
31
32
32
34
34
36
36
37
38
38
40
40
9
11
14
14
16
17
17
17
18
20
20
22
23
24
24
25
27
28
29
29
29
29
30
31
32
34
34
34
35
36
37
37
37
40
40
40
5
9
9
10
11
12
13
15
15
16
17
17
20
20
20
22
23
24
26
26
26
26
27
27
28
29
29
30
30
30
30
30
30
31
31
32
32
33
33
36
36
37
37
38
38
38
38
2
2
2
5
7
9
12
12
13
17
18
19
22
22
23
27
28
28
31
31
32
33
34
34
37
37
38
38
38
38
38
38
39
39
39
39
39
39
39
39
39
39
40
40
40
40
40
5
5
9
12
17
18
19
25
25
27
28
31
32
33
33
33
37
4
7
9
10
18
18
23
26
28
28
32
33
33
40
40
2
23
12
16
16
11
11
21
25
26
6
24
28
34
35
35
4
9
13
14
15
15
24
25
33
35
36
9
10
12
12
17
21
22
30
35
6
13
23
24
24
30
35
1
1
1
1
19
4
18
6
7
10
10
15
16
17
19
19
21
21
21
21
22
22
23
24
25
25
30
34
36
6
6
8
8
10
10
10
10
13
13
16
17
18
21
22
22
25
26
28
29
34
34
35
36
4
6
7
7
8
8
8
13
13
15
16
18
18
19
19
21
21
22
22
23
23
34
35
36
3
3
20
20
32
1
5
8
8
8
9
11
15
15
16
19
20
20
20
20
20
20
31
32
33
33
33
2
2
3
3
3
4
5
5
5
5
6
6
6
6
7
7
7
7
8
8
8
8
9
9
9
10
10
10
11
11
12
12
12
14
14
14
14
15
15
16
16
16
17
17
18
19
19
19
20
20
20
21
21
21
22
22
22
22
24
25
25
25
26
26
26
27
28
28
29
29
30
30
30
31
32
32
32
33
33
33
33
34
34
34
35
35
1
1
1
1
1
1
1
1
2
2
2
2
2
2
2
2
2
2
2
3
3
3
3
3
3
3
4
4
4
4
4
4
4
4
4
4
5
5
5
5
5
6
6
6
6
6
6
6
7
7
7
7
7
7
7
7
8
8
8
8
8
8
8
8
8
9
9
9
9
9
9
9
10
10
10
10
10
11
11
11
11
11
11
11
12
12
12
12
12
12
12
13
13
13
13
13
13
13
13
14
14
14
14
14
15
15
15
15
15
15
15
15
15
15
16
16
16
16
16
16
16
17
17
17
17
18
18
18
18
19
19
19
19
19
19
20
20
21
21
22
22
22
23
23
23
23
23
23
23
24
24
24
24
24
24
25
25
26
26
27
27
28
29
29
30
30
30
31
32
32
32
33
34
34
35
35
35
35
35
36
36
1
1
1
1
1
1
2
2
2
2
2
3
3
3
3
3
3
3
4
4
5
5
5
5
5
5
5
6
6
7
7
7
7
8
9
9
10
10
11
11
11
11
11
11
11
11
12
12
12
12
13
13
13
13
14
15
15
16
16
16
17
17
17
17
18
18
18
18
18
19
19
21
21
21
21
22
23
25
25
25
25
25
26
26
26
27
27
27
27
28
28
28
29
29
29
30
30
30
31
31
32
32
33
34
35
36
36
37
37
40
40
40
40
1
3
3
3
4
4
4
4
6
6
9
10
10
12
13
14
14
16
19
19
21
21
22
23
25
25
25
26
27
29
29
30
31
35
